67.4400 0.0000 6429.7000 0.0000 0.0000 356.6228 0.0000 0.0000 0.0000 0.0000 0.0000 0.0000 0.0000 0.0000 0.0000 0.0000 0.0000 0.0000 0.0000 0.0000 3838.8140 0.0000 0.0000 0.0000 698.0000 0.0000 0.0000 2537.3196 0.0000 0.0000 
67.4400 0.0000 0.0000 0.0000 0.0000 7307.3000 0.0000 0.0000 0.0000 0.0000 0.0000 0.0000 0.0000 0.0000 0.0000 0.0000 0.0000 0.0000 0.0000 0.0000 3838.8140 0.0000 0.0000 0.0000 736.6228 0.0000 0.0000 2537.3196 0.0000 3173.3000 
67.4400 0.0000 6429.7000 0.0000 0.0000 356.6228 0.0000 4627.6000 0.0000 0.0000 0.0000 0.0000 0.0000 0.0000 0.0000 0.0000 0.0000 0.0000 0.0000 0.0000 3838.8140 0.0000 0.0000 0.0000 698.0000 0.0000 0.0000 2537.3196 0.0000 0.0000 
67.4400 0.0000 0.0000 0.0000 0.0000 7307.3000 0.0000 0.0000 0.0000 0.0000 0.0000 0.0000 3173.3000 0.0000 0.0000 0.0000 0.0000 0.0000 0.0000 0.0000 3838.8140 0.0000 0.0000 0.0000 934.6228 0.0000 0.0000 2537.3196 0.0000 3173.3000 
67.4400 0.0000 0.0000 0.0000 0.0000 7543.9227 0.0000 4627.6000 0.0000 0.0000 0.0000 0.0000 3173.3000 0.0000 0.0000 0.0000 0.0000 0.0000 0.0000 0.0000 3838.8140 0.0000 0.0000 0.0000 698.0000 0.0000 0.0000 2537.3196 0.0000 0.0000 
67.4400 0.0000 0.0000 0.0000 0.0000 7307.3000 0.0000 0.0000 0.0000 0.0000 0.0000 0.0000 3173.3000 0.0000 0.0000 7127.7000 0.0000 0.0000 0.0000 0.0000 3838.8140 0.0000 0.0000 0.0000 698.0000 0.0000 0.0000 2537.3196 0.0000 0.0000 
67.4400 0.0000 0.0000 0.0000 0.0000 7307.3000 0.0000 0.0000 0.0000 0.0000 0.0000 0.0000 3173.3000 0.0000 0.0000 7793.2140 0.0000 0.0000 0.0000 0.0000 3838.8140 0.0000 0.0000 0.0000 698.0000 0.0000 0.0000 2537.3196 0.0000 3173.3000 
67.4400 0.0000 0.0000 0.0000 0.0000 7543.9227 0.0000 2830.7000 0.0000 0.0000 0.0000 0.0000 3173.3000 0.0000 0.0000 7793.2140 0.0000 0.0000 0.0000 0.0000 4075.4368 0.0000 0.0000 0.0000 934.6228 0.0000 0.0000 2537.3196 0.0000 3173.3000 
67.4400 0.0000 6429.7000 0.0000 0.0000 356.6228 0.0000 0.0000 3173.3000 0.0000 7570.1000 0.0000 3173.3000 0.0000 0.0000 7127.7000 0.0000 0.0000 0.0000 0.0000 3838.8140 0.0000 0.0000 0.0000 698.0000 0.0000 0.0000 2537.3196 0.0000 0.0000 
67.4400 0.0000 6429.7000 0.0000 0.0000 356.6228 0.0000 0.0000 3173.3000 0.0000 5065.1000 0.0000 3173.3000 0.0000 0.0000 7127.7000 0.0000 3775.7140 0.0000 0.0000 4075.4368 0.0000 0.0000 0.0000 698.0000 0.0000 0.0000 2537.3196 0.0000 0.0000 
67.4400 0.0000 6429.7000 0.0000 0.0000 356.6228 0.0000 0.0000 3173.3000 0.0000 7570.1000 0.0000 3173.3000 0.0000 0.0000 5924.7228 0.0000 3775.7140 0.0000 0.0000 4075.4368 0.0000 0.0000 0.0000 698.0000 0.0000 0.0000 2537.3196 0.0000 0.0000 
67.4400 0.0000 6429.7000 0.0000 0.0000 356.6228 0.0000 0.0000 3173.3000 0.0000 7570.1000 0.0000 3173.3000 0.0000 0.0000 7127.7000 0.0000 3775.7140 0.0000 0.0000 4075.4368 0.0000 0.0000 0.0000 698.0000 0.0000 0.0000 2537.3196 0.0000 0.0000 
1704.8856 0.0000 6429.7000 0.0000 0.0000 356.6228 0.0000 0.0000 3173.3000 0.0000 7570.1000 0.0000 3173.3000 0.0000 0.0000 7127.7000 0.0000 3775.7140 0.0000 0.0000 4075.4368 0.0000 0.0000 0.0000 934.6228 0.0000 0.0000 2537.3196 0.0000 5753.3000 
67.4400 0.0000 6429.7000 0.0000 0.0000 7543.9227 0.0000 0.0000 3173.3000 0.0000 7570.1000 0.0000 3173.3000 0.0000 0.0000 7127.7000 0.0000 3775.7140 0.0000 0.0000 4075.4368 0.0000 0.0000 0.0000 765.4400 0.0000 0.0000 2537.3196 0.0000 3173.3000 
67.4400 0.0000 6429.7000 0.0000 0.0000 7543.9227 0.0000 0.0000 3265.2200 0.0000 7570.1000 0.0000 3173.3000 0.0000 0.0000 9912.8000 0.0000 3775.7140 0.0000 0.0000 4075.4368 0.0000 0.0000 0.0000 934.6228 0.0000 0.0000 2537.3196 0.0000 3173.3000 
67.4400 0.0000 6429.7000 0.0000 0.0000 11344.0000 0.0000 0.0000 8642.1000 0.0000 7570.1000 0.0000 3173.3000 0.0000 0.0000 12492.8000 0.0000 3775.7140 0.0000 0.0000 8251.5824 0.0000 4878.1856 0.0000 24102.7228 0.0000 0.0000 6172.5656 0.0000 5306.0000 
