1.0000 1.2000 1.7000 1.7000 1.8500 1.9167 1.9833 2.0333 2.1000 2.2167 2.3500 2.3833 2.4333 2.4333 2.4333 2.5333 2.6500 2.6500 2.6500 2.7333 2.4000 2.4000 2.5000 2.6000 2.6000 2.6000 2.6000 2.6000 2.6000 2.6000 
1.0000 1.2000 1.7000 1.9000 2.1000 1.8833 1.9500 2.0333 2.1500 2.2667 2.3833 2.4167 2.4333 2.4333 2.4333 2.5333 2.6333 2.6333 2.6333 2.7167 2.3333 2.3500 2.4333 2.5333 2.5000 2.5000 2.5000 2.5000 2.5000 2.5000 
1.0000 1.2000 1.7000 1.7000 1.8500 1.9167 1.9833 1.9500 2.0000 2.0833 2.1667 2.2167 2.2667 2.2667 2.2667 2.4000 2.5667 2.5667 2.5667 2.6667 2.4000 2.4000 2.5000 2.6000 2.6000 2.6000 2.6000 2.6000 2.6000 2.6000 
1.0000 1.2000 1.7000 1.9000 2.1000 1.8833 1.9500 2.0333 2.1500 2.2667 2.3833 2.4167 2.1333 2.1500 2.1667 2.2667 2.3833 2.4000 2.4167 2.5167 2.3333 2.3500 2.4333 2.5333 2.5000 2.5000 2.5000 2.5000 2.5000 2.5000 
1.0000 1.2000 1.7000 1.9000 2.1000 1.8833 1.9500 1.9333 2.0167 2.1000 2.2000 2.2500 2.0000 2.0000 2.0000 2.1167 2.3000 2.3167 2.3333 2.4500 2.3000 2.3000 2.4000 2.5000 2.5000 2.5000 2.5000 2.5000 2.5000 2.5000 
1.0000 1.2000 1.7000 1.9000 2.1000 1.8833 1.9500 2.0333 2.1500 2.2667 2.3833 2.4167 2.1333 2.1500 2.1667 2.1500 2.2500 2.2667 2.2833 2.3500 2.2000 2.2000 2.3000 2.4000 2.4000 2.4000 2.4000 2.4000 2.4000 2.4333 
1.0000 1.2000 1.7000 1.9000 2.1000 1.8833 1.9500 2.0333 2.1500 2.2667 2.3833 2.4167 2.1333 2.1500 2.1667 2.1500 2.2500 2.2667 2.2833 2.3500 2.2000 2.2000 2.3000 2.4000 2.4000 2.4000 2.4000 2.4000 2.4000 2.4000 
1.0000 1.2000 1.7000 1.9000 2.1000 1.8833 1.9500 1.9333 2.0167 2.1167 2.2333 2.2833 2.0000 2.0167 2.0333 2.1000 2.2167 2.2333 2.2500 2.3333 2.2000 2.2000 2.3000 2.4000 2.4000 2.4000 2.4000 2.4000 2.4000 2.4000 
1.0000 1.2000 1.7000 1.7000 1.8500 1.9167 1.9833 2.0333 1.9167 2.0167 2.1167 2.1500 2.0500 2.0667 2.0833 2.0500 2.1333 2.1500 2.1667 2.2333 2.1000 2.1000 2.2000 2.3000 2.3000 2.3000 2.3000 2.3000 2.3000 2.3000 
1.0000 1.2000 1.7000 1.7000 1.8500 1.9167 1.9833 2.0333 1.9167 2.0167 2.1833 2.2000 2.1000 2.1167 2.1333 2.1167 2.2167 2.1667 2.1833 2.2333 2.1000 2.1000 2.1333 2.2333 2.2000 2.2000 2.2000 2.2000 2.2333 2.2833 
1.0000 1.2000 1.7000 1.7000 1.8500 1.9167 1.9833 2.0333 1.9167 2.0167 2.1167 2.1500 2.0500 2.0667 2.0833 2.0500 2.1167 2.1000 2.1333 2.2000 2.1000 2.1000 2.1000 2.2000 2.2000 2.2000 2.2000 2.2000 2.2000 2.2500 
1.0000 1.2000 1.7000 1.7000 1.8500 1.9167 1.9833 2.0333 1.9167 2.0167 2.1167 2.1500 2.0500 2.0667 2.0833 2.0500 2.1333 2.1000 2.1000 2.1500 2.1000 2.1000 2.1000 2.2000 2.2000 2.2000 2.2000 2.2000 2.2000 2.2000 
1.0000 1.2000 1.5000 1.6000 1.7667 1.8500 1.9167 1.9833 1.8833 1.9833 2.0833 2.1333 2.0333 2.0500 2.0667 2.0333 2.1167 2.0667 2.0833 2.1333 2.0000 2.0000 2.0333 2.1333 2.1000 2.1000 2.1000 2.1000 2.1333 2.1000 
1.0000 1.2000 1.7000 1.7000 1.8500 1.8833 1.9500 2.0000 1.8833 1.9833 2.0833 2.1167 2.0167 2.0333 2.0500 2.0167 2.1000 2.0500 2.0667 2.1167 2.0000 2.0000 2.0167 2.1167 2.0667 2.0667 2.0667 2.0833 2.1167 2.0000 
1.0000 1.2000 1.7000 1.7000 1.8500 1.8833 1.9500 2.0000 1.8833 1.9667 2.0500 2.0833 1.9833 2.0000 2.0167 2.0000 2.1000 2.0333 2.0500 2.1000 1.9333 1.9500 2.0000 2.1000 2.0500 2.0500 2.0500 2.0667 2.1000 2.0000 
1.0000 1.2000 1.7000 1.7000 1.8500 1.8833 1.9500 2.0000 1.8833 1.9333 2.0333 2.0833 1.9833 2.0000 2.0167 1.9500 2.0333 2.0167 2.0333 2.0833 1.9167 1.9333 1.9333 2.0000 1.9000 1.9000 1.9000 1.9000 1.9500 1.9500 
