   0.0000000e+00   0.0000000e+00   0.0000000e+00   0.0000000e+00   0.0000000e+00   0.0000000e+00   0.0000000e+00   0.0000000e+00   0.0000000e+00   0.0000000e+00   0.0000000e+00   0.0000000e+00   0.0000000e+00   1.0000000e+00
   0.0000000e+00   0.0000000e+00   0.0000000e+00   0.0000000e+00   0.0000000e+00   0.0000000e+00   0.0000000e+00   0.0000000e+00   0.0000000e+00   0.0000000e+00   0.0000000e+00   0.0000000e+00   1.0000000e+00   0.0000000e+00
   0.0000000e+00   0.0000000e+00   0.0000000e+00   0.0000000e+00   0.0000000e+00   0.0000000e+00   0.0000000e+00   0.0000000e+00   0.0000000e+00   0.0000000e+00   0.0000000e+00   1.0000000e+00   0.0000000e+00   0.0000000e+00
   0.0000000e+00   0.0000000e+00   0.0000000e+00   0.0000000e+00   0.0000000e+00   0.0000000e+00   0.0000000e+00   0.0000000e+00   0.0000000e+00   0.0000000e+00   1.0000000e+00   0.0000000e+00   0.0000000e+00   0.0000000e+00
   0.0000000e+00   0.0000000e+00   0.0000000e+00   0.0000000e+00   0.0000000e+00   0.0000000e+00   0.0000000e+00   0.0000000e+00   0.0000000e+00   1.0000000e+00   0.0000000e+00   0.0000000e+00   0.0000000e+00   0.0000000e+00
   0.0000000e+00   0.0000000e+00   0.0000000e+00   0.0000000e+00   0.0000000e+00   0.0000000e+00   0.0000000e+00   0.0000000e+00   1.0000000e+00   0.0000000e+00   0.0000000e+00   0.0000000e+00   0.0000000e+00   0.0000000e+00
   0.0000000e+00   0.0000000e+00   0.0000000e+00   0.0000000e+00   0.0000000e+00   0.0000000e+00   0.0000000e+00   1.0000000e+00   0.0000000e+00   0.0000000e+00   0.0000000e+00   0.0000000e+00   0.0000000e+00   0.0000000e+00
   0.0000000e+00   0.0000000e+00   0.0000000e+00   0.0000000e+00   0.0000000e+00   0.0000000e+00   1.0000000e+00   0.0000000e+00   0.0000000e+00   0.0000000e+00   0.0000000e+00   0.0000000e+00   0.0000000e+00   0.0000000e+00
   0.0000000e+00   0.0000000e+00   0.0000000e+00   0.0000000e+00   0.0000000e+00   1.0000000e+00   0.0000000e+00   0.0000000e+00   0.0000000e+00   0.0000000e+00   0.0000000e+00   0.0000000e+00   0.0000000e+00   0.0000000e+00
   0.0000000e+00   0.0000000e+00   0.0000000e+00   0.0000000e+00   1.0000000e+00   0.0000000e+00   0.0000000e+00   0.0000000e+00   0.0000000e+00   0.0000000e+00   0.0000000e+00   0.0000000e+00   0.0000000e+00   0.0000000e+00
   0.0000000e+00   0.0000000e+00   0.0000000e+00   1.0000000e+00   0.0000000e+00   0.0000000e+00   0.0000000e+00   0.0000000e+00   0.0000000e+00   0.0000000e+00   0.0000000e+00   0.0000000e+00   0.0000000e+00   0.0000000e+00
   0.0000000e+00   0.0000000e+00   1.0000000e+00   0.0000000e+00   0.0000000e+00   0.0000000e+00   0.0000000e+00   0.0000000e+00   0.0000000e+00   0.0000000e+00   0.0000000e+00   0.0000000e+00   0.0000000e+00   0.0000000e+00
   0.0000000e+00   1.0000000e+00   0.0000000e+00   0.0000000e+00   0.0000000e+00   0.0000000e+00   0.0000000e+00   0.0000000e+00   0.0000000e+00   0.0000000e+00   0.0000000e+00   0.0000000e+00   0.0000000e+00   0.0000000e+00
   1.4048017e-04   3.2942308e-02   6.9196617e-03   1.2726954e-01   1.4595373e-01   4.8886394e-02   1.5064775e-03   1.1734319e-01   6.2092729e-02   1.0427008e-01   1.1416147e-01   4.1685877e-03   8.5040670e-02   1.4930467e-01
   2.8852189e-04   1.5808649e-01   1.1439520e-03   1.8423432e-01   2.5745848e-02   2.2449880e-01   6.5488172e-03   1.7832297e-01   3.3854824e-03   4.4908166e-02   2.1118261e-02   7.8365507e-02   5.0368297e-02   2.2984568e-02
   4.2555044e-04   2.2068689e-02   5.0567626e-02   9.6469793e-02   1.3783567e-01   1.0792566e-02   1.6163746e-01   5.1243546e-02   2.1820403e-02   9.5829256e-03   1.7342458e-01   2.2005450e-02   6.4956073e-02   1.7716966e-01
   5.7083874e-04   1.8791630e-01   1.7099541e-01   1.1989187e-02   3.2166279e-02   1.6384517e-02   2.5265713e-02   1.9414644e-01   4.9344795e-02   1.2974720e-03   1.6749783e-01   9.5183958e-04   1.1978776e-01   2.1685627e-02
   6.0466042e-04   7.4178403e-02   6.1344987e-02   7.5881842e-04   2.7035645e-03   2.8761489e-03   4.9736631e-02   9.0275387e-02   1.7920243e-01   1.8602848e-02   1.3653679e-01   1.3881726e-01   1.1917950e-01   1.2518257e-01
   6.6599653e-04   7.8523785e-02   5.8852741e-02   3.9701396e-02   1.2888404e-02   1.3039164e-01   1.9373113e-01   2.3302317e-01   1.4747156e-02   4.3457316e-02   5.9933455e-02   8.1682025e-02   2.7101364e-02   2.5300424e-02
   1.0936327e-03   1.6085285e-01   1.0787853e-01   1.4363629e-02   1.8277092e-02   1.4210608e-01   4.6937370e-03   7.3583027e-03   1.1620430e-01   1.7596794e-01   6.8040347e-03   3.3182506e-02   1.4894562e-01   6.2271748e-02
   1.3823393e-03   2.4999449e-02   3.5444856e-02   5.1462464e-02   4.7722668e-02   2.9325234e-02   3.2522391e-03   1.1151602e-01   8.6750615e-02   1.5300935e-01   1.8983076e-01   3.9794307e-02   1.8973014e-01   3.5779555e-02
   1.6928008e-03   1.2124235e-01   2.4988479e-02   4.4765524e-02   1.1555566e-01   7.3463252e-03   6.8689512e-02   2.0296565e-02   1.5299805e-01   9.3917051e-02   1.6353036e-01   3.8092688e-02   4.6089159e-03   1.4227572e-01
   1.7101003e-03   1.2224563e-02   2.0146443e-02   7.3172036e-02   6.6663634e-02   4.2416325e-03   1.1939764e-01   2.1741526e-01   1.2336803e-01   4.8477019e-02   9.0491017e-03   2.1053056e-01   3.8789621e-03   8.9725015e-02
   1.8598612e-03   2.0020749e-02   1.9997474e-03   1.7380363e-01   1.3312584e-01   1.5648731e-02   1.5844614e-01   8.5261450e-03   2.9423260e-02   9.4512041e-02   3.6722044e-02   1.5398014e-01   7.7270007e-02   9.4661667e-02
   1.8980811e-03   1.0327568e-01   1.7575725e-01   3.5827042e-02   2.3163133e-02   4.1657617e-02   1.1696319e-01   3.4976172e-02   1.7544291e-01   1.6166195e-02   3.4739254e-02   8.5390864e-02   8.2337557e-02   7.2405066e-02
   2.4790201e-03   1.9919122e-01   2.9090300e-02   5.2427637e-02   1.8406984e-01   5.9528889e-02   1.2798107e-02   2.0127459e-01   1.1885792e-02   6.2059963e-02   1.1609877e-02   9.5218641e-02   2.5933239e-02   5.2432886e-02
   2.5909410e-03   2.1571388e-02   1.6762215e-01   1.8395740e-03   8.3322489e-03   1.5741903e-01   1.7058693e-02   1.5406010e-01   2.2342589e-02   4.7745428e-02   1.2088788e-01   2.0375974e-02   1.2346382e-01   1.3469019e-01
   2.7410142e-03   8.7273638e-02   9.8063363e-02   5.3483111e-02   5.1199717e-02   1.8908622e-01   5.6470551e-02   3.5750434e-02   1.6046170e-01   3.9962700e-02   1.7988819e-02   1.4080467e-01   2.0906083e-02   4.5807983e-02
   3.1233158e-03   1.1819366e-01   1.3870295e-01   1.2858152e-03   1.3146051e-01   3.8173205e-03   1.5476251e-01   1.6700878e-01   1.6250923e-03   1.0760351e-03   7.5206278e-02   1.7134600e-01   2.5457824e-02   6.9339095e-03
   3.1720007e-03   1.1197091e-02   1.7195727e-02   1.5114839e-01   1.9655275e-02   5.7217577e-02   1.4984254e-01   1.3383440e-01   4.1021719e-02   1.4627908e-02   1.5320022e-01   1.2442495e-01   1.3056953e-02   1.1040524e-01
   3.2130906e-03   8.4241578e-03   7.1683434e-02   1.3167139e-04   1.4450199e-01   4.5943733e-02   7.6000704e-02   5.4711687e-02   1.2779518e-01   1.2641658e-01   3.4098688e-02   1.5968283e-01   1.0640566e-01   4.0990592e-02
   3.3535924e-03   9.2446783e-02   7.2239081e-03   1.8374513e-01   1.6058209e-01   2.2337312e-02   9.2725759e-02   1.7392349e-01   4.9118381e-02   7.3342420e-02   6.2898728e-02   1.2214441e-03   6.9640833e-02   7.4401262e-03
   3.3635159e-03   2.3454302e-02   4.7970309e-03   1.1002139e-04   1.6901011e-01   4.7702777e-02   1.0650256e-01   4.5613645e-02   9.0601628e-02   3.1047867e-02   1.4162015e-01   1.6413693e-01   9.7750792e-03   1.6226439e-01
   3.9494237e-03   1.8150067e-01   4.9600498e-02   1.4272476e-01   2.8281883e-02   9.7471964e-02   1.4580495e-02   3.4603433e-03   5.8258020e-02   2.2058361e-01   1.3915990e-01   1.1014124e-02   8.3729653e-03   4.1041341e-02
   3.9621943e-03   4.4203891e-02   1.0641959e-01   8.1311441e-03   1.4252280e-01   7.8653094e-02   5.3355797e-02   1.5517711e-01   1.3346886e-01   1.0986039e-01   2.3744639e-02   4.2555925e-03   4.4873879e-03   1.3175751e-01
   4.0671886e-03   3.6894192e-02   1.3751047e-01   8.1506676e-03   5.9250489e-02   1.6157442e-01   3.4284052e-03   1.6369490e-01   1.6358132e-01   1.3888187e-01   4.6227934e-02   7.1431149e-02   1.3871821e-03   3.9198190e-03
   4.1152444e-03   1.3799418e-01   3.3224230e-02   8.0003871e-03   1.1339736e-01   1.7858385e-01   3.0614936e-03   1.0690137e-02   1.0263620e-01   8.5131694e-02   1.5817617e-01   4.5836621e-02   1.0920863e-01   9.9438043e-03
   4.4252461e-03   9.5967308e-02   5.2087410e-02   7.1183534e-02   1.0523256e-02   2.0520097e-01   3.9045284e-02   1.9471677e-01   6.9952894e-02   2.7154638e-02   1.0498945e-01   5.2496804e-02   9.2338332e-03   6.3022596e-02
   4.5520654e-03   4.7632197e-02   1.2495464e-02   1.0728814e-02   1.4965509e-01   1.5714748e-02   1.6293307e-01   1.4681625e-01   6.0414508e-02   8.2649012e-03   6.4601171e-02   4.9345374e-02   1.2507844e-01   1.4176790e-01
   4.9326893e-03   1.6718182e-01   1.1011567e-01   1.3453000e-02   1.8918403e-01   6.3379876e-02   1.0506583e-01   8.6821206e-02   5.2196331e-03   9.4378284e-02   4.7332585e-02   4.8839944e-02   3.1576314e-02   3.2519124e-02
   5.1068337e-03   1.4291715e-01   1.0446904e-01   1.2290892e-01   1.3532323e-02   1.2290244e-01   1.4803018e-01   2.7808078e-02   1.4644405e-02   2.3096511e-02   2.8837040e-02   4.2411592e-02   7.9354593e-02   1.2398089e-01
   5.1220780e-03   5.3578725e-02   4.0603450e-03   2.9762011e-02   2.6756783e-01   8.9446715e-03   7.0129753e-02   1.6730982e-02   2.4247363e-01   7.3553673e-02   1.0717348e-01   5.8007245e-02   4.0960893e-02   2.1934686e-02
   5.3016809e-03   1.2639470e-02   1.5753978e-01   3.4361868e-02   1.4210668e-01   1.5564814e-01   1.3880399e-01   1.0084288e-02   1.8916686e-01   6.8233159e-03   2.6835254e-02   1.6964403e-02   9.0839438e-02   1.2884831e-02
   5.3477819e-03   1.3136647e-01   2.6424034e-03   1.2115444e-01   2.4716990e-02   1.3285061e-01   6.9065138e-02   7.8894737e-03   1.2182366e-01   8.8215330e-03   1.1586739e-01   6.0214590e-02   4.8567014e-02   1.4967251e-01
   5.3648286e-03   7.8668583e-02   2.6161833e-03   2.5230030e-02   2.0227585e-02   1.8430294e-01   2.0178396e-01   7.1443394e-04   1.7297199e-01   6.3207367e-02   6.8665540e-02   3.2974124e-02   1.1314727e-01   3.0125164e-02
   5.6344035e-03   8.8884819e-02   1.8690682e-01   1.6836842e-02   9.2432904e-02   6.3460130e-02   1.0346265e-02   3.1850885e-02   1.2433981e-01   6.8076483e-02   5.0661340e-02   1.7978858e-01   1.3309441e-02   6.7471275e-02
   5.6703945e-03   5.6080651e-02   2.3419098e-02   3.8922590e-02   2.1539692e-01   6.7960974e-06   8.2736218e-03   1.3566940e-02   1.0197198e-01   1.4252698e-01   2.1249388e-01   3.9484497e-02   1.1186784e-01   3.0317808e-02
   5.7503397e-03   1.5441608e-01   1.0355848e-02   3.9249741e-03   1.1627823e-03   9.1476497e-02   7.9283151e-03   2.2718280e-01   2.1827932e-02   1.1802731e-01   1.6833399e-01   3.4276667e-02   1.3046535e-02   1.4228992e-01
   5.9196316e-03   1.6295533e-01   1.0222303e-01   6.3334450e-03   6.5993879e-02   5.9627254e-03   9.3512595e-02   4.8914202e-03   1.6676886e-01   4.2203808e-02   2.1758521e-02   1.6908375e-01   8.8519248e-03   1.4354108e-01
   6.1322287e-03   1.6078941e-01   8.5713715e-02   9.9111210e-03   1.3574906e-01   1.4956464e-01   1.0221232e-02   7.4727683e-02   1.8263049e-01   8.5393898e-02   1.0833515e-02   2.0979161e-02   4.8006372e-02   1.9347469e-02
   6.4038923e-03   5.0299578e-02   4.7389591e-02   1.9729495e-01   1.3480080e-01   1.5164658e-01   1.8528134e-02   1.8956982e-01   1.5745423e-01   2.7334669e-02   7.7354568e-03   3.8523296e-03   7.5056241e-03   1.8434548e-04
   6.6488103e-03   3.9214559e-03   4.3995310e-02   2.1334255e-02   1.7821380e-01   1.7426369e-01   1.8299213e-01   1.7014917e-01   3.3571406e-02   1.0567507e-02   1.8260241e-02   3.3260440e-03   9.3746375e-02   5.9009806e-02
   6.7220538e-03   1.1662934e-01   3.2344074e-03   4.2239221e-02   1.9822221e-02   3.7357926e-02   1.3367004e-02   9.0795470e-02   1.2683369e-02   2.6938716e-01   1.9166813e-01   1.2726842e-02   4.8403622e-02   1.3496324e-01
   7.2331266e-03   1.3177490e-01   1.1749680e-01   5.2783480e-03   4.8787487e-03   2.3955735e-01   8.4775946e-03   4.3740558e-02   4.3449662e-02   2.2029785e-01   4.0956720e-02   4.1025291e-02   5.4993825e-03   9.0333676e-02
   7.4690664e-03   1.7848071e-01   8.9482851e-03   5.7705199e-03   3.8186279e-04   9.6154539e-02   7.1713130e-02   7.8795842e-02   1.1095638e-01   8.9591474e-02   3.0568193e-02   1.9015989e-01   1.1124339e-02   1.1988577e-01
   7.5028609e-03   1.7689115e-01   4.2317105e-02   8.7344331e-02   1.2409668e-01   1.6704467e-01   6.6792987e-03   1.2416155e-01   1.8140833e-02   7.1337643e-02   1.5896349e-02   6.5647454e-03   1.3039896e-01   2.1623817e-02
   7.5488591e-03   2.7324746e-02   1.1828917e-01   2.1921284e-03   7.4444839e-02   1.2223808e-01   9.5264723e-02   1.4543652e-01   9.2557606e-02   2.6327159e-02   1.2901215e-01   1.4218009e-01   1.5719496e-02   1.4644337e-03
   7.7755342e-03   6.3344674e-03   4.1358138e-02   2.0282542e-02   1.1906397e-01   1.4823227e-01   1.7034582e-01   5.3739363e-02   5.3291957e-02   1.8910582e-02   5.9625989e-03   9.1080500e-02   9.6124328e-02   1.6749793e-01
   8.3838391e-03   2.0362903e-01   1.2194968e-01   2.1809168e-02   2.5702612e-02   8.7322956e-02   1.8600894e-01   5.3897099e-03   1.5002927e-01   1.9291508e-02   1.5449177e-01   3.2512884e-03   2.1722110e-03   1.0568028e-02
   8.4615292e-03   8.2835719e-02   4.2755306e-02   4.8170174e-02   1.6075777e-02   1.1384809e-01   1.5454165e-01   3.7491136e-03   3.5243349e-02   1.1095098e-01   1.2060832e-01   9.9087544e-02   4.1586417e-02   1.2208602e-01
   8.6824032e-03   1.7531884e-01   1.5301392e-02   6.3115759e-02   9.9309904e-03   4.7814863e-03   4.9569558e-02   2.3252227e-01   1.6790859e-01   2.1033371e-02   9.9904297e-03   6.9145748e-02   1.4903306e-01   2.3666107e-02
   9.1498044e-03   1.7663666e-01   1.8898084e-01   1.3168731e-01   2.4285443e-02   1.0658519e-01   5.3141811e-02   1.3618364e-01   4.7312972e-02   2.3599836e-02   4.0432343e-02   1.1140354e-02   2.5945737e-02   2.4918067e-02
   9.1911170e-03   1.1848675e-02   2.3422939e-02   3.9660545e-02   1.6948960e-01   2.1026107e-01   1.1151173e-01   3.0560789e-03   8.9833030e-03   2.5335281e-02   7.5701233e-02   1.4871990e-02   2.2026880e-01   7.6397649e-02
   9.3632664e-03   4.9136363e-02   4.2737060e-02   3.5680445e-02   2.4381183e-01   4.1900385e-02   8.2587971e-02   1.1742736e-01   1.1249968e-01   6.9747525e-02   2.1158487e-02   5.1642824e-02   1.1271733e-01   9.5894722e-03
   9.3637960e-03   1.6248505e-01   1.0488357e-02   1.8336338e-01   4.4628342e-02   1.8168844e-01   1.1221846e-02   1.7603059e-02   8.6751377e-02   7.5478911e-03   1.1031355e-01   1.4324669e-01   2.7617100e-02   3.6811220e-03
   9.4867732e-03   1.8031055e-01   1.6445875e-01   1.7548646e-01   2.5323960e-02   3.0807417e-04   9.4077590e-02   2.4063281e-02   5.6907438e-02   2.7627140e-03   1.1519104e-01   4.4860421e-02   7.9642395e-02   2.7120561e-02
   9.8330785e-03   6.8250579e-03   1.4184535e-02   9.5031531e-03   1.4447593e-01   1.7615131e-02   1.7022426e-01   9.0848016e-05   1.3125865e-01   1.6699292e-01   1.6942545e-01   1.5394034e-02   9.7601856e-03   1.3441676e-01
   9.9382527e-03   1.3457949e-01   6.4047907e-02   1.2065843e-02   9.4241002e-02   1.4657271e-01   4.8117340e-03   8.3395924e-02   5.6201623e-03   3.3208213e-02   1.6285682e-01   1.5470185e-01   5.7123240e-02   3.6836846e-02
   1.0018861e-02   1.5333228e-02   2.0407482e-01   4.3061972e-02   7.4927402e-02   6.9048925e-02   2.0029886e-01   1.2145896e-02   3.2103041e-02   5.8292307e-03   2.2183913e-02   1.1517734e-01   9.7998401e-03   1.8599667e-01
   1.0055053e-02   1.2214716e-01   3.2820940e-02   1.0811354e-01   4.1195877e-02   3.7594490e-02   1.4035950e-01   6.9487526e-02   3.0492528e-02   1.6001046e-01   5.4070183e-02   1.3820360e-01   4.9465278e-02   5.9838600e-03
   1.0107049e-02   1.7592802e-01   1.1123632e-02   6.1464788e-03   1.4350614e-01   3.3214298e-02   7.7925917e-02   1.7934907e-02   7.5680304e-02   1.0592770e-02   8.7148894e-02   7.9038882e-02   1.7532789e-01   9.6324817e-02
   1.0407680e-02   6.7410322e-03   8.1634487e-02   7.7575574e-02   7.7299703e-03   9.7321995e-02   4.4111120e-02   5.7239303e-02   1.0512485e-01   1.5458072e-01   1.2811340e-01   8.3416740e-03   7.9415424e-02   1.4166276e-01
   1.0447300e-02   9.5703978e-03   1.8137248e-01   8.2597138e-03   4.1906592e-02   1.5399850e-01   1.1208620e-01   3.5431740e-02   5.2413023e-03   3.1529173e-02   4.7196735e-02   1.7336873e-01   1.8815168e-01   1.4394627e-03
   1.0513510e-02   6.6722885e-02   1.1868307e-01   1.7333708e-01   1.4764204e-01   3.5573231e-02   1.5202138e-02   6.1734768e-02   5.2890913e-02   4.6439304e-03   9.5423632e-05   1.5864362e-01   1.7640983e-02   1.3667641e-01
   1.0673871e-02   7.9552060e-02   4.4944061e-02   7.5797569e-02   9.7501388e-02   2.8444085e-02   2.5005024e-02   5.6228078e-03   6.8688713e-02   7.7375048e-03   1.5216895e-04   1.8641751e-01   1.8504612e-01   1.8441711e-01
   1.0979025e-02   6.9781966e-03   3.2326757e-02   7.8354941e-02   5.5613384e-03   7.7842205e-03   1.8548883e-01   1.5744283e-01   1.5787955e-01   1.2348884e-02   1.9021385e-02   1.3169014e-01   1.1617073e-01   7.7973163e-02
   1.1150273e-02   1.0267244e-01   3.5793898e-02   1.6027577e-01   9.0409702e-02   8.2671132e-03   3.6165558e-02   4.8840984e-02   1.5382028e-01   1.0406559e-03   1.3300157e-01   3.5780438e-02   1.5382252e-01   2.8958794e-02
   1.1256896e-02   1.7007612e-02   1.9838934e-01   3.8704602e-02   1.9018572e-01   2.8650257e-03   3.4979944e-03   1.1240957e-01   1.4897893e-01   4.0244311e-03   6.2444471e-02   7.7374096e-02   1.0417567e-01   2.8685648e-02
   1.1309025e-02   8.4699258e-02   9.8124426e-02   9.9893245e-02   2.4354714e-02   2.9209604e-04   7.6142149e-03   2.2675164e-03   1.0597168e-02   1.3533874e-01   1.6886830e-01   4.4945952e-02   1.7208371e-01   1.3961163e-01
   1.1495070e-02   1.8252384e-02   1.2656854e-01   3.9756191e-02   7.4556561e-03   8.2638470e-02   4.4557923e-02   2.1522054e-01   4.9043670e-04   8.9628747e-02   2.3487567e-02   1.8820783e-01   2.4737629e-02   1.2750301e-01
   1.1536531e-02   1.3279901e-02   5.5994703e-03   7.1705691e-02   1.3431113e-01   2.8132278e-02   1.0024162e-02   1.5952859e-01   1.9234408e-01   2.0129377e-01   5.2853606e-02   4.5203855e-02   2.0858503e-02   5.3328423e-02
   1.1759847e-02   1.2116359e-02   4.5298341e-02   1.5916733e-02   2.4263828e-01   2.8503896e-02   6.8156653e-02   2.3338160e-01   6.4121726e-03   6.7505168e-02   8.3790202e-02   2.2451221e-02   3.0305406e-02   1.3176412e-01
   1.2070429e-02   8.4479362e-02   6.1977199e-03   7.8251087e-02   1.0618184e-02   1.9384890e-01   1.5198887e-01   1.3421418e-01   1.6822017e-01   4.9548509e-02   7.4907709e-03   3.5054113e-02   1.3830460e-02   5.4187256e-02
   1.2141782e-02   1.7126233e-02   4.9319347e-02   1.8705623e-01   6.8429876e-03   1.6518189e-01   7.1468727e-02   1.8898473e-01   6.0177959e-02   8.8975258e-02   1.2365760e-02   3.2495763e-02   6.3579452e-02   4.4283879e-02
   1.2485868e-02   1.8573749e-02   1.3756854e-01   1.0741151e-01   8.2847284e-02   1.3044108e-02   7.3812472e-02   8.3533525e-02   3.1365164e-03   1.5054441e-01   1.2772142e-01   1.4154832e-01   2.3177784e-02   2.4594493e-02
   1.2608019e-02   1.5371233e-01   1.6812697e-01   1.7304469e-02   4.1584826e-02   1.0227171e-01   1.9913735e-02   2.2172682e-02   6.7847435e-03   7.8532020e-02   9.1197855e-02   9.1822616e-02   1.5084201e-01   4.3126015e-02
   1.3128704e-02   3.6552416e-02   5.6361844e-02   1.6776426e-02   1.1132600e-01   1.1876107e-01   2.0118911e-02   1.0457500e-01   9.3852108e-03   1.3984411e-02   1.8959606e-01   5.6862947e-04   1.3405597e-01   1.7480935e-01
   1.3251682e-02   4.2848728e-02   1.3542751e-01   8.3324384e-02   1.0791491e-01   3.7059391e-02   1.5132041e-02   5.0803186e-02   2.1336385e-01   7.5702266e-02   1.2233430e-02   2.0584290e-02   2.1706293e-03   1.9018370e-01
   1.3315054e-02   6.1868353e-02   1.0610262e-01   3.5273633e-03   5.4085491e-02   5.9647845e-02   3.9153552e-02   2.5850652e-02   1.1313167e-01   9.8948658e-02   5.7494027e-03   1.8407877e-02   2.0138447e-01   1.9882699e-01
   1.3341505e-02   1.6323169e-01   4.2665327e-02   1.0508200e-01   1.5689644e-01   2.7076740e-02   1.2021271e-01   7.1375068e-03   2.1684536e-03   1.5782231e-01   6.1567922e-02   1.5124150e-02   1.0135035e-01   2.6322903e-02
   1.3795550e-02   2.6421082e-04   7.9442383e-02   1.7672249e-01   1.3680854e-02   2.3499096e-02   1.4139997e-01   7.9404824e-03   8.0759122e-02   5.2157969e-02   1.7494590e-01   6.4849617e-03   1.2825135e-01   1.0065566e-01
   1.4035525e-02   3.7381296e-02   9.8004855e-03   3.1472063e-02   1.2036155e-02   5.0981825e-02   1.9266152e-01   1.0027432e-01   5.1116964e-02   1.4260500e-01   1.3601653e-02   6.9555655e-02   9.7167604e-02   1.7730993e-01
   1.4218276e-02   6.1997870e-02   1.7943717e-01   9.3282074e-03   1.4387662e-01   1.9898579e-01   1.0135809e-02   3.1409145e-02   1.5263336e-02   1.7025142e-02   1.3275432e-02   2.0612612e-01   3.3283558e-02   6.5637518e-02
   1.4567401e-02   1.8037423e-02   2.0933824e-02   1.3261190e-01   2.8158242e-02   9.5720927e-03   1.4347734e-01   5.7271867e-02   1.3403021e-01   1.2938662e-01   5.6923831e-02   9.2991919e-02   1.5835559e-01   3.6817319e-03
   1.4810285e-02   1.2177726e-01   7.1449678e-02   2.0646964e-02   1.7331757e-02   1.0227582e-01   1.3788398e-01   1.2557193e-01   3.5699602e-02   1.4141082e-01   4.2707018e-02   1.7276818e-02   1.3082546e-01   2.0332592e-02
   1.4895891e-02   1.1506790e-02   1.8339901e-01   1.5824455e-01   1.7446586e-02   1.6109309e-01   1.1548265e-03   1.3696328e-01   1.9543230e-02   9.7019753e-02   9.8167258e-02   3.4729336e-02   8.6536813e-04   6.4971044e-02
   1.5147891e-02   8.6807741e-02   5.3832941e-02   4.0618905e-02   4.6663919e-02   5.5747695e-02   1.4668047e-01   6.0098774e-02   8.8131289e-03   4.2569053e-02   1.2201104e-02   1.9560272e-01   9.0847373e-02   1.4436829e-01
   1.5184539e-02   8.3229682e-02   1.8337906e-01   1.5807149e-01   7.4371280e-03   1.2692443e-01   2.1772576e-02   2.5708161e-02   1.3101328e-01   3.1680279e-02   9.7621455e-02   5.6962563e-02   1.4303230e-02   4.6712130e-02
   1.5203606e-02   2.7882365e-03   1.3095265e-01   9.5127479e-02   1.2860310e-01   5.2263890e-02   4.4154482e-02   1.1893643e-01   3.1004737e-03   5.2612750e-03   1.4238217e-01   9.1593256e-02   1.1714816e-01   5.2484784e-02
   1.5285130e-02   1.7695794e-01   3.1230238e-02   2.5505549e-02   1.0530874e-01   7.4382075e-03   1.1935741e-01   2.2947866e-02   5.0087767e-03   1.4718641e-01   1.9276521e-01   7.6387975e-02   2.7927829e-02   4.6692714e-02
   1.6261537e-02   3.2191297e-03   3.3262605e-02   2.1963086e-01   1.4209372e-01   3.0393946e-02   4.2728923e-03   5.2478990e-02   1.5754596e-01   3.0165903e-02   7.6729860e-02   7.5680653e-02   5.3045683e-02   1.0521826e-01
   1.6919645e-02   1.2432958e-01   8.5051092e-02   2.2874908e-01   5.1437158e-02   5.1353381e-02   2.1017916e-01   9.3892127e-02   1.2709463e-02   4.9371317e-03   8.8741896e-02   1.0119841e-02   1.9770351e-02   1.8100840e-03
   1.6932316e-02   8.5344676e-02   9.9747133e-03   1.4679450e-01   8.5276441e-02   6.8097570e-03   6.7927893e-02   1.9351987e-01   7.9501892e-02   3.4426356e-02   3.6831271e-02   2.8441258e-02   3.7180436e-02   1.7103862e-01
   1.7696020e-02   1.0851866e-01   1.5135005e-02   1.1802208e-01   1.3936052e-01   1.1216018e-01   1.5167477e-02   1.5527429e-01   1.0228346e-02   1.2263022e-01   1.4828636e-01   8.4219796e-03   9.0495601e-03   2.0049303e-02
   1.7751306e-02   9.9330946e-02   6.7336780e-03   4.9262079e-02   9.3674096e-03   1.1314714e-01   1.5255263e-01   6.7877302e-02   9.5188425e-02   7.9560411e-03   9.7636458e-02   1.9095508e-01   9.1723848e-02   5.1765963e-04
   1.7987516e-02   5.9075428e-02   1.1462535e-02   6.3497914e-02   1.3715200e-01   7.6622685e-02   1.3716842e-01   2.7442531e-02   8.5425569e-02   1.1635293e-01   4.5227404e-02   3.9905789e-02   3.1420808e-02   1.5125848e-01
   1.8065335e-02   2.3757498e-02   1.5250260e-01   6.1180003e-02   1.9562105e-01   9.7695717e-03   7.8960597e-02   2.6744090e-03   1.7971641e-01   1.8341850e-02   1.2407947e-01   4.0681592e-02   1.8758382e-02   7.5891227e-02
   1.8494387e-02   1.6369488e-01   2.7998088e-02   2.0988375e-02   1.8970903e-02   7.6905402e-03   1.5468800e-01   1.0649486e-02   5.5621790e-02   1.7697974e-01   3.6453702e-02   1.5584290e-01   8.2382190e-03   1.4368898e-01
   1.9397611e-02   2.4749414e-02   1.8504039e-01   7.7702853e-03   1.6996260e-01   2.4807889e-02   9.1820598e-02   4.9275247e-02   2.4550527e-03   5.7988115e-02   1.2915081e-01   7.5543001e-02   9.8388999e-03   1.5220009e-01
   1.9624029e-02   1.0188693e-01   1.9486937e-01   1.9197234e-01   1.4127650e-01   1.2774469e-02   1.9746717e-02   7.2594083e-03   3.5023932e-02   3.8414004e-02   4.9591656e-02   2.5509695e-02   1.5082536e-01   1.1225587e-02
   2.0801026e-02   2.8175417e-02   7.0085095e-03   1.7543077e-01   2.6361441e-02   2.0310356e-02   7.1228553e-02   1.4314975e-01   2.4038873e-02   1.9005352e-01   1.1245717e-01   4.9542140e-02   1.4077023e-02   1.1736546e-01
   2.0839642e-02   1.7394955e-01   2.6544746e-02   2.8571322e-02   1.3390726e-02   8.2702985e-02   1.3101410e-01   1.8225952e-01   9.4849037e-03   8.6734308e-02   5.9015351e-02   2.9575645e-02   9.4191111e-04   1.5497530e-01
   2.1299398e-02   1.1734540e-01   1.4067849e-01   1.3707996e-02   7.1802114e-02   4.6562763e-02   1.5292668e-01   9.6060124e-03   1.3885936e-01   1.2464149e-01   6.5806064e-02   7.7955368e-04   4.3940915e-03   9.1590585e-02
   2.1516090e-02   1.1676401e-01   3.4444115e-03   1.6097453e-01   2.0814310e-01   1.7155597e-01   5.7736343e-03   1.7415737e-02   5.0595562e-02   9.1483305e-02   1.8166085e-02   8.5289003e-02   3.7245574e-02   1.1632987e-02
   2.2928508e-02   1.5256678e-02   1.8070810e-01   1.3247289e-01   2.0721597e-01   5.2777441e-02   3.1560643e-02   1.4283149e-01   1.0216326e-02   6.6778674e-02   5.3513736e-02   2.1470699e-02   5.8535520e-02   3.7333239e-03
   2.4063078e-02   1.2142225e-01   1.6314915e-01   6.9550239e-02   4.5704749e-02   8.1933344e-02   8.3200969e-03   2.8565118e-02   5.6111119e-02   2.2294178e-01   4.0342546e-02   1.1008295e-02   1.0880460e-04   1.2677944e-01
   2.4161647e-02   1.8302819e-01   1.1376178e-03   4.4298588e-02   9.3756247e-02   7.2666137e-02   1.9109476e-01   4.1013487e-02   1.3406206e-02   2.9818698e-02   2.3823625e-02   9.7666007e-02   1.5420164e-03   1.8258677e-01
   2.5107119e-02   1.6367561e-01   1.0873328e-01   4.1359424e-02   2.0411288e-01   4.0627467e-02   1.2632855e-02   1.5043232e-02   1.6993929e-01   2.7903319e-03   4.7604374e-02   7.8345887e-02   7.8505030e-02   1.1523223e-02
   2.5334877e-02   1.4350095e-02   1.4462447e-01   1.3770291e-01   9.7067764e-02   4.4306668e-02   7.7333149e-03   2.4634685e-02   1.3999974e-01   1.2701488e-01   3.7972009e-02   1.4213435e-02   1.1948134e-01   6.5563812e-02
   2.6053223e-02   6.8237903e-03   1.9699454e-02   1.4320786e-01   9.1276961e-02   4.6183459e-02   1.3175562e-02   3.7037922e-02   8.2564626e-02   9.9551696e-02   5.8849071e-04   9.4744836e-02   5.1917686e-02   2.8717444e-01
   2.6262295e-02   9.9206563e-02   1.5407548e-02   4.1025553e-02   1.7477796e-01   1.7841159e-01   1.0484727e-01   1.2169713e-02   1.5853032e-01   2.9379846e-02   2.3163980e-02   4.6575091e-02   1.2008976e-02   7.8233291e-02
   2.7292244e-02   3.8378107e-02   7.0377456e-02   1.9975038e-01   2.4464803e-01   1.7292467e-02   6.6322668e-03   1.1499680e-01   7.6635187e-02   1.3185926e-02   1.4827345e-01   1.3543551e-02   2.0111528e-02   8.8826064e-03
   2.7504693e-02   1.4760910e-02   1.3056346e-02   8.0434988e-02   7.1537951e-03   1.3732991e-01   5.7637868e-02   2.0381887e-01   1.2400022e-01   3.9811225e-02   4.1920100e-02   1.5501224e-01   8.7575774e-02   9.9830716e-03
   2.7759654e-02   4.7915785e-02   5.7949231e-03   2.2551875e-01   8.1435200e-02   8.2165091e-03   1.9056768e-01   9.5795228e-03   4.3285291e-02   8.3505145e-02   1.7122426e-01   5.6473848e-02   7.1585276e-03   4.1564906e-02
   2.8100615e-02   8.4824949e-02   9.5320879e-03   1.2100065e-02   8.1682792e-02   5.6309721e-02   3.0817517e-02   1.5473900e-02   1.4690108e-02   1.3241079e-02   1.5641336e-01   1.8066811e-01   1.7825049e-01   1.3789520e-01
   2.8578368e-02   1.3420966e-02   2.2118421e-02   3.2653519e-02   7.3371066e-05   1.4828393e-01   6.4098507e-02   1.5291253e-01   1.4881438e-03   1.7182397e-01   5.4051667e-03   1.0438391e-01   1.2597606e-01   1.2878313e-01
   2.8669193e-02   1.4500576e-02   2.6317378e-02   7.8157105e-02   1.7556050e-01   1.6473423e-01   9.2341036e-02   2.1227757e-02   8.6463105e-02   2.1445429e-02   4.2992655e-02   1.4888186e-01   8.5820434e-02   1.2888743e-02
   2.8872112e-02   1.6133814e-01   9.5990761e-02   2.9071622e-02   5.7820671e-03   8.5917873e-02   5.6025260e-02   2.6530353e-02   1.6659964e-01   7.7453625e-02   1.2979568e-01   1.0809024e-04   9.0359887e-02   4.6154892e-02
   2.9352206e-02   8.0663553e-02   5.9090954e-03   7.1790479e-02   7.8425868e-02   4.1613527e-02   5.4300705e-02   7.2197163e-02   2.7708228e-01   1.3007953e-02   4.2554133e-02   1.7374043e-02   5.8931646e-02   1.5679735e-01
   2.9523428e-02   1.3913943e-02   8.6171363e-02   8.2230035e-02   1.7714481e-03   3.4845879e-02   9.4175610e-02   1.9553529e-01   1.0845388e-01   3.0801344e-02   5.8450521e-02   6.7072133e-02   1.9034386e-01   6.7112692e-03
   2.9770006e-02   5.7267526e-02   8.4066833e-02   1.1307210e-01   6.8994529e-02   2.1041180e-01   3.2366185e-02   4.7189343e-03   1.3490151e-01   1.0829551e-01   2.3787797e-03   8.7127183e-03   8.0036419e-02   6.5007152e-02
   3.1062067e-02   1.0618421e-01   3.9876637e-03   2.6628374e-03   1.1394221e-01   6.8985356e-02   3.5562423e-02   1.8293011e-01   1.3886982e-01   1.0831937e-02   8.1552462e-02   2.3548770e-02   2.2556705e-02   1.7732343e-01
   3.1867107e-02   4.3571970e-02   3.2563137e-02   1.8760606e-01   1.5574057e-02   4.9324113e-02   1.2880240e-01   2.1450662e-03   6.0629160e-02   1.9017887e-03   1.0566532e-01   1.3846943e-01   1.8133540e-01   2.0544994e-02
   3.2840229e-02   8.6986253e-02   1.0963723e-01   1.3449982e-01   7.3886728e-02   6.6745200e-02   5.5939027e-02   1.7025785e-01   8.7411811e-02   1.2627041e-01   2.8745037e-02   7.5428808e-05   1.2149935e-02   1.4555039e-02
   3.2949716e-02   1.9135353e-02   2.5427992e-02   2.0053751e-03   5.1350727e-02   1.7030200e-02   1.0778350e-01   4.8556562e-02   2.3547473e-01   1.8415285e-01   4.4553841e-02   2.8005104e-02   2.0263296e-01   9.4109275e-04
   3.3039168e-02   3.5193114e-03   5.8755472e-02   5.0454864e-02   4.1299207e-02   1.2716164e-02   2.7524860e-02   2.0560146e-02   1.7275408e-01   1.0757566e-01   3.1050973e-02   1.8692315e-01   6.9516657e-02   1.8431029e-01
   3.3364506e-02   1.1398677e-02   2.2311852e-02   1.7001344e-01   5.2619460e-02   8.6747929e-02   1.6729609e-01   2.5787127e-02   7.0696636e-02   1.6921603e-01   9.3105158e-03   3.8929107e-02   6.5786788e-02   7.6521852e-02
   3.3607548e-02   2.5064940e-02   2.6310506e-02   2.0666218e-01   4.0732488e-02   1.6172649e-03   5.0595545e-02   9.6992628e-02   1.2920542e-01   5.2506047e-03   1.1973445e-01   2.1478186e-01   2.6864832e-02   2.2579733e-02
   3.4443707e-02   4.4884848e-02   2.5486547e-02   2.1239484e-01   2.3361602e-02   1.6889815e-01   1.4999971e-01   4.0249114e-02   2.1964218e-02   5.0627244e-02   1.0844637e-01   3.7782938e-02   7.1369568e-02   1.0091138e-02
   3.5656146e-02   1.8548991e-01   7.9023076e-02   2.1853961e-01   5.4813011e-02   8.9954386e-03   9.3383771e-02   8.6015300e-03   1.0228478e-01   7.1581561e-02   1.4085370e-02   1.3429930e-02   2.7447392e-03   1.1137113e-01
   3.7184803e-02   1.5501794e-01   1.5875261e-01   6.6996184e-02   7.2392536e-02   9.4967621e-03   1.6918053e-02   7.0456799e-02   1.6415251e-01   3.1500676e-02   1.4687769e-01   6.2182622e-02   7.1606038e-03   9.1021652e-04
   3.7267062e-02   2.8402547e-02   1.6741503e-01   9.4085322e-03   4.1679403e-02   2.6526178e-03   8.5259409e-02   1.0967071e-03   3.0172302e-02   1.1386774e-01   1.5416466e-01   5.8560910e-02   9.4834776e-02   1.7521831e-01
   3.8334350e-02   1.1573847e-01   8.0098185e-02   1.5482655e-02   1.5204109e-02   2.2105500e-02   1.7751326e-02   6.4973703e-02   9.4980668e-02   3.7890097e-02   1.7486001e-01   1.5332050e-03   1.4640398e-01   1.7464374e-01
   4.0737562e-02   7.8036995e-03   8.0270214e-02   2.0855412e-02   1.7745478e-01   3.9857975e-03   2.3256651e-01   3.8594642e-02   3.5982324e-02   3.7541480e-03   7.5558598e-02   1.1014269e-01   1.6537314e-03   1.7063990e-01
   4.1272064e-02   2.0204660e-01   4.4375644e-02   9.1823709e-03   8.9299749e-02   4.9552092e-02   2.3877152e-01   1.3249914e-02   4.1747630e-02   1.5328312e-02   9.7164806e-03   1.8899368e-02   2.1375083e-01   1.2807427e-02
   4.1533911e-02   6.0827941e-02   1.3669396e-02   1.2232657e-01   1.1818938e-03   1.5252545e-01   2.9406811e-03   8.2877649e-02   1.1078654e-03   3.7547540e-03   1.1581924e-01   1.4815858e-01   1.1508872e-01   1.3818736e-01
   4.1591937e-02   1.1434932e-01   1.3239506e-01   4.8935260e-02   6.8114045e-03   4.1723991e-02   7.3930454e-02   1.5764029e-01   9.6978934e-04   2.8648002e-02   7.1183906e-02   1.4865685e-03   1.9114126e-01   8.9192750e-02
   4.2108797e-02   5.2054039e-03   1.5406738e-01   1.4794657e-02   1.2130257e-02   1.1120991e-01   3.8145645e-02   1.6603326e-01   4.8671561e-02   1.4956288e-01   1.7742410e-01   1.2773304e-02   6.1400193e-02   6.4726642e-03
   4.2314818e-02   5.7314857e-02   1.5806303e-01   1.5267405e-02   1.5387845e-01   2.3081764e-01   4.1598405e-02   1.4709044e-01   4.1058454e-02   4.8205081e-02   3.1143010e-02   9.3221709e-03   2.0261781e-02   3.6644617e-03
   4.2582647e-02   1.7629332e-02   4.5586643e-02   1.0272580e-02   3.6448585e-03   2.0550345e-02   1.3258383e-01   1.9654236e-01   1.7709817e-01   5.7408178e-03   1.7611987e-01   1.1314609e-01   1.8489106e-02   4.0013362e-02
   4.3895391e-02   4.1523323e-04   3.7193418e-02   1.0460844e-01   1.5417435e-01   1.5383782e-01   3.0035050e-02   5.0850969e-02   1.6105795e-01   4.5782548e-02   1.2447243e-01   1.4497428e-02   1.8743723e-03   7.7304605e-02
   4.4486743e-02   1.2803182e-01   1.6846668e-02   1.5850961e-01   9.4370160e-02   5.3298298e-03   2.2517554e-02   1.1887203e-01   4.9039272e-02   1.4620759e-01   1.0650907e-03   2.2491442e-02   1.3859543e-01   5.3636750e-02
   4.6279026e-02   2.6505875e-02   3.4010372e-02   7.5875587e-02   1.7266514e-01   2.1681559e-02   4.7615066e-03   2.4976067e-02   7.0968502e-02   1.1230741e-01   1.7770450e-01   1.4909019e-01   3.1561929e-03   8.0018076e-02
   4.6932017e-02   8.5574398e-02   1.7071972e-01   2.7686003e-02   2.9538014e-02   1.0063310e-02   8.9529757e-04   1.2977338e-01   1.0967699e-01   2.5260379e-02   6.1733121e-02   1.6680946e-01   1.3463060e-01   7.0731052e-04
   4.7747130e-02   7.3381144e-02   1.9634174e-01   1.6163174e-02   3.4999451e-03   1.1391879e-01   6.6342914e-03   1.4426683e-01   9.0052042e-02   1.5366805e-02   3.3376124e-04   1.1027374e-01   8.4527553e-03   1.7356785e-01
   4.8727324e-02   2.0654194e-01   1.7292650e-01   4.4204678e-02   1.9009325e-02   1.8483758e-01   7.1671165e-02   1.3688416e-02   2.4343400e-02   2.2021540e-02   3.1170048e-02   8.1296057e-02   8.8511244e-03   7.0710904e-02
   4.9190070e-02   1.9687143e-02   1.4617867e-02   2.5074295e-03   3.3769251e-02   1.9321207e-01   1.2299534e-01   7.5480679e-03   1.1379569e-01   7.5931151e-02   1.7616510e-01   1.7681673e-01   1.3061022e-03   1.2457986e-02
   4.9971035e-02   3.0009981e-02   8.7242079e-02   4.8191824e-02   3.3263435e-02   1.0795975e-01   1.4833530e-01   8.5232816e-02   3.8277506e-03   5.7861849e-02   1.4634382e-01   6.5448810e-02   1.2670429e-01   9.6072639e-03
   5.2332734e-02   5.0789975e-04   1.3351256e-01   1.3049445e-01   7.3289763e-02   1.6662744e-02   1.4512213e-01   1.4097557e-01   1.1090229e-01   4.7207295e-02   5.6422949e-02   7.0965838e-02   1.1472174e-02   1.0131606e-02
   5.2334920e-02   1.1367390e-01   3.3906619e-02   1.7189885e-01   2.2657897e-02   6.8273176e-02   1.9693520e-02   2.5320649e-02   3.1495571e-02   4.2367577e-02   5.5813635e-02   5.0496704e-02   2.4619535e-01   6.5871638e-02
   5.3922660e-02   3.6703585e-02   1.1835877e-01   6.1522108e-02   9.8998040e-02   2.0139403e-01   2.3554263e-02   7.0869379e-02   3.1780638e-02   5.4387602e-02   3.2798144e-03   1.8615381e-02   3.6932454e-02   1.8968128e-01
   5.4428646e-02   3.5956826e-03   1.5570751e-02   5.0451101e-02   1.3969530e-01   1.9368024e-03   2.8254582e-03   5.0219707e-02   6.3249647e-04   8.6240527e-04   1.7522553e-01   2.3150912e-01   5.6325794e-02   2.1672121e-01
   5.4708471e-02   3.5548950e-02   2.7224288e-02   7.6627466e-02   3.1694337e-02   2.2423157e-01   1.1109319e-01   1.3482747e-03   8.2899752e-02   1.1475590e-01   2.0341753e-01   3.0449059e-03   7.5038401e-03   2.5901518e-02
   5.5599877e-02   4.6383727e-03   1.0913248e-01   1.2705571e-01   2.9916119e-02   7.1266487e-02   6.2707390e-02   1.2993218e-01   7.2385445e-02   2.0506022e-02   1.2782700e-01   2.5161708e-02   4.7505994e-02   1.1636521e-01
   5.8792333e-02   1.1025092e-01   1.4309667e-02   8.3318521e-02   6.6582243e-02   6.5224760e-02   2.9034515e-02   3.6829422e-03   1.7512141e-01   3.2589774e-02   5.1107743e-03   1.7482527e-01   1.7297626e-01   8.1806091e-03
   5.9196263e-02   1.6930394e-02   8.5429649e-02   1.4578430e-03   1.7735873e-01   9.5280654e-02   1.0079219e-01   1.6507610e-01   9.0428222e-02   5.7832625e-03   1.4395956e-01   4.6054890e-03   3.3914369e-02   1.9787276e-02
   6.0459880e-02   1.6276657e-01   9.3795686e-03   1.0806108e-02   2.0753168e-02   1.9888570e-01   2.5904360e-02   1.9334938e-01   1.8667183e-01   5.3565836e-03   6.6891534e-02   1.8467386e-02   1.6643091e-02   2.3664841e-02
   6.1383237e-02   9.5343803e-03   4.9098749e-02   6.7097368e-03   4.0301978e-02   2.8960353e-02   6.5184253e-02   9.7356019e-02   6.8146124e-02   6.3426723e-03   1.1707965e-01   2.1009402e-01   2.0799068e-01   3.1818149e-02
   6.5134558e-02   1.5135652e-01   2.9395400e-03   3.2800193e-02   1.1083156e-02   1.1905856e-01   9.7460573e-02   1.0650790e-01   1.5439430e-01   1.3697137e-01   1.0027125e-01   5.2154532e-03   1.3530058e-02   3.2765797e-03
   6.5612093e-02   1.5677302e-01   1.2462018e-01   1.4019665e-02   3.4232965e-03   5.0246318e-03   2.0186282e-02   1.4277250e-01   1.5508160e-01   1.9991731e-02   1.4010132e-03   1.6386646e-01   3.5222721e-02   9.2004807e-02
   6.5851710e-02   9.0813546e-02   9.3719375e-02   4.9953032e-02   1.0112086e-01   5.1702501e-03   5.6458299e-02   8.9350050e-03   2.4245008e-02   2.2233551e-01   8.0762745e-03   2.2171173e-01   1.9255731e-02   3.2353669e-02
   6.6195100e-02   4.9281915e-03   1.4066717e-01   4.6320553e-02   1.3007426e-01   2.7706275e-03   5.3008774e-02   1.2475828e-01   3.3469156e-02   1.0513048e-01   7.0524393e-02   2.7058512e-03   9.7782993e-02   1.2166418e-01
   6.6213960e-02   7.8169060e-05   9.3413285e-02   3.4650014e-02   1.0060536e-01   4.1621378e-02   3.5692283e-02   6.2482061e-02   2.4170853e-01   5.0212555e-02   3.7932009e-02   4.5755159e-02   1.8411407e-01   5.5211581e-03
   6.7716792e-02   6.7603095e-02   2.2077081e-02   6.5010313e-02   1.8253183e-01   1.9000288e-01   1.2378227e-01   7.9192675e-02   1.9877087e-02   7.2507581e-02   7.9232651e-02   2.4112742e-02   5.9410827e-03   4.1191527e-04
   6.8818886e-02   1.2296016e-01   6.5455561e-02   9.2831745e-03   1.5568872e-02   4.0087077e-02   4.4757207e-02   1.3961887e-01   1.2245858e-01   1.2058426e-01   1.3434009e-02   6.1709172e-03   8.9254878e-02   1.4154755e-01
   6.9407651e-02   1.2366599e-01   1.6109822e-02   1.7237751e-02   1.0584515e-01   1.1098178e-02   1.3147560e-01   1.3363793e-01   1.2604233e-01   3.0197622e-03   1.2715135e-02   9.3387395e-02   1.3566382e-01   2.0693473e-02
   6.9971627e-02   1.6116070e-01   5.0760974e-03   1.1432169e-02   1.7052324e-01   2.8144362e-04   1.2762106e-02   6.1482988e-02   2.3500807e-02   1.2172745e-01   2.0463736e-02   1.7018535e-01   1.6971321e-01   1.7190840e-03
   7.1754882e-02   3.1225416e-02   1.3551954e-02   1.2470196e-01   7.5553522e-02   1.0203354e-01   1.1744553e-01   8.6414077e-03   1.8026459e-02   5.5038187e-02   1.0787386e-01   5.3640991e-03   1.7070541e-01   9.8083760e-02
   7.1948833e-02   2.4152491e-02   1.1453229e-01   1.6321517e-01   6.5774457e-02   1.6346429e-01   7.6218245e-04   7.4471151e-03   2.8571582e-02   5.2901583e-02   1.0073613e-01   3.0951757e-02   1.5438330e-01   2.1158826e-02
   7.5200876e-02   1.8249973e-01   1.0427181e-01   2.0914110e-02   4.1265766e-02   2.5954922e-02   1.4988046e-04   5.9657234e-03   7.7082142e-02   1.3323414e-01   1.0647598e-02   1.7119629e-01   1.1530600e-01   3.6311016e-02
   7.5463389e-02   2.4776725e-03   1.8535613e-01   1.0668767e-01   2.9029039e-02   1.6665744e-01   3.9686465e-02   1.4824842e-01   1.5483275e-01   4.7648535e-03   6.9499584e-02   8.4950339e-03   2.8239802e-03   5.9775701e-03
   7.5852180e-02   9.0633615e-02   1.2688045e-01   2.1621670e-01   2.5590705e-02   1.8657775e-02   2.4085468e-03   2.0024484e-02   2.5894009e-02   8.8085344e-02   9.9026782e-03   2.0158882e-01   8.8095424e-02   1.0169267e-02
   7.8102567e-02   2.2194824e-01   4.2356704e-02   8.9531199e-03   5.5747719e-03   7.3075109e-02   5.3457981e-02   8.4129469e-02   1.9560238e-01   3.2072956e-03   6.2578456e-02   7.8181723e-02   3.8116137e-02   5.4716051e-02
   8.1159338e-02   1.1501649e-01   2.0256012e-01   1.5874394e-01   4.0762566e-02   1.4995832e-02   1.7454256e-01   9.7470402e-03   3.3600879e-02   1.4137362e-02   1.8277909e-03   1.1477714e-02   1.1266165e-01   2.8766718e-02
   8.1764294e-02   3.8459160e-02   2.0149133e-02   1.8975087e-02   1.0549628e-01   1.2813737e-02   9.1977338e-03   1.9550928e-01   1.2735185e-01   4.8828433e-02   1.9604995e-01   9.7291061e-03   8.7390974e-02   4.8284985e-02
   8.2012346e-02   1.3341217e-01   5.2194745e-02   2.9998570e-02   1.5210598e-01   1.7390630e-01   1.6213939e-03   4.3397329e-02   1.4502444e-03   2.5137254e-03   2.3980083e-01   1.6986831e-02   3.1515287e-02   3.9084253e-02
   8.2588095e-02   9.4577979e-02   7.9314766e-02   1.0247371e-02   2.1668351e-01   1.9459181e-03   2.1994276e-01   2.3214903e-03   1.3161817e-02   8.5159447e-02   6.0377602e-02   4.3294844e-02   4.6604213e-02   4.3780182e-02
   8.2825621e-02   4.2868344e-02   2.4172666e-01   1.0517003e-02   1.0606441e-01   1.2328207e-02   1.7561101e-01   8.9627225e-02   9.8563133e-02   8.8147820e-03   3.8313806e-02   4.4869747e-02   4.3313980e-02   4.5560757e-03
   8.3016664e-02   1.1403775e-02   8.1268956e-02   1.6400267e-01   4.8175531e-03   1.8780122e-03   1.3253025e-02   2.0246913e-02   6.1017719e-02   6.0251593e-02   1.9141049e-01   1.8311792e-01   1.1565473e-01   8.6599640e-03
   8.3309995e-02   2.3481896e-01   7.1277318e-03   1.1446534e-01   1.1567752e-01   4.0043273e-02   1.2902286e-02   2.6354373e-02   8.4231489e-02   3.8669589e-02   5.2087684e-03   1.1273030e-01   5.8232049e-02   6.6228324e-02
   8.3389204e-02   2.8327191e-02   1.8724538e-03   3.8950153e-02   1.6871686e-01   9.8575574e-04   1.8127207e-01   8.4778573e-02   1.3697386e-01   1.9238608e-01   2.5074165e-02   5.3877123e-02   7.8978180e-04   2.6067329e-03
   8.5211312e-02   1.0689906e-01   1.1845273e-01   7.4175841e-03   1.4684887e-01   3.7294984e-02   1.4072589e-02   6.6527794e-02   4.0298681e-02   5.7023045e-02   1.5150132e-01   2.7659626e-04   1.4828495e-01   1.9890479e-02
   8.7056465e-02   9.8403652e-02   5.0748374e-02   1.2461119e-02   4.8384037e-02   1.8055391e-03   1.5438367e-02   2.5550002e-02   9.1054318e-03   1.9993260e-01   1.8430199e-01   5.8859797e-02   1.9763208e-01   1.0320547e-02
   8.7219594e-02   4.1492637e-02   1.7625681e-01   1.7866339e-01   7.4572847e-03   1.1870829e-01   1.5634171e-01   5.3413035e-02   1.2620911e-02   8.5056760e-02   2.0108230e-03   3.4558961e-02   8.3372145e-03   3.7862584e-02
   8.7328559e-02   2.8563846e-02   2.7606921e-02   2.3587439e-01   4.6655767e-02   2.0104862e-02   1.7588589e-01   7.6656516e-02   1.0426246e-02   5.2457556e-02   6.5009840e-02   6.9071991e-02   1.0254264e-01   1.8149815e-03
   8.8000940e-02   2.1237376e-01   2.0765027e-01   4.6093831e-03   8.3418664e-02   6.3012600e-02   1.9869085e-02   3.9235334e-02   2.3798923e-02   5.0264305e-02   4.6225752e-03   1.3246467e-02   5.1047981e-03   1.8479289e-01
   8.8945636e-02   1.3476230e-01   4.4794289e-02   5.6981191e-02   1.5683994e-02   4.9667077e-02   7.6853960e-03   4.3984807e-02   2.2013102e-01   2.1811327e-01   1.3767569e-03   1.1862901e-03   4.3929715e-02   7.2758261e-02
   8.9366560e-02   4.5268245e-02   6.9625021e-03   1.7372084e-02   2.4377334e-02   7.6925954e-02   1.8800586e-01   4.1057166e-02   1.2619006e-03   6.8811703e-02   5.3847783e-02   2.0388000e-01   1.8048614e-01   2.3767699e-03
   9.0032559e-02   5.1069840e-02   1.7748441e-01   8.3720566e-03   7.1714822e-02   2.3593398e-02   6.4578915e-02   9.0309590e-03   1.2970891e-02   1.8860175e-01   4.9755113e-03   1.4043707e-01   1.4859399e-01   8.5438262e-03
   9.4289777e-02   3.2117772e-02   8.4643915e-03   8.4661638e-02   1.7396608e-03   1.8739212e-02   2.9275722e-02   6.2222599e-02   8.1288585e-03   1.8736995e-01   1.6965002e-02   2.1013389e-01   1.6475834e-02   2.2941569e-01
   9.4705637e-02   2.2319750e-02   1.8645222e-03   8.9030474e-02   1.1250137e-02   2.1004482e-01   5.5144783e-02   2.5417371e-02   1.7761639e-01   8.3292556e-03   7.9246607e-03   6.7694479e-02   1.7992061e-01   4.8737116e-02
   9.5768393e-02   5.2705240e-02   1.3945767e-03   2.3326616e-02   1.3160141e-01   2.7680102e-02   1.7820427e-02   8.0534090e-02   1.9446092e-01   6.3551712e-04   5.3310414e-02   1.3962188e-01   1.9900921e-02   1.6123949e-01
   9.6055874e-02   8.1902822e-02   3.6717541e-02   1.1083490e-01   5.0548296e-02   1.1250783e-02   1.6254580e-01   1.3446232e-01   2.7860554e-02   2.6650184e-03   9.6810194e-04   3.8859051e-02   1.1450109e-01   1.3082785e-01
   9.7412632e-02   1.5162280e-01   9.9203061e-02   1.3265225e-02   6.0349784e-03   1.4172929e-01   1.2304511e-01   1.0126213e-01   2.2363733e-02   1.0947908e-02   1.1877905e-02   5.5528532e-02   1.5907473e-01   6.6319657e-03
   9.8942080e-02   2.8197523e-02   2.9099577e-02   6.1532245e-02   1.1564239e-02   7.8351823e-02   9.0922677e-02   1.3713844e-01   4.7218363e-03   1.9016584e-01   7.1987578e-02   1.6890247e-01   1.0989155e-02   1.7484515e-02
   1.0082635e-01   9.5989198e-03   9.1868688e-03   6.6410794e-03   1.1965698e-01   2.3090856e-02   9.2763790e-02   1.1137629e-01   7.1672561e-03   1.0901552e-01   1.9716318e-02   1.1351891e-01   1.5004748e-01   1.2739338e-01
   1.0212550e-01   5.6031850e-03   1.7412678e-01   4.4291699e-02   1.4694043e-01   1.0653294e-02   1.7737620e-01   3.4506826e-02   3.5366164e-02   1.5309689e-01   3.4876906e-02   7.8516980e-02   1.4230264e-03   1.0961247e-03
   1.0219840e-01   3.0145759e-02   7.2557143e-02   2.9727040e-02   1.8725819e-02   5.0272766e-03   1.5619444e-01   1.4178230e-01   3.3215168e-02   8.8647088e-03   1.6735034e-01   1.7398648e-01   4.7665455e-02   1.2559674e-02
   1.0234024e-01   1.3292838e-01   5.8729813e-02   6.9953213e-02   1.4883539e-02   1.0742118e-02   1.7577306e-01   1.5739703e-01   4.2412576e-02   1.2826152e-01   8.0941772e-03   5.2884868e-02   3.7958851e-02   7.6406107e-03
   1.0246007e-01   1.9313197e-01   4.7928631e-04   6.4025004e-02   2.1943975e-02   8.2433241e-02   5.1239021e-03   1.8160871e-01   2.0528156e-02   7.2133344e-03   1.8152379e-01   3.0610067e-02   9.5863582e-02   1.3054905e-02
   1.0433327e-01   6.9820523e-04   2.2615196e-02   4.3610823e-02   1.4658327e-01   1.8551161e-02   2.0264035e-02   3.5490187e-02   1.0837787e-03   1.7838987e-01   1.7473899e-01   6.6977704e-02   3.2350473e-03   1.8342847e-01
   1.0459326e-01   6.9553626e-02   1.6439167e-02   7.6854348e-03   4.8823827e-02   4.7448731e-02   1.2314099e-01   1.9362394e-02   9.1909858e-02   1.8210288e-01   5.8509606e-02   9.9324545e-03   1.8821143e-01   3.2286341e-02
   1.0512081e-01   1.0594930e-02   1.2958927e-02   8.7641068e-03   2.8863008e-02   1.3198537e-01   1.1444616e-01   2.3475886e-01   1.6408765e-02   1.9619964e-01   9.4296487e-02   1.0973435e-02   1.4323624e-02   2.0305882e-02
   1.0559621e-01   1.3678474e-01   6.1295753e-02   5.2038989e-03   1.3387638e-02   3.1294585e-02   4.1855291e-02   4.5239190e-02   1.5148497e-01   7.9152969e-02   1.5326100e-01   1.4479897e-01   2.8606691e-02   2.0380891e-03
   1.0678947e-01   1.8768218e-01   6.7092260e-02   9.6882278e-03   2.1576181e-02   9.5511124e-03   3.5860359e-03   2.5853299e-02   1.8510246e-01   1.8256288e-02   1.1789760e-01   3.3896177e-02   2.8410364e-02   1.8461834e-01
   1.0739946e-01   3.2857981e-02   2.1326252e-01   4.6342115e-02   9.9546424e-03   2.0629941e-01   1.0895160e-02   1.2962671e-01   9.4101160e-03   6.2326590e-02   2.0410781e-02   1.4834786e-02   8.6113475e-02   5.0266262e-02
   1.1145637e-01   1.1949262e-01   1.8852997e-01   8.2152141e-02   2.1592756e-02   1.9812214e-03   2.2667195e-02   1.4611215e-01   1.9195765e-02   1.6802106e-01   1.8518286e-02   8.7033196e-03   7.2838136e-02   1.8739020e-02
   1.1156987e-01   9.2108099e-02   3.0949375e-02   1.2038033e-02   2.2968570e-01   3.9295217e-03   5.7743032e-02   3.6584864e-02   1.6340970e-01   6.9629065e-02   1.6963972e-02   1.3477876e-01   5.5618908e-03   3.5048108e-02
   1.1212609e-01   7.6240133e-05   8.5903584e-02   6.3871355e-02   3.1682249e-03   9.1725267e-02   1.5473278e-01   6.0260258e-02   7.8784494e-02   4.8673826e-02   5.4018278e-02   9.9814751e-03   7.9692848e-02   1.5698528e-01
   1.1417699e-01   1.0698615e-01   3.7386366e-02   7.9751424e-02   2.7352303e-03   1.1526421e-01   3.7658925e-03   1.2235865e-01   7.3827825e-03   1.4794944e-01   1.3926916e-01   2.0429530e-03   1.4682509e-02   1.0624825e-01
   1.1522549e-01   2.0985687e-02   9.6186605e-02   1.7279276e-02   8.0844231e-02   1.0273846e-01   3.6343978e-02   2.0072243e-02   1.1104476e-02   4.9605583e-03   1.8292239e-01   1.7998193e-01   1.0766578e-01   2.3688894e-02
   1.1621619e-01   1.1758263e-01   7.9053134e-03   6.7667150e-02   1.2754312e-01   2.9153612e-02   1.0642386e-01   1.3881202e-02   6.4280964e-02   2.7002584e-02   1.3947040e-02   1.4684563e-02   1.1780125e-01   1.7591053e-01
   1.1636906e-01   1.4384935e-01   9.6217017e-02   2.2954202e-02   1.1545908e-02   6.9518258e-03   9.2191124e-02   1.2829585e-01   1.3018391e-02   5.2282539e-03   3.2296061e-02   1.3991837e-01   4.9594519e-02   1.4157007e-01
   1.1655911e-01   1.5306971e-01   1.2549187e-02   1.2216893e-01   1.5077813e-01   5.2621162e-03   1.2600993e-01   4.1108578e-02   9.5162755e-02   5.4445805e-02   1.0841306e-01   8.5453012e-03   2.2501575e-03   3.6772403e-03
   1.1689779e-01   8.5289169e-02   9.5043290e-02   1.9779451e-01   1.4835057e-01   1.2623937e-02   4.2552112e-02   8.9503463e-03   3.6774600e-03   7.2407614e-03   2.0608759e-02   8.2345747e-02   1.0986238e-01   6.8763169e-02
   1.1807198e-01   2.5598847e-02   7.0544317e-02   4.6849646e-02   1.5288748e-02   8.5073244e-02   4.5609244e-02   2.4948066e-02   1.8876581e-01   1.2713661e-01   1.8350618e-01   4.6088991e-02   2.0352442e-02   2.1658792e-03
   1.2024070e-01   2.7458121e-02   1.3775588e-01   7.0686952e-02   1.7005049e-01   1.1903033e-02   9.3531866e-03   1.3795763e-01   1.3861776e-01   6.7721299e-03   1.1580745e-01   3.1689902e-02   8.9869147e-04   2.0808065e-02
   1.2104007e-01   2.1023978e-03   7.0397591e-03   9.3201099e-03   1.2017917e-02   2.7251134e-02   1.6819759e-01   7.2990509e-02   1.8286012e-01   3.1767402e-02   5.8439391e-02   6.8052656e-02   1.7777489e-01   6.1146050e-02
   1.2105901e-01   3.4784777e-02   1.7491613e-02   4.8997474e-02   1.8329960e-02   1.5788768e-03   1.7778873e-01   7.2259470e-02   1.4129553e-01   1.3531298e-01   3.7598400e-02   1.7277614e-01   1.0022962e-02   1.0704073e-02
   1.2130291e-01   9.2974375e-03   6.4752870e-02   1.4397882e-01   2.8899417e-02   1.4555132e-01   6.7039308e-02   2.5855493e-03   1.7466839e-02   1.0059975e-01   1.3452165e-01   3.3744626e-02   3.5375836e-03   1.2672192e-01
   1.2250741e-01   1.3507964e-01   4.6599409e-02   1.4846830e-01   7.7202979e-02   3.3309537e-04   3.3690611e-02   6.5312603e-02   1.9494945e-02   8.3780177e-02   1.2525479e-01   3.4802944e-02   9.1110941e-03   9.8362010e-02
   1.2260674e-01   2.8215702e-02   2.7169254e-02   1.0822540e-02   1.1231744e-01   6.5077939e-02   4.5552544e-04   2.1035279e-01   7.9704515e-02   2.7683025e-02   5.4617678e-02   2.1915982e-01   3.3030119e-02   8.7869148e-03
   1.2460208e-01   7.7021175e-02   1.6345786e-01   2.4405530e-03   2.8542120e-02   1.0118074e-01   1.7041319e-03   1.4864636e-03   1.4755878e-01   1.5270117e-01   2.9149430e-02   4.6274581e-02   7.5371208e-02   4.8509701e-02
   1.2486048e-01   1.7665403e-01   1.2928074e-03   6.2140090e-03   9.6635182e-03   5.7854872e-02   1.7380717e-01   4.6659040e-02   4.2825266e-03   1.8702671e-01   4.0888932e-02   1.4776543e-01   3.3511697e-04   2.2695356e-02
   1.2700410e-01   6.6694464e-02   1.6014311e-02   1.7678343e-01   4.4252245e-02   1.8320346e-01   2.2028437e-02   3.3280252e-02   3.0019433e-03   8.3309636e-03   4.2293605e-02   1.1337968e-01   8.3180723e-03   1.5541504e-01
   1.2801012e-01   1.7831263e-01   9.5547301e-03   6.0497245e-03   1.4791713e-01   4.6655574e-02   1.1382784e-02   9.3899441e-04   7.3788382e-02   2.6218938e-01   8.5970970e-02   2.7728703e-02   1.3962709e-02   7.5381576e-03
   1.3773669e-01   1.4659177e-02   1.8271045e-02   1.1759534e-01   1.0906517e-01   1.4045939e-01   2.8677733e-02   2.6421076e-02   5.0666772e-03   3.5208186e-02   1.9394518e-02   1.9580780e-01   1.4000515e-01   1.1632037e-02
   1.3849183e-01   1.3748741e-02   7.0155452e-03   9.9841005e-02   2.0659168e-01   5.5950750e-02   8.1332893e-03   3.2953274e-03   5.5991950e-02   1.7982791e-01   2.5168528e-02   1.2278045e-02   1.5114998e-01   4.2515428e-02
   1.3892691e-01   1.4366695e-01   5.4875049e-02   1.0226169e-01   2.8862852e-02   1.4970530e-02   1.9186750e-02   1.7092165e-02   1.8634140e-02   4.0544464e-02   5.8950231e-02   1.5544534e-01   1.1369343e-01   9.2889499e-02
   1.4124205e-01   2.1825439e-02   6.6973613e-02   1.9067080e-03   9.2402835e-02   5.7371380e-02   6.8423059e-02   1.9661702e-01   1.9895117e-01   3.2937261e-04   4.7100210e-02   5.5541413e-02   2.4336660e-02   2.6979063e-02
   1.4188027e-01   5.0640860e-02   1.3502299e-02   4.6650542e-02   6.3700715e-03   2.0473981e-02   1.1208795e-01   6.1281375e-04   1.8133499e-01   4.1668695e-02   2.3343769e-01   7.1383005e-04   1.4964306e-01   9.8294659e-04
   1.4210995e-01   1.5219063e-03   1.4444051e-01   3.0137996e-02   1.0227549e-01   3.8720563e-02   9.4194380e-03   1.0294366e-01   5.4499368e-02   3.5522344e-02   5.6874091e-02   9.8101857e-02   1.3447092e-01   4.8961909e-02
   1.4213873e-01   5.0961262e-02   2.5529819e-02   6.9471126e-02   6.2935892e-03   8.9043232e-02   2.0834005e-01   1.6461201e-01   6.4551695e-02   2.9057301e-03   5.2616774e-02   5.3651145e-02   5.9318434e-02   1.0566407e-02
   1.4321987e-01   6.9840152e-02   1.0764599e-01   2.4189483e-02   9.8490568e-02   1.8964047e-02   8.1824086e-03   4.6952615e-03   2.2966537e-03   1.6573457e-01   8.9429221e-02   1.0027782e-03   9.0801460e-02   1.7550754e-01
   1.4446075e-01   1.9835908e-02   5.1324253e-03   8.9360428e-02   1.4774613e-01   9.4825741e-02   4.1996640e-05   2.4349437e-03   1.2208131e-01   1.3452137e-02   4.7289996e-02   1.3426452e-02   1.5593712e-01   1.4397466e-01
   1.4458366e-01   1.5236430e-01   9.7835067e-03   8.9803781e-02   5.7838515e-03   1.8603889e-02   1.8153135e-01   6.0308631e-02   1.1382905e-01   2.9410428e-02   1.2345579e-01   8.2255020e-04   5.2287659e-03   6.4490434e-02
   1.4576637e-01   8.7528114e-02   1.3384841e-02   1.9458049e-01   3.1840443e-03   4.2134865e-02   3.4524687e-02   2.0904211e-01   3.8291022e-02   4.8101767e-02   9.9984866e-02   1.2245315e-02   1.6184995e-02   5.5046517e-02
   1.4737257e-01   9.4073336e-02   1.1559547e-01   7.5214589e-02   1.2396129e-01   2.0651408e-02   1.3007692e-01   1.0046145e-01   1.6842239e-02   4.1255739e-02   2.4697457e-02   2.2929899e-02   7.0958095e-02   1.5909538e-02
   1.4759048e-01   3.5580445e-02   4.1916508e-02   1.5225952e-02   1.7012202e-01   1.7031978e-01   9.1915994e-03   1.0294986e-01   8.7352433e-03   1.2792288e-01   8.2480741e-03   2.6275493e-02   1.2867121e-01   7.2504560e-03
   1.4809573e-01   1.7464667e-01   2.1063954e-01   8.7174149e-03   3.9901204e-02   4.2621512e-02   2.0253142e-02   3.6278506e-02   1.5137044e-03   8.9396454e-03   5.5394689e-02   1.5796989e-01   5.5705614e-02   3.9322735e-02
   1.4882340e-01   3.2877430e-02   4.7639364e-02   1.7516213e-01   3.0808197e-02   1.4339670e-01   2.0443152e-02   1.2642394e-02   1.6452352e-01   1.2359695e-02   4.9699181e-02   4.3271186e-03   4.4729182e-03   1.5282480e-01
   1.4988807e-01   9.0085876e-02   6.0376794e-03   9.0913489e-02   2.5191130e-03   7.7204435e-03   1.8113969e-01   4.1177475e-02   1.9966558e-03   1.7915988e-01   1.3066222e-01   9.4048752e-03   8.1095287e-02   2.8199247e-02
   1.5008427e-01   2.8889634e-02   1.3298183e-01   5.2491872e-02   2.8650125e-02   5.2282060e-03   7.8505083e-02   1.8059038e-02   1.1545072e-01   1.9702247e-02   1.1950425e-01   1.4234442e-01   5.4781918e-03   1.0263012e-01
   1.5149737e-01   1.1803581e-02   1.4675440e-01   1.3441183e-02   1.6889482e-02   2.8013378e-02   1.0679743e-01   3.5578797e-02   1.2930698e-01   1.0378407e-01   9.1966887e-02   2.4422172e-03   1.2266140e-01   3.9062823e-02
   1.5219171e-01   2.7641468e-04   2.0917271e-02   2.3220862e-03   1.3244428e-01   1.9499502e-01   1.9591897e-02   2.4660430e-01   2.1798215e-03   2.1677779e-02   3.4170533e-02   6.5328704e-03   1.3209558e-01   3.4000440e-02
   1.5259261e-01   1.2241038e-02   1.8317253e-02   1.2976796e-01   3.6673669e-02   6.6616037e-02   5.7181271e-03   4.0721494e-02   1.5665292e-01   1.6065209e-01   2.9514395e-03   3.3608838e-02   1.0379367e-01   7.9692859e-02
   1.5287668e-01   8.0014459e-02   7.4919961e-02   9.9608700e-02   8.4164368e-02   8.5407362e-03   1.0238197e-01   3.9142264e-02   1.5954453e-01   4.8545862e-03   6.8653306e-03   9.2234829e-03   1.1647680e-01   6.1386131e-02
   1.5564238e-01   5.4869929e-03   2.6580937e-02   3.0947376e-02   9.2618830e-02   1.5102492e-01   3.7917436e-02   3.9144703e-02   3.1347433e-02   7.2355103e-02   3.3321528e-02   1.2005928e-01   5.3860763e-02   1.4969232e-01
   1.5748926e-01   1.5398137e-01   1.7262415e-01   6.7686369e-02   1.6552888e-02   5.8450293e-02   4.4232562e-02   5.4057368e-02   1.1517318e-01   5.2669039e-02   1.5415803e-02   1.9079635e-02   5.8155564e-03   6.6772536e-02
   1.5830480e-01   1.3737337e-01   8.6900874e-02   5.2272071e-02   1.1517462e-02   1.4125775e-01   5.0769132e-02   2.7502467e-02   3.1978889e-03   8.6804357e-03   1.5960684e-01   1.8957998e-03   1.2322943e-01   3.7491673e-02
   1.5838209e-01   4.1064604e-03   1.8436609e-01   1.5556970e-02   1.6218001e-01   1.8207444e-03   1.5876382e-02   3.0041282e-02   8.7313627e-02   1.0047418e-01   1.6634394e-02   1.2981937e-01   2.1389596e-02   7.2038797e-02
   1.6026919e-01   1.0257116e-02   2.4003259e-03   1.1942696e-01   1.0464100e-01   1.9240379e-01   4.2759365e-02   4.2022600e-02   9.7775866e-03   3.2278063e-03   8.5989043e-02   2.3278219e-02   1.7418402e-01   2.9362972e-02
   1.6054396e-01   5.3617536e-03   2.2783014e-02   1.1135723e-01   1.6852219e-02   4.0562940e-02   2.2314490e-02   9.1262123e-02   8.9069669e-02   3.9092389e-02   2.2315254e-02   1.1974699e-01   1.0269935e-01   1.5603862e-01
   1.6102770e-01   7.4281782e-02   1.2475630e-01   1.2373858e-02   1.5502126e-02   9.1908784e-03   9.1716739e-02   1.5939956e-01   5.8749892e-03   1.0140832e-01   1.0968332e-02   2.7229245e-02   2.1613671e-02   1.8465650e-01
   1.6300273e-01   1.6904580e-01   6.2867219e-02   1.5747188e-02   1.2781872e-01   2.0198026e-01   4.5902514e-02   1.0670993e-01   1.4895800e-02   3.5224058e-02   1.1806051e-02   2.5586613e-03   4.2164752e-02   2.7632731e-04
   1.6315659e-01   4.1401393e-03   9.2279728e-03   1.1150203e-01   1.6602819e-01   9.3940947e-03   2.8099449e-02   9.2236438e-03   9.3399440e-02   3.7741806e-02   1.7374865e-01   3.4375912e-02   8.9134526e-02   7.0827553e-02
   1.6442538e-01   1.2001738e-02   4.2630743e-02   4.8671362e-02   6.4338213e-02   1.0543823e-02   8.6626721e-02   4.3889966e-02   1.3856905e-01   2.4154407e-01   4.4205168e-02   4.4790550e-02   4.1264521e-02   1.6498694e-02
   1.6444014e-01   3.3155409e-02   1.8179187e-01   4.2276131e-02   5.2119591e-02   1.8944693e-01   4.0478997e-03   1.7622366e-02   5.4097795e-03   9.9184425e-03   1.2564458e-01   3.7194868e-02   3.2082404e-03   1.3372376e-01
   1.6467341e-01   2.8866177e-02   5.7113750e-02   2.1702387e-03   4.4388589e-02   6.1977655e-02   8.8243474e-02   8.8533084e-02   2.1160249e-02   6.5880401e-02   1.6449386e-01   1.0361877e-01   9.6761083e-03   9.9204236e-02
   1.6522278e-01   1.9891510e-01   8.8056793e-03   2.1105237e-01   6.7848215e-03   1.2411893e-01   1.3245447e-01   2.8060388e-02   2.6224212e-02   1.2489586e-02   1.1706260e-02   2.8000635e-03   6.6452035e-02   4.9133009e-03
   1.6588880e-01   2.0232853e-02   6.6176062e-02   1.4531540e-01   1.1657402e-01   2.7179270e-02   1.0959029e-01   1.4277599e-02   2.8209773e-02   7.3770703e-02   3.7889137e-02   2.6244320e-02   4.3796172e-02   1.2485559e-01
   1.6711961e-01   4.4533506e-02   1.2188056e-03   9.3991827e-02   1.1714477e-02   5.5471073e-02   5.1885773e-02   2.2038022e-03   2.0273103e-02   1.3060262e-01   1.1172437e-01   4.2672696e-02   1.2378320e-01   1.4280514e-01
   1.7092494e-01   1.4107029e-01   2.7328747e-02   1.6386421e-01   1.5635993e-01   1.2359988e-01   1.9897198e-02   3.5763654e-02   3.5733327e-04   7.9264885e-02   1.5878236e-02   6.0715068e-03   1.0899927e-02   4.8719253e-02
   1.7128556e-01   4.9418690e-03   4.6539448e-02   1.6246777e-01   5.1568632e-02   1.4537688e-01   9.7067325e-02   8.4244631e-02   7.4222341e-02   7.1906633e-02   3.1692594e-02   7.7738241e-03   2.5920591e-02   2.4991905e-02
   1.7287016e-01   7.5417880e-02   6.0790158e-02   1.7925056e-01   5.3113851e-03   8.3493372e-02   2.4064608e-02   5.7844104e-02   6.7681974e-02   1.7163684e-03   1.7011952e-01   5.1725944e-02   4.5383191e-02   4.3307754e-03
   1.7308007e-01   1.2249542e-02   9.8441783e-02   6.4206873e-03   1.3561117e-01   6.1206794e-03   1.2422327e-01   5.8281379e-02   2.9883080e-02   2.2630991e-03   1.8154705e-03   4.1286118e-03   1.6998836e-01   1.7749280e-01
   1.7348833e-01   1.9366604e-01   4.5196365e-03   1.3462792e-01   5.9150842e-03   1.7368329e-02   2.0149207e-02   1.2725163e-02   2.4159641e-02   1.9227335e-01   9.4021312e-02   7.3236815e-02   4.9162927e-03   4.8932879e-02
   1.7604901e-01   7.3047760e-02   1.4140777e-01   1.7802352e-01   4.8355998e-02   1.0384741e-02   7.8430147e-03   1.0926525e-01   5.9887254e-02   4.3909348e-02   4.0400187e-02   2.7609055e-02   6.8092006e-02   1.5725087e-02
   1.7611218e-01   1.5567413e-01   4.2058280e-02   6.7931119e-03   4.0659091e-02   5.8714535e-03   1.4715157e-01   3.0570104e-02   2.6522581e-03   9.9953754e-02   1.4761193e-01   8.5700782e-02   1.1913417e-02   4.7277943e-02
   1.7678193e-01   8.2083279e-02   4.3113180e-02   1.1922928e-02   1.2020513e-01   4.4192533e-04   6.6196027e-02   5.1666363e-02   1.8097208e-01   6.6119062e-04   1.3161119e-01   6.9184225e-02   5.5514562e-02   9.6459919e-03
   1.8022791e-01   6.9552873e-02   1.0299527e-02   4.2334892e-02   8.3172377e-03   2.1354757e-01   8.4546136e-02   8.8015677e-02   1.4824776e-04   1.1728858e-01   3.0595289e-02   8.2549890e-03   1.0252092e-01   4.4350149e-02
   1.8064746e-01   1.9489681e-01   8.8134496e-02   9.1676244e-03   1.2589809e-01   8.3613095e-02   7.0101495e-02   5.3196636e-02   1.2771308e-01   1.6819018e-02   9.4593797e-03   3.3969473e-02   2.8470582e-03   3.5362832e-03
   1.8259780e-01   1.3463895e-01   3.9882251e-02   1.5439492e-02   1.5233511e-02   7.0288918e-03   5.0789415e-02   1.6473829e-01   1.5505987e-01   1.0379534e-01   7.5613492e-02   2.2581253e-02   2.1162094e-02   1.1439345e-02
   1.8361525e-01   1.5437907e-02   1.3164585e-02   8.8422844e-03   1.6763286e-02   4.7658843e-03   4.3957275e-02   1.2570158e-01   1.0382913e-01   9.5849192e-02   1.4538779e-01   1.4534495e-02   7.9955522e-02   1.4819582e-01
   1.8448263e-01   6.7780150e-02   6.5594003e-04   9.3859113e-02   1.3808388e-01   1.0619693e-01   2.0586730e-01   3.8193565e-02   2.9847910e-02   1.2009276e-02   4.6716356e-02   1.7027129e-02   3.0304544e-02   2.8975282e-02
   1.8662447e-01   2.1417730e-01   1.3948685e-01   3.3468619e-02   1.2014149e-02   1.9256146e-02   1.6230910e-01   5.8435431e-02   2.0217215e-02   2.5981516e-02   1.2200377e-02   7.8115060e-02   6.6259013e-03   3.1087853e-02
   1.8913666e-01   1.7237850e-01   6.9611609e-02   1.6764495e-02   1.3897558e-01   1.9560206e-02   6.2825424e-03   1.7006639e-01   3.6391589e-02   2.0201531e-03   3.2049197e-02   8.0257755e-02   6.5131666e-03   5.9992170e-02
   1.9001471e-01   1.2887590e-01   7.1155309e-03   7.6910416e-02   4.1337295e-02   1.2726723e-01   1.8671535e-01   2.7400983e-03   6.9135712e-03   1.4423360e-02   6.1340543e-03   1.6326578e-01   8.1454537e-03   4.0141252e-02
   1.9220321e-01   9.3592671e-03   1.5783883e-01   2.0083913e-01   2.5194899e-02   3.9121676e-04   1.9719643e-03   1.8739894e-02   3.3848823e-02   1.5242139e-01   1.3692823e-03   4.1397160e-02   1.1181044e-01   5.2614497e-02
   1.9530445e-01   1.7019191e-01   6.1932958e-02   9.4312513e-03   9.9075588e-03   2.1705875e-02   9.9853069e-02   9.5508370e-03   1.7421672e-02   3.8408088e-02   7.9175209e-02   6.5436218e-02   3.6522572e-02   1.8515833e-01
   2.0818483e-01   1.4707561e-03   4.6655487e-02   2.2178715e-01   8.5486463e-03   1.5842438e-02   4.5143593e-02   5.0634870e-02   8.6748618e-03   1.9863383e-01   1.7721417e-02   1.1907541e-01   3.3548809e-02   2.4077899e-02
   2.1015105e-01   6.2900205e-02   5.0878172e-02   1.2852968e-01   1.3210365e-03   2.1012541e-02   3.9233969e-03   1.6332282e-01   3.3853096e-02   1.4852877e-02   1.6467261e-02   1.5172090e-01   1.3858708e-01   2.4798820e-03
   2.1429285e-01   2.8086579e-03   4.8370358e-02   1.8718514e-02   5.2723595e-02   6.3914019e-02   3.9770613e-03   3.6253156e-02   9.9837096e-02   1.0455161e-01   7.1870742e-02   1.5262890e-01   1.2951427e-01   5.3917823e-04
   2.1636303e-01   5.3202331e-02   1.3038060e-02   1.3835184e-02   2.2095293e-01   1.5470391e-02   1.2924460e-01   1.8675734e-02   2.6725251e-02   3.0976214e-02   6.6168782e-02   2.8599978e-02   9.7840674e-02   6.8906839e-02
   2.1903835e-01   1.2210881e-01   1.1029244e-01   8.6128126e-02   1.7235870e-03   3.1736348e-02   4.6604489e-02   3.1240226e-02   3.3017550e-02   4.1724014e-02   1.0932882e-03   2.4693140e-01   5.5193733e-03   2.2841997e-02
   2.2285715e-01   5.7464556e-02   5.5535073e-02   9.7887411e-02   1.0798424e-01   2.4526426e-02   6.9762151e-03   1.1029502e-01   2.0840972e-02   7.3058384e-02   3.3919323e-02   1.7438938e-01   6.6687448e-03   7.5971151e-03
   2.2726157e-01   2.2204881e-01   5.4616461e-02   2.1249285e-02   7.3131735e-02   7.1108948e-03   3.7886867e-02   6.6578095e-02   7.4267419e-02   5.0309159e-02   1.7663111e-02   1.6462117e-02   1.2507080e-01   6.3436749e-03
   2.2826345e-01   1.6451800e-02   2.1306547e-01   2.3753877e-03   4.9414512e-02   8.1769636e-02   9.4946334e-02   9.3546018e-02   8.0491758e-03   3.5555664e-03   1.4885635e-02   1.1602550e-01   5.5558907e-02   2.2092604e-02
   2.3261015e-01   9.8855448e-03   1.8355031e-02   1.2700388e-02   1.1671072e-01   9.6245392e-02   4.2991370e-02   3.9674522e-02   2.5485102e-02   1.0005131e-01   1.1293812e-01   7.9760587e-03   1.7904170e-01   5.3345966e-03
   1.0000000e+00   0.0000000e+00   0.0000000e+00   0.0000000e+00   0.0000000e+00   0.0000000e+00   0.0000000e+00   0.0000000e+00   0.0000000e+00   0.0000000e+00   0.0000000e+00   0.0000000e+00   0.0000000e+00   0.0000000e+00
