   0.0000000e+00   0.0000000e+00   0.0000000e+00   0.0000000e+00   0.0000000e+00   0.0000000e+00   0.0000000e+00   0.0000000e+00   0.0000000e+00   1.0000000e+00
   0.0000000e+00   0.0000000e+00   0.0000000e+00   0.0000000e+00   0.0000000e+00   0.0000000e+00   0.0000000e+00   0.0000000e+00   1.0000000e+00   0.0000000e+00
   0.0000000e+00   0.0000000e+00   0.0000000e+00   0.0000000e+00   0.0000000e+00   0.0000000e+00   0.0000000e+00   1.0000000e+00   0.0000000e+00   0.0000000e+00
   0.0000000e+00   0.0000000e+00   0.0000000e+00   0.0000000e+00   0.0000000e+00   0.0000000e+00   1.0000000e+00   0.0000000e+00   0.0000000e+00   0.0000000e+00
   0.0000000e+00   0.0000000e+00   0.0000000e+00   0.0000000e+00   0.0000000e+00   1.0000000e+00   0.0000000e+00   0.0000000e+00   0.0000000e+00   0.0000000e+00
   0.0000000e+00   0.0000000e+00   0.0000000e+00   0.0000000e+00   1.0000000e+00   0.0000000e+00   0.0000000e+00   0.0000000e+00   0.0000000e+00   0.0000000e+00
   0.0000000e+00   0.0000000e+00   0.0000000e+00   1.0000000e+00   0.0000000e+00   0.0000000e+00   0.0000000e+00   0.0000000e+00   0.0000000e+00   0.0000000e+00
   0.0000000e+00   0.0000000e+00   1.0000000e+00   0.0000000e+00   0.0000000e+00   0.0000000e+00   0.0000000e+00   0.0000000e+00   0.0000000e+00   0.0000000e+00
   0.0000000e+00   1.0000000e+00   0.0000000e+00   0.0000000e+00   0.0000000e+00   0.0000000e+00   0.0000000e+00   0.0000000e+00   0.0000000e+00   0.0000000e+00
   2.1675607e-04   1.2913284e-01   2.5085453e-01   1.1994974e-02   5.2364241e-03   6.2667396e-02   1.0113464e-01   2.0074801e-01   2.2076515e-01   1.7249285e-02
   2.3404232e-04   1.5110652e-02   1.6685986e-02   1.4415355e-01   2.9752891e-01   1.4239658e-02   4.2917739e-02   2.0863972e-01   1.7736280e-01   8.3126934e-02
   2.7945254e-04   8.1356683e-03   2.7879581e-01   3.7819717e-01   1.7871779e-01   3.7401132e-02   7.0579595e-02   1.0349057e-02   2.7678269e-02   9.8660579e-03
   3.2954358e-04   1.6592519e-01   1.0380623e-02   1.0051079e-02   2.8044159e-01   1.0051079e-02   2.9395288e-01   1.5505026e-01   2.6363487e-02   4.7454276e-02
   3.3114449e-04   1.1252948e-01   1.2482420e-01   1.7533039e-02   2.5548777e-01   1.5269754e-02   1.1377626e-01   9.5620886e-02   3.5105183e-02   2.2952228e-01
   3.3269458e-04   9.0432734e-03   2.6189183e-01   2.2434845e-02   8.6026726e-03   1.8179952e-02   1.3474555e-01   2.7319493e-01   1.2407566e-01   1.4749860e-01
   3.5911810e-04   2.2926308e-01   1.6643612e-01   1.5705899e-01   5.5038639e-03   8.5190091e-03   6.2238083e-03   2.5769368e-01   2.2010929e-02   1.4693140e-01
   5.2947406e-04   1.6166608e-01   2.6473703e-02   5.0829509e-02   3.0885987e-02   3.5298270e-04   1.1754324e-01   3.2615602e-01   1.6254854e-01   1.2301447e-01
   7.3752480e-04   1.3612303e-01   9.8407594e-03   1.4048175e-02   1.7934745e-02   4.8949243e-03   2.4145488e-01   8.7784441e-02   2.4336651e-01   2.4381501e-01
   9.5377138e-04   1.5074613e-01   1.9348820e-01   2.4451242e-01   3.5626813e-02   9.0109129e-02   9.0133162e-03   1.7935505e-01   9.1458411e-02   4.7367522e-03
   1.1359872e-03   1.9151829e-02   1.8632432e-01   3.0520895e-01   3.5923852e-02   7.5789583e-02   1.2282758e-01   6.2071074e-03   1.0579339e-01   1.4163741e-01
   1.3786148e-03   2.3733230e-02   9.3707242e-02   9.8475734e-02   3.1367454e-03   2.6242718e-01   6.0875745e-02   1.0484858e-01   1.0642459e-01   2.4499234e-01
   1.4071236e-03   5.9906680e-03   7.0165642e-02   1.4453761e-01   1.2570920e-01   1.5297685e-01   1.6039888e-01   1.8372915e-01   1.0265977e-01   5.2425098e-02
   1.5175251e-03   6.1167955e-02   4.0967264e-02   8.7462593e-02   5.5405188e-04   3.7986866e-02   1.2005276e-01   1.4653069e-01   2.4840835e-01   2.5535194e-01
   2.0230178e-03   6.6059015e-03   4.8398782e-02   1.8616122e-02   1.9446561e-01   1.1635717e-01   1.9493800e-01   1.6353590e-01   1.0615491e-01   1.4890459e-01
   2.4404364e-03   2.2284925e-01   1.8272291e-01   1.6540159e-01   1.8268198e-03   1.5538965e-01   5.4711507e-02   1.8051246e-02   1.5387722e-01   4.2729377e-02
   2.6110968e-03   1.0760386e-01   1.4373732e-01   1.8220044e-01   1.7243648e-01   7.8058538e-03   4.0475874e-02   3.0584940e-02   6.7090777e-03   3.0583507e-01
   2.8437944e-03   5.4844607e-03   2.4659760e-01   2.0312817e-04   2.7828560e-01   7.8610603e-02   1.9358115e-01   1.3284583e-01   3.8594353e-02   2.2953484e-02
   2.8822959e-03   2.0993883e-01   7.9290451e-03   1.3456588e-01   8.7148263e-03   1.4803856e-01   1.8263818e-01   1.5469777e-01   1.9550111e-02   1.3104450e-01
   2.9954280e-03   3.0364181e-01   1.1965947e-01   1.8918493e-03   1.2565032e-01   7.3939776e-02   3.9413527e-03   5.2025855e-02   2.4940880e-01   6.6845341e-02
   3.0413432e-03   6.4546290e-02   2.8206943e-01   1.6505329e-02   1.2697780e-01   2.1600569e-01   1.6287657e-01   1.5636173e-02   6.1047939e-02   5.1293445e-02
   3.1051607e-03   2.1413887e-02   3.5808720e-02   1.9624934e-01   1.9486329e-02   2.2143422e-01   1.5059448e-01   7.6581120e-02   2.3153414e-01   4.3792610e-02
   3.1757234e-03   2.4170783e-02   1.1026817e-01   8.5920960e-02   1.4467184e-02   3.0504587e-01   2.2935780e-02   2.5705716e-01   5.5928017e-02   1.2103035e-01
   3.2071865e-03   3.9864694e-01   9.7442988e-02   2.4080543e-02   8.0123609e-02   9.0842995e-02   1.6612706e-01   3.6966954e-02   2.9743818e-02   7.2817907e-02
   3.6057098e-03   7.7028552e-02   2.8707128e-03   3.0325163e-01   1.4337211e-01   2.0643219e-01   5.1329569e-03   1.4365700e-01   3.3796835e-02   8.0852302e-02
   3.6390758e-03   2.1683306e-01   8.4020244e-02   4.5841756e-02   1.4987112e-02   2.2995185e-01   1.2289653e-01   1.3143693e-01   1.0155265e-01   4.8840789e-02
   3.6485074e-03   5.2300986e-02   1.8875592e-01   2.2754347e-01   3.0351345e-03   1.4753529e-01   2.3346327e-01   8.6567952e-02   4.7378231e-02   9.7712375e-03
   3.6709923e-03   1.9117258e-01   7.2846547e-02   1.4868545e-01   1.7288683e-02   1.3455972e-01   8.6006401e-02   6.0524316e-02   2.6031319e-01   2.4932117e-02
   3.8070955e-03   2.0260007e-01   1.5625622e-01   3.9038513e-02   1.7772094e-02   1.9010573e-01   2.3779293e-04   1.6168292e-01   3.2757013e-03   2.2522386e-01
   3.9212949e-03   6.8748153e-02   2.3274314e-01   8.6689083e-04   1.3316307e-01   6.9229204e-02   2.7784074e-02   1.5276684e-01   1.4924397e-01   1.6153337e-01
   4.0136934e-03   1.5914995e-01   2.9249176e-02   9.6879451e-02   1.2304852e-01   5.3474420e-02   3.3676492e-01   3.3910822e-02   1.2923965e-01   3.4269398e-02
   4.0168887e-03   1.7553472e-01   1.5839493e-01   1.2004440e-02   3.8498922e-02   4.4426182e-02   2.4832958e-01   8.4058896e-02   2.3310239e-01   1.6330545e-03
   4.0197174e-03   1.6376551e-02   8.2158162e-03   2.5425760e-01   2.2277204e-01   1.3600832e-01   2.0925152e-01   4.0990536e-02   5.7424427e-03   1.0236546e-01
   4.5889486e-03   1.4862619e-02   2.0055534e-01   1.6504930e-01   1.6396358e-01   2.2471739e-01   1.7919045e-01   1.1557594e-02   2.8477518e-02   7.0372674e-03
   4.6121341e-03   3.1976701e-01   5.7184601e-02   7.5805490e-02   9.2865985e-02   1.3417809e-03   6.1028195e-02   2.0157528e-01   1.3378200e-01   5.2037527e-02
   4.7998044e-03   6.2584945e-02   1.6076674e-01   1.4173014e-01   1.1756788e-01   2.6179905e-01   1.5842487e-03   2.0248928e-01   2.0708283e-03   4.4607087e-02
   4.8045275e-03   1.6077638e-01   2.3560215e-01   2.0595733e-01   5.0567616e-03   2.6099773e-01   2.9043776e-02   3.2565193e-02   5.6770319e-02   8.4258361e-03
   5.0036752e-03   2.9582366e-01   1.6663773e-02   8.8674491e-02   1.7661735e-01   1.1406023e-01   6.1545676e-03   1.0174235e-02   1.5325902e-01   1.3356899e-01
   5.0090463e-03   1.5059648e-01   9.0824288e-03   1.3201409e-01   1.6268266e-02   2.4535771e-01   4.3374733e-02   5.3255719e-03   1.8016928e-01   2.1280238e-01
   5.2353123e-03   2.4216043e-01   8.9314302e-03   2.1581030e-01   1.2244648e-01   8.0080275e-02   9.7212029e-03   7.8749041e-02   2.8761175e-02   2.0810436e-01
   5.3642499e-03   7.9079426e-02   1.3843225e-02   1.5746669e-02   2.5367711e-01   2.8205572e-02   5.1912096e-02   2.4467901e-01   2.6976986e-01   3.7722789e-02
   5.4378447e-03   2.3148093e-01   3.5510438e-02   2.1890483e-01   9.2259775e-05   1.1549792e-02   1.2893950e-01   2.3457468e-01   2.5647471e-02   1.0786227e-01
   5.4450262e-03   1.6963351e-01   9.8010471e-02   4.8167539e-03   3.1413613e-02   1.5706806e-02   1.9476440e-01   7.1204188e-03   7.1623037e-02   4.0146597e-01
   5.4603483e-03   1.1037721e-01   4.9335860e-02   1.0497881e-01   2.0239068e-01   1.0046528e-01   3.5297540e-01   6.8922252e-02   1.0799392e-03   4.0142197e-03
   5.5559118e-03   3.9291836e-02   5.9656690e-02   9.0012314e-02   2.1308116e-02   1.0497955e-01   2.4887824e-02   3.3360638e-01   1.4235354e-02   3.0646602e-01
   5.6700703e-03   1.6422149e-01   3.1086389e-01   4.5927385e-02   6.5212556e-02   3.1445458e-02   1.8250334e-01   6.1397895e-02   9.7524469e-02   3.5233452e-02
   5.7847192e-03   7.2574018e-02   1.6473219e-03   3.3797758e-01   3.2365664e-01   1.6892753e-02   5.3168391e-02   7.9062812e-03   9.7819680e-02   8.2572616e-02
   5.8464654e-03   7.3695231e-02   1.1350308e-01   5.3366446e-02   1.3442689e-01   1.1189890e-01   1.5206935e-01   2.9281581e-02   2.2615938e-01   9.9752680e-02
   5.9405724e-03   1.9159052e-02   2.8324116e-02   2.8726664e-01   1.4782714e-01   1.7775153e-01   1.7551617e-01   1.3869831e-01   3.8214257e-03   1.5695048e-02
   5.9485898e-03   9.6546895e-03   9.1970750e-02   3.0291218e-01   1.4045214e-02   1.6974401e-01   4.5664775e-02   9.6199491e-02   2.5373925e-02   2.3848637e-01
   5.9878980e-03   2.2537019e-01   4.9472666e-02   1.8389208e-01   5.5126496e-02   4.4197658e-02   2.2691714e-01   2.6638074e-02   1.8215321e-01   2.4458104e-04
   5.9889932e-03   8.7406928e-03   2.8213014e-01   9.7118809e-04   4.7911946e-02   1.6024603e-02   3.1045646e-01   1.7643250e-02   9.8575591e-02   2.1155714e-01
   6.3334418e-03   7.9574318e-03   1.0756233e-01   3.2866542e-02   2.4601495e-03   5.7522987e-02   1.3689841e-01   2.4774506e-01   2.4303977e-01   1.5761387e-01
   6.3859074e-03   1.9205298e-01   1.2042680e-01   2.1843124e-01   1.6511304e-02   2.5926280e-02   6.6138207e-04   6.6694800e-03   1.5644148e-01   2.5649315e-01
   6.4061294e-03   1.7845614e-01   1.7972497e-01   2.7980706e-02   6.4528130e-02   2.5039648e-02   1.1952764e-01   1.4611408e-01   9.1451893e-02   1.6077066e-01
   6.6738923e-03   1.3520018e-02   1.4028010e-01   2.1345488e-02   4.3640948e-02   2.7755335e-03   3.9685373e-01   7.2422842e-02   2.8962222e-01   1.2865225e-02
   6.8704620e-03   8.2183182e-02   2.3846347e-02   7.3043348e-02   1.0340286e-02   2.6657554e-01   2.0528228e-01   2.2282971e-01   7.4488927e-03   1.0157995e-01
   6.9025573e-03   3.0719309e-01   2.8963804e-01   6.6475054e-02   2.3565311e-02   8.6448121e-03   9.3293539e-03   1.0229995e-01   1.3831350e-01   4.7638338e-02
   7.1403034e-03   2.7142994e-03   1.9763531e-01   1.5454217e-01   1.3144835e-01   7.5176796e-03   2.3460133e-02   1.9221451e-01   1.3164140e-01   1.5168584e-01
   7.6456884e-03   1.5647249e-02   1.5504208e-01   1.2932151e-01   2.4982890e-01   2.2436365e-02   1.0953515e-02   2.0297078e-01   3.3176132e-03   2.0283630e-01
   8.5527915e-03   1.1902564e-01   3.0807395e-01   1.7042576e-01   4.7494987e-02   1.0757146e-01   1.1103109e-01   1.2423999e-02   1.0529962e-01   1.0100711e-02
   8.6090588e-03   1.7400694e-01   6.7080531e-02   1.9953633e-01   1.1795820e-01   1.9781060e-01   1.6085556e-02   5.9786606e-02   2.4220104e-02   1.3490608e-01
   8.6614055e-03   7.9515036e-02   5.5844342e-02   1.5486070e-01   1.7045989e-02   1.9201429e-02   3.1907761e-01   5.5539722e-02   2.7783293e-01   1.2420837e-02
   8.7422650e-03   9.9231506e-02   9.0963294e-02   2.6868211e-01   1.0301166e-02   2.4265113e-01   3.3714023e-02   1.9078593e-01   4.5722185e-02   9.2063933e-03
   8.8699030e-03   4.2937808e-03   2.8881845e-02   1.7275882e-01   1.8019019e-01   3.0288206e-01   6.0787116e-02   1.7377054e-01   3.8458088e-02   2.9107657e-02
   8.9485816e-03   2.3450559e-01   1.1588616e-01   6.9849003e-02   1.6944924e-01   1.0892245e-01   1.0203362e-02   1.1163940e-01   4.0257734e-02   1.3033848e-01
   9.2103353e-03   4.2908282e-02   2.0158117e-01   1.3498428e-01   5.4262524e-02   1.1842642e-01   4.4791126e-02   1.9727860e-01   1.9462132e-01   1.9359409e-03
   9.5862751e-03   1.1170453e-01   2.0127094e-01   1.6226663e-03   2.1824187e-01   3.0023594e-04   1.4432030e-01   2.4335606e-02   2.0682853e-01   8.1789050e-02
   9.6798848e-03   2.0951939e-01   2.3443697e-02   4.6871387e-03   1.8338802e-01   9.4645175e-02   1.4637914e-01   3.5805773e-02   2.2919681e-01   6.3254974e-02
   9.6886695e-03   6.9764733e-02   7.7446210e-03   1.8962280e-01   2.1625886e-02   7.9416081e-02   1.6945144e-01   3.2492541e-02   1.4905160e-01   2.7114163e-01
   9.7910889e-03   6.7143777e-02   6.3406348e-02   2.4130960e-01   7.5932598e-02   2.4240793e-01   2.4959310e-01   2.2251916e-02   4.1315933e-03   2.4032049e-02
   9.9754988e-03   4.6902345e-02   2.7773889e-01   1.4648232e-01   2.8701435e-02   2.5376269e-02   5.1977599e-02   1.0500525e-03   2.9663983e-01   1.1515576e-01
   1.0229497e-02   8.6960905e-03   1.9970287e-01   3.3599471e-01   8.8140712e-03   2.0036693e-01   7.2388398e-03   1.4642329e-01   2.4665267e-02   5.7868431e-02
   1.0451391e-02   3.3610048e-02   1.8086496e-02   1.8151972e-01   1.4542699e-01   1.6175790e-02   4.8142078e-02   3.9931513e-02   2.4882631e-01   2.5782967e-01
   1.0513150e-02   3.4367390e-02   1.2938650e-01   8.1637323e-02   1.1173769e-01   1.3171412e-01   7.7127262e-03   2.4080576e-01   1.2912428e-01   1.2300106e-01
   1.0641866e-02   9.6006322e-02   2.0837463e-02   4.2955431e-02   5.0646698e-02   8.3670988e-02   2.0562018e-01   1.2868085e-01   1.0111692e-01   2.5982327e-01
   1.0767341e-02   2.9370260e-02   2.9405131e-02   3.6116054e-03   2.3924077e-01   2.0027041e-01   1.2493484e-01   1.7174598e-01   1.2747013e-03   1.8937896e-01
   1.0979909e-02   4.3666509e-02   6.1428313e-02   6.4590774e-02   2.1972702e-01   3.4487678e-01   1.7111661e-01   6.4811868e-03   7.0620320e-02   6.5125667e-03
   1.0997533e-02   2.1542026e-01   9.1192157e-02   2.9947668e-02   2.2263923e-01   2.9840220e-01   4.1201530e-03   8.5595979e-02   2.7871815e-02   1.3813009e-02
   1.1145986e-02   1.1298016e-01   1.2822634e-02   6.3900771e-02   1.6530222e-02   3.4395048e-01   3.0395972e-01   2.5600509e-02   5.4049519e-02   5.5060004e-02
   1.1183471e-02   1.5916806e-01   1.3996810e-02   1.9436932e-01   5.3369121e-02   6.1557757e-02   1.0232845e-02   2.3300043e-02   2.8624287e-01   1.8657969e-01
   1.1414012e-02   1.1987281e-01   6.4672132e-02   3.7043666e-02   1.8648831e-03   2.7658506e-01   1.6085427e-01   2.5156812e-02   1.9516596e-01   1.0737039e-01
   1.1725293e-02   2.9648241e-01   7.8966260e-03   1.1725293e-02   1.4357502e-02   7.5616176e-02   1.3735343e-01   9.1170136e-02   5.4079923e-02   2.9959320e-01
   1.1742026e-02   3.9607431e-02   4.9071153e-03   3.0651945e-01   3.3000351e-01   2.0504732e-01   3.4174553e-02   2.4360322e-02   2.2783035e-03   4.1359972e-02
   1.1815038e-02   1.6348598e-02   1.6306222e-01   3.1335623e-01   8.7523052e-02   3.5194390e-02   1.4004626e-01   9.7766543e-02   1.2596915e-01   8.9185186e-03
   1.1834115e-02   1.2738022e-02   1.6901121e-01   1.7544072e-01   2.7903987e-01   1.6850824e-02   1.3964244e-01   2.3373693e-02   6.9284015e-03   1.6514071e-01
   1.1856136e-02   1.4840463e-01   9.6773093e-02   1.0566186e-02   1.8099935e-04   6.2562504e-02   1.7775590e-01   2.2074710e-01   2.4733398e-01   2.3819474e-02
   1.1958998e-02   2.0444191e-01   1.9741838e-02   4.3849658e-02   4.8974943e-02   6.0744115e-03   2.6385725e-02   1.7406986e-01   8.5421412e-02   3.7908125e-01
   1.2263134e-02   3.2911177e-01   1.2546664e-01   3.0594073e-03   1.8926917e-03   1.4339599e-01   6.0733698e-02   1.6217875e-01   2.6198277e-03   1.5927809e-01
   1.2358269e-02   9.6804822e-02   2.0854452e-01   2.2439971e-04   1.6691555e-01   1.6866203e-02   2.2575963e-01   1.3615290e-01   1.3213319e-01   4.2405231e-03
   1.2426602e-02   7.5827490e-02   2.7207810e-01   7.0097004e-02   1.1947595e-02   1.4405461e-01   3.7568669e-02   2.4973462e-01   3.0404371e-03   1.2322487e-01
   1.2428977e-02   2.8409091e-02   3.5511364e-01   7.9900568e-03   1.0369318e-01   3.5511364e-04   1.2233665e-01   1.8164063e-01   5.5930398e-02   1.3210227e-01
   1.2642387e-02   5.2459760e-03   1.3853651e-01   3.2170798e-02   2.2964427e-01   1.3644862e-01   4.0245944e-03   1.8170711e-02   1.8718780e-01   2.3592833e-01
   1.2669125e-02   9.7303642e-02   1.6421353e-01   5.3436232e-03   2.5514492e-01   1.7829818e-01   1.5819314e-02   1.8499258e-01   4.1179563e-02   4.5035522e-02
   1.2813159e-02   2.4427736e-03   2.8684902e-01   1.7316091e-01   1.1487844e-01   1.4477033e-01   3.2422432e-02   1.7772990e-01   2.7989753e-02   2.6943274e-02
   1.3096958e-02   3.0138404e-02   3.4108036e-03   1.0761212e-02   2.1577815e-01   8.5217968e-02   1.9383364e-01   1.1788131e-01   2.4157794e-01   8.8303612e-02
   1.3383761e-02   1.3544713e-01   1.4648502e-01   1.9873887e-01   2.4274471e-01   3.7369722e-03   5.2674431e-02   4.7052425e-02   1.4454279e-01   1.5193888e-02
   1.3494664e-02   2.2463028e-01   3.5703510e-02   1.9600651e-03   1.6735394e-01   2.4819722e-02   2.1393521e-01   2.0249370e-01   8.2186132e-02   3.3422773e-02
   1.3495223e-02   2.8145165e-01   7.1087249e-03   1.5376184e-02   6.6306613e-02   5.1723419e-02   1.0454703e-02   3.4542926e-01   5.1806800e-02   1.5684743e-01
   1.3579100e-02   1.6094644e-02   2.5857462e-01   4.9476556e-02   1.5679613e-01   1.6271710e-01   7.9887614e-02   9.6285105e-03   2.3727884e-01   1.5966882e-02
   1.3873468e-02   1.5189547e-01   3.2804971e-03   9.9777329e-02   1.1778782e-01   2.8456019e-01   4.4070804e-02   5.7420918e-02   2.1484337e-01   1.2490136e-02
   1.3912836e-02   2.7797966e-02   2.0798810e-01   2.5891766e-01   1.8651835e-02   1.0749256e-02   6.1295429e-02   2.8836884e-01   6.9090677e-02   4.3227402e-02
   1.4105873e-02   1.1085709e-01   1.3417293e-02   3.5662023e-01   9.2462927e-02   3.0440739e-02   1.8567243e-02   1.3202650e-01   1.5319315e-01   7.8308950e-02
   1.4164705e-02   4.1974173e-02   3.9947834e-02   3.1100509e-01   1.4437878e-01   1.0592391e-01   3.2717082e-03   1.3328242e-02   2.3071239e-01   9.5293162e-02
   1.4376666e-02   1.7483999e-01   2.1595387e-02   2.8142541e-04   2.2130461e-01   4.7909167e-02   2.2162787e-01   3.8525950e-02   2.5542789e-02   2.3399615e-01
   1.4465259e-02   1.5682369e-01   5.5308307e-02   1.2722353e-02   7.4900109e-02   3.4746438e-01   3.0900726e-02   1.5500710e-01   5.4020993e-02   9.8387074e-02
   1.4482304e-02   1.7946538e-01   2.8385797e-01   9.6101513e-03   3.1059593e-04   2.8329974e-01   2.4807157e-02   1.4810598e-01   2.1119170e-02   3.4941560e-02
   1.4783869e-02   1.0590062e-01   8.6715173e-02   3.5303822e-02   2.8222468e-02   5.2792877e-02   1.0844678e-01   2.3830567e-01   9.9911178e-02   2.2961755e-01
   1.4866204e-02   1.3308792e-02   2.3814243e-01   2.3885035e-01   2.0402095e-01   2.5343339e-02   2.4975223e-01   5.2385672e-03   7.6454764e-03   2.8316579e-03
   1.5196461e-02   8.4995652e-03   1.2085899e-01   1.3445772e-01   2.2406510e-01   3.1602344e-02   6.6014434e-02   8.6675741e-02   2.7718690e-01   3.5442742e-02
   1.5739972e-02   2.1261434e-01   2.3195417e-01   4.3275996e-03   7.1486735e-02   8.1876341e-03   9.3082352e-02   2.3375141e-01   1.0960031e-01   1.9255475e-02
   1.5832370e-02   1.1848999e-02   1.1119939e-01   2.0876147e-01   3.0697936e-01   1.8749865e-01   2.4981478e-02   8.8917287e-03   1.0567733e-01   1.8329221e-02
   1.5846638e-02   3.0290323e-03   8.1054240e-02   3.3810348e-02   2.8540930e-01   2.0379362e-01   9.3830585e-03   1.4047203e-01   2.0814741e-01   1.9054309e-02
   1.5923975e-02   1.7138529e-01   2.6411461e-02   2.9762263e-03   1.6426398e-02   2.0116539e-01   2.3486436e-01   1.3122893e-02   1.2430364e-01   1.9342037e-01
   1.5997596e-02   2.7223533e-01   5.4840020e-04   2.1997417e-01   1.8982287e-01   1.9528292e-02   3.5808552e-02   2.1048428e-02   2.1134255e-01   1.3693811e-02
   1.6488693e-02   1.1306533e-02   2.5722362e-01   4.2242462e-02   7.4905779e-02   5.9045226e-02   2.8266332e-03   1.1228015e-01   3.0511935e-01   1.1856156e-01
   1.6500800e-02   2.9146220e-01   8.8288882e-03   8.7051728e-02   1.5493058e-01   3.0856202e-01   7.7233723e-03   9.0548445e-03   1.0314030e-01   1.2745274e-02
   1.6514879e-02   4.5893253e-03   1.0410976e-01   2.8183684e-01   2.5476602e-01   3.3113566e-03   1.8409942e-02   1.7914986e-01   1.4195392e-02   1.2311663e-01
   1.6810877e-02   2.8917220e-01   1.4161944e-01   7.4219565e-03   6.0831850e-03   4.9850832e-02   1.7620436e-01   9.8877335e-02   1.4707183e-01   6.6887983e-02
   1.6918645e-02   2.2156190e-01   7.0535661e-02   3.8055747e-02   3.3673948e-01   1.2147891e-01   6.9059314e-02   1.3112619e-02   1.0269139e-01   9.8463297e-03
   1.7133378e-02   1.6450473e-01   1.3643077e-02   2.2551642e-01   2.4706546e-01   1.3867269e-02   7.3174522e-03   3.1743214e-02   3.6351310e-02   2.4285769e-01
   1.7443390e-02   1.2291153e-03   1.5156618e-01   1.2996393e-01   2.5679989e-01   1.7067418e-02   3.1299646e-02   8.2337573e-02   1.5741279e-01   1.5488007e-01
   1.7459738e-02   1.0291909e-01   2.9500523e-01   8.1185046e-02   2.3228531e-02   1.8307771e-01   2.4882803e-01   2.3233902e-02   1.7039753e-02   8.0229750e-03
   1.7688460e-02   8.4469799e-02   6.6887298e-02   2.6516490e-03   9.9836237e-02   2.5129071e-01   6.8077331e-02   1.3672040e-01   1.5951679e-01   1.1286133e-01
   1.7807573e-02   2.0634512e-02   1.5687975e-01   2.5957728e-02   1.6683841e-01   2.7925186e-02   2.0538837e-01   9.0652050e-02   1.1356098e-01   1.7435545e-01
   1.7951389e-02   5.4883746e-02   4.6308654e-02   1.1277942e-01   2.7643338e-01   5.7329575e-02   3.1157996e-03   3.1425403e-02   3.9243501e-01   7.3376090e-03
   1.8191663e-02   3.2919708e-02   1.2543863e-01   4.4721632e-02   8.7251836e-02   1.7063026e-01   2.7799477e-01   1.8178146e-01   1.0897450e-02   5.0172586e-02
   1.8250204e-02   1.9685980e-01   3.0298038e-02   3.0020401e-01   2.0525426e-01   2.6788773e-02   1.6989017e-01   1.2130285e-02   7.9635619e-03   3.2360906e-02
   1.8561240e-02   1.7825892e-01   4.6983315e-02   1.9422571e-01   1.8341192e-01   2.1131559e-01   1.5357494e-03   2.3380755e-02   1.3329823e-01   9.0285756e-03
   1.9009823e-02   5.7539368e-04   2.9325614e-01   7.7864233e-02   4.1040861e-02   2.5334763e-01   3.8366413e-02   1.4456157e-01   9.3373991e-02   3.8603950e-02
   1.9288103e-02   8.7179721e-02   1.2344213e-01   2.6652175e-01   8.4694192e-04   3.9954749e-02   2.6780902e-02   1.0539782e-01   2.9213969e-01   3.8448187e-02
   1.9377778e-02   9.1022222e-02   2.2826667e-01   2.8071111e-01   2.0266667e-02   7.6088889e-02   1.7777778e-03   1.7777778e-04   5.7600000e-02   2.2471111e-01
   1.9385060e-02   1.1318233e-01   1.1421841e-01   1.6979770e-01   2.2928386e-01   7.4969025e-03   5.9979394e-03   2.2654223e-01   1.0619651e-01   7.8990516e-03
   2.0424072e-02   8.8868101e-03   4.9890864e-03   5.7686311e-03   2.0922981e-01   1.1069535e-02   1.6167758e-01   2.8032429e-01   1.9893982e-01   9.8690365e-02
   2.0488209e-02   3.8906814e-02   9.3132984e-02   9.4827918e-02   2.9531646e-02   4.9430430e-02   2.5826999e-01   1.1113400e-02   1.2322437e-01   2.8107424e-01
   2.0560030e-02   1.5456887e-02   1.7433047e-03   1.9392583e-01   2.1479621e-02   2.1620758e-01   1.7179379e-02   2.6890686e-01   1.4602431e-01   9.8516203e-02
   2.0576902e-02   5.1794894e-02   2.4462500e-01   2.3739589e-03   1.0754117e-02   4.2552905e-02   2.6011399e-01   1.6047433e-01   1.9976374e-01   6.9701703e-03
   2.0665628e-02   9.0542920e-02   1.1753924e-03   1.6776903e-01   2.0170043e-01   1.2140840e-01   3.2271152e-02   1.7743251e-01   1.8302911e-01   4.0054225e-03
   2.0905960e-02   2.5542105e-01   9.7247291e-02   1.3735218e-02   1.4350053e-02   8.0086157e-03   1.1016524e-01   6.1669304e-02   2.4254311e-01   1.7595417e-01
   2.1441124e-02   1.3666306e-01   1.9455452e-01   2.0200896e-02   2.2736262e-02   1.5679670e-01   1.4568134e-01   1.8422084e-01   9.7660618e-02   2.0044642e-02
   2.1756668e-02   2.3749785e-02   3.2617846e-02   3.8335334e-03   2.2927907e-01   2.1221728e-01   2.3290525e-01   1.1251531e-02   2.0053629e-01   3.1852754e-02
   2.1789718e-02   2.0185848e-01   2.2060151e-01   2.8071349e-01   1.4047970e-01   6.8130427e-02   1.9338851e-02   2.6440719e-02   4.1910239e-03   1.6456083e-02
   2.2070343e-02   1.3574887e-01   1.2413724e-01   6.2573483e-02   1.8130604e-02   1.2273810e-01   1.1247693e-01   5.8540865e-02   1.4330427e-01   2.0027929e-01
   2.2070957e-02   2.2483498e-02   1.0251650e-01   3.9748350e-01   3.6303630e-02   1.8358086e-02   5.3630363e-02   1.5099010e-01   1.9245050e-01   3.7128713e-03
   2.2129415e-02   6.9690815e-03   1.7291122e-01   2.0856403e-01   1.9786343e-02   2.3777838e-01   1.0734003e-01   7.8179430e-02   1.3642450e-01   9.9175653e-03
   2.2278321e-02   6.2629496e-02   1.5982819e-01   3.2270346e-01   1.4572086e-01   1.3681651e-01   1.0208846e-01   4.4810527e-03   2.3859127e-02   1.9594517e-02
   2.2346423e-02   2.4756982e-02   2.6339192e-02   1.2924000e-01   6.0700020e-02   1.1988789e-01   1.1052574e-01   2.7882604e-01   2.2577928e-01   1.5984399e-03
   2.2394615e-02   9.1737441e-03   4.8907350e-02   2.8789568e-01   1.1503368e-01   2.5695861e-01   1.0947292e-01   2.1651463e-02   6.8537994e-02   5.9973946e-02
   2.2670384e-02   3.1444443e-01   8.1155080e-02   6.5668155e-02   1.3164516e-01   2.6456411e-02   2.4552141e-01   9.4523240e-03   7.5628183e-02   2.7358456e-02
   2.3353839e-02   2.1240625e-01   1.5063062e-01   5.7556874e-02   1.2430162e-02   2.4309034e-01   5.8725780e-03   2.7974090e-01   7.7262996e-03   7.1921277e-03
   2.3356693e-02   2.4775140e-01   1.9493241e-01   4.5326244e-02   9.6846017e-02   4.3962760e-03   1.4084086e-02   5.6113892e-02   1.2417398e-01   1.9301901e-01
   2.3382392e-02   7.5840353e-03   1.4208506e-01   1.0425567e-01   4.1215206e-02   1.5338018e-01   6.2981648e-02   1.8594176e-02   2.8532398e-01   1.6119765e-01
   2.3466311e-02   3.3658599e-03   1.6474878e-01   1.4212147e-01   6.3587420e-02   4.1694527e-03   9.5157239e-02   3.4718489e-01   1.7660460e-02   1.3853812e-01
   2.3492477e-02   2.4466338e-01   1.6424940e-01   1.0244768e-01   1.0399171e-01   8.6457477e-02   1.7178921e-01   7.4865320e-02   2.9958421e-03   2.5047499e-02
   2.3546997e-02   5.7689674e-03   4.9196996e-02   1.0563966e-01   1.7614445e-01   1.8475994e-01   8.9955675e-02   2.4714270e-02   1.1834831e-01   2.2192473e-01
   2.3855197e-02   1.5675016e-01   5.5655598e-02   4.3186398e-02   1.5826715e-01   1.7234197e-01   5.6338881e-02   1.7292570e-01   1.5318280e-01   7.4961401e-03
   2.4048918e-02   4.6752393e-03   2.2422607e-01   2.4035545e-01   4.0357664e-02   7.9753342e-03   1.0179925e-01   6.3307441e-02   5.2010308e-02   2.4124433e-01
   2.4388265e-02   1.3359376e-01   2.0690725e-01   9.7864950e-02   2.0464761e-01   1.5734219e-02   1.6359285e-02   1.1059807e-01   3.4737908e-02   1.5516869e-01
   2.4721314e-02   7.9182849e-02   1.1962280e-01   1.3542228e-01   3.9609451e-02   1.0010064e-01   1.0472289e-01   2.2964270e-01   1.6622578e-02   1.5035250e-01
   2.4907045e-02   3.0820009e-02   9.6924308e-02   1.2657101e-01   2.6249502e-01   1.0035774e-01   1.9246395e-02   6.7516498e-02   3.1536650e-02   2.3962533e-01
   2.5353446e-02   1.3398779e-02   1.3578378e-01   2.9699106e-02   2.7826021e-01   6.3931686e-02   3.0443957e-01   9.6641260e-03   6.8568607e-02   7.0900697e-02
   2.6000880e-02   1.4478164e-01   1.6217651e-03   1.9568862e-01   1.0068983e-01   1.9956137e-01   8.9373218e-02   1.8313245e-01   1.8284895e-02   4.0865323e-02
   2.6296879e-02   1.2586101e-01   1.8020986e-01   1.3593846e-01   1.8815758e-01   1.3238082e-01   1.0565515e-01   4.1111275e-02   3.8590792e-02   2.5798174e-02
   2.6810516e-02   1.5796587e-02   2.2905274e-01   2.2880251e-01   2.4519653e-01   6.4156773e-02   5.7241327e-02   5.6685098e-02   2.2069788e-02   5.4188132e-02
   2.7074325e-02   1.0934273e-01   6.9618641e-02   2.4579745e-01   8.9925048e-03   2.5301660e-02   1.7180665e-03   1.6833947e-01   1.4268117e-01   2.0113398e-01
   2.7180492e-02   1.2644735e-01   2.9988712e-02   1.1108640e-01   1.5809793e-01   4.9559822e-03   1.5658560e-01   1.3389872e-01   1.0021395e-02   2.4173742e-01
   2.7872004e-02   1.2090707e-01   3.9066705e-01   2.3946929e-02   6.0796749e-02   1.4589983e-01   1.1788983e-01   7.5099730e-02   3.1869148e-02   5.0516594e-03
   2.8229903e-02   2.8201755e-01   2.0304721e-01   1.8990279e-03   2.4976119e-02   2.9299833e-02   2.0378762e-01   8.0274739e-04   2.9834581e-02   1.9610540e-01
   2.8517387e-02   2.1446239e-01   2.4458024e-01   1.4578787e-01   1.0766769e-02   2.8662884e-02   3.2445802e-02   3.6665212e-02   7.1293467e-03   2.5098210e-01
   2.9010690e-02   1.0470415e-01   9.9651495e-02   3.0383463e-02   1.4030906e-01   3.1547661e-02   9.3668520e-02   3.4889057e-02   1.7987496e-01   2.5596094e-01
   2.9090555e-02   2.7958091e-02   2.8074805e-01   1.0784765e-01   2.4906591e-01   2.0981176e-02   8.1494186e-02   3.8465501e-03   1.2920007e-01   6.9767762e-02
   2.9372772e-02   8.8653446e-03   6.8280901e-03   2.7105667e-01   1.2051288e-01   1.3314502e-01   8.9112859e-03   5.5734970e-02   1.3998095e-01   2.2559200e-01
   2.9801962e-02   8.1499177e-03   2.0930580e-02   3.1531251e-02   2.2375101e-01   1.4453477e-01   3.1577224e-02   1.5218948e-01   6.9814548e-02   2.8771927e-01
   2.9821861e-02   5.0666984e-03   4.7477044e-02   3.2680069e-01   2.2250452e-02   1.7380454e-01   8.4872257e-02   2.0957723e-02   2.3891288e-01   5.0035856e-02
   3.0002276e-02   2.7768056e-02   1.2651693e-01   9.5107552e-02   3.3252919e-02   1.4096501e-01   1.4171103e-01   3.9186512e-02   1.0052674e-02   3.5543703e-01
   3.0469543e-02   2.1582686e-02   1.2275311e-01   2.0483434e-01   3.5036916e-03   2.4689109e-02   1.9108139e-01   1.6837541e-01   1.0222159e-02   2.2248856e-01
   3.0522035e-02   2.1096699e-03   6.1773015e-03   1.6202107e-01   7.0105779e-02   5.7314094e-02   2.0069063e-01   1.3044389e-01   2.2493139e-01   1.1568414e-01
   3.0653602e-02   1.5596472e-01   2.6315356e-02   1.4332405e-01   2.6414360e-01   1.9366601e-02   2.2952502e-01   6.8856201e-02   1.5440650e-02   4.6410205e-02
   3.0775662e-02   1.8142264e-02   1.5489984e-01   1.5112894e-01   5.0452941e-02   1.8469022e-01   1.6925179e-01   8.2773382e-03   2.1247542e-02   2.1113347e-01
   3.1265759e-02   6.1018659e-02   3.2761809e-01   8.4047739e-04   1.9297361e-01   3.4963859e-02   1.0707682e-01   1.1884350e-01   1.1111111e-01   1.4288116e-02
   3.1326003e-02   1.3076831e-01   5.1629242e-03   7.9478247e-02   6.6335628e-03   3.2662968e-02   3.4216256e-02   4.8873589e-02   2.5686825e-01   3.7400989e-01
   3.1330063e-02   5.5300124e-02   7.1506737e-02   3.8374278e-01   5.2069371e-03   1.6051614e-01   1.0304746e-01   1.6260490e-01   2.1292762e-02   5.4521024e-03
   3.2153047e-02   2.2776528e-02   2.2383705e-01   1.7049360e-01   8.7094992e-02   3.1769260e-02   1.5030530e-01   4.5616012e-03   1.3908863e-01   1.3791999e-01
   3.2687825e-02   6.5518835e-02   1.1579375e-02   2.2013656e-01   1.4282010e-01   1.6044907e-01   1.4228995e-01   2.2719470e-02   1.8960834e-01   1.2190470e-02
   3.3124907e-02   1.7731765e-01   3.4776889e-02   3.0773348e-02   2.4014030e-01   2.7713627e-02   1.0126469e-01   9.8898971e-03   7.7033741e-03   3.3729532e-01
   3.3241521e-02   1.1125886e-03   5.7095262e-02   3.2072620e-02   1.0427087e-01   2.3805917e-01   2.7606499e-02   3.0752864e-02   2.4348920e-01   2.3229942e-01
   3.3965587e-02   6.1942768e-02   4.1146553e-03   1.4779465e-02   1.3918637e-03   2.6637192e-01   3.3535652e-02   1.3719817e-01   3.3552430e-01   1.1117563e-01
   3.4843854e-02   1.1114829e-02   2.5193589e-01   3.2276596e-02   2.7293694e-02   2.2042327e-01   1.4741837e-01   1.6101950e-02   1.3249863e-02   2.4534169e-01
   3.5663154e-02   3.2353314e-01   2.0613853e-02   8.4549116e-02   1.7216602e-02   6.8553995e-02   9.7911196e-03   1.6606963e-01   6.4003336e-02   2.1000605e-01
   3.6651271e-02   7.2751684e-02   1.4973915e-01   1.6618473e-01   1.5299792e-01   2.7391661e-02   1.8908281e-01   1.7266050e-01   2.8644839e-02   3.8954425e-03
   3.6774286e-02   1.5094324e-02   1.0206073e-01   1.6400755e-01   6.6667869e-02   8.8408944e-02   1.1651390e-02   1.4708285e-01   7.6926822e-02   2.9132523e-01
   3.7809932e-02   2.5736588e-01   2.8130067e-02   9.7201358e-03   6.3282147e-03   2.0569422e-01   3.7416815e-02   1.3333149e-01   2.2822254e-01   5.5980701e-02
   3.8349097e-02   2.7687016e-02   5.3310404e-03   2.4901118e-01   3.0042992e-01   2.3387790e-02   2.5623388e-02   7.5666380e-03   2.4763543e-01   7.4978504e-02
   3.8496802e-02   3.2335163e-04   8.6361831e-02   9.5718815e-02   1.1667593e-01   2.3607598e-01   2.7164026e-03   1.7428208e-01   1.5055973e-03   2.4784321e-01
   3.8904409e-02   2.3045297e-02   2.5303717e-01   6.1381724e-02   2.0713421e-01   7.8345766e-03   6.4818854e-02   6.9285228e-02   2.5931073e-02   2.4862746e-01
   3.9705621e-02   2.2704928e-03   3.3982417e-02   1.3582839e-01   2.0211828e-01   1.1165384e-03   1.4886576e-01   2.5411843e-01   3.6230409e-03   1.7837103e-01
   4.0360341e-02   1.4521194e-01   1.1375464e-01   1.5302535e-02   3.4725673e-01   1.0592898e-01   6.4264856e-03   4.3755952e-02   3.0398179e-03   1.7896258e-01
   4.1276016e-02   1.0832705e-02   2.4977470e-01   3.5821466e-02   2.1079055e-01   2.9942980e-02   7.4693153e-03   9.7482453e-02   3.1504599e-01   1.5638223e-03
   4.1344888e-02   1.8663670e-01   4.0778421e-02   1.5818837e-01   9.8212357e-02   7.2265661e-03   1.7938365e-01   1.2911695e-01   9.5687884e-02   6.3424220e-02
   4.2559253e-02   1.0243471e-01   1.5258889e-01   1.6133181e-02   2.0335228e-01   6.9897125e-02   9.6232557e-03   3.0479500e-01   8.0271719e-02   1.8344583e-02
   4.3250411e-02   7.1826945e-02   1.4251884e-01   3.8870744e-02   1.3388843e-01   3.9180278e-02   6.4459252e-03   3.7387568e-01   3.2007535e-04   1.4982268e-01
   4.3759167e-02   2.8767603e-01   2.9098541e-03   8.9283605e-02   2.1416708e-01   9.3965802e-03   9.7726047e-02   1.7143515e-02   6.5223655e-04   2.3728588e-01
   4.4121216e-02   3.6237902e-02   1.7935505e-01   6.9559796e-04   4.8487338e-02   5.6526213e-03   2.7528690e-01   2.5009010e-01   1.2709655e-02   1.4736362e-01
   4.4123792e-02   7.4177699e-02   1.4927054e-01   6.4752895e-02   1.2369075e-01   2.2354313e-01   2.1402184e-01   3.9963917e-03   1.0574403e-03   1.0136552e-01
   4.4928165e-02   5.0383148e-02   7.8622090e-02   1.6708767e-01   1.0533105e-01   3.4708261e-04   1.3629200e-02   1.2715914e-01   3.9307413e-01   1.9438326e-02
   4.6264118e-02   3.2580365e-02   5.5169418e-02   1.9439618e-01   3.6707211e-02   5.3649001e-02   6.3857515e-02   1.4986968e-02   4.0204170e-01   1.0034752e-01
   4.6275304e-02   1.1690507e-01   9.4707200e-03   1.2211490e-01   6.1997393e-02   3.8870757e-02   9.7152390e-02   4.7396685e-01   2.5148527e-02   8.0980914e-03
   4.6601847e-02   1.4087172e-01   1.5603168e-02   1.9529876e-01   1.5750603e-01   3.3357273e-02   2.5719727e-02   4.3838519e-02   1.5837818e-01   1.8282478e-01
   4.6747372e-02   4.6121371e-02   1.4995820e-01   1.2146699e-01   1.2438293e-02   2.6797922e-02   7.0993860e-02   4.2205194e-01   8.9600542e-02   1.3823513e-02
   4.7061808e-02   2.1083119e-01   2.5726289e-01   2.4750003e-02   4.8283051e-02   1.2287713e-01   7.6157877e-03   2.3763250e-01   3.5814278e-02   7.8713585e-03
   4.8323140e-02   1.6487539e-01   6.3040678e-02   3.2959055e-02   2.7916929e-01   5.6575552e-03   1.1170738e-01   1.6928550e-01   5.4109523e-02   7.0872495e-02
   4.9452552e-02   2.0394554e-02   7.2153940e-02   4.9416598e-03   2.6185283e-01   5.7572982e-02   1.9677982e-01   2.5012021e-03   1.7954471e-01   1.5480576e-01
   4.9745735e-02   2.9391557e-02   1.8813788e-01   3.1735727e-03   1.5978580e-01   9.3881227e-02   1.6703589e-01   2.5396884e-01   1.9901665e-02   3.4977837e-02
   5.0265116e-02   8.6766865e-02   2.2170974e-01   2.5563598e-02   2.1821600e-02   5.2286378e-02   1.8908732e-02   2.0853627e-01   4.5623945e-02   2.6851776e-01
   5.0445165e-02   9.2227587e-03   5.6095995e-03   2.7088218e-01   3.6197940e-02   1.9800085e-02   5.8015188e-02   1.1525719e-01   3.1644242e-01   1.1812747e-01
   5.0992234e-02   1.0838854e-01   1.1328481e-01   2.0370630e-02   3.5637798e-02   4.5554437e-02   2.0574584e-02   1.2087548e-01   1.5883434e-01   3.2548715e-01
   5.1288144e-02   2.1087850e-01   6.9899289e-02   1.0734845e-01   5.3021511e-03   1.9863347e-01   9.3112409e-02   2.5273634e-02   3.2179091e-02   2.0608486e-01
   5.1404699e-02   3.2934624e-02   1.1692029e-02   2.7364268e-02   2.2342882e-01   2.1431276e-01   8.0731409e-02   2.2325175e-01   1.2269041e-01   1.2189242e-02
   5.2961050e-02   1.1871403e-01   2.2502751e-02   2.1204317e-01   4.6585910e-02   1.2618949e-01   7.1007146e-03   4.1649700e-02   1.3351953e-02   3.5890122e-01
   5.3453875e-02   3.0535606e-02   1.3388985e-02   3.1425849e-01   2.5828873e-02   6.5646809e-02   1.2980104e-01   3.0668773e-02   5.3144328e-02   2.8327322e-01
   5.4969574e-02   1.0791075e-01   1.3590264e-01   5.3346856e-02   5.4766734e-03   3.7464503e-01   1.5415822e-02   1.6835700e-02   1.7606491e-01   5.9432049e-02
   5.5369717e-02   4.6978856e-01   2.6238010e-02   5.6829842e-02   2.3230143e-02   4.2850382e-02   7.5426415e-02   1.0126769e-01   5.5105289e-02   9.3893949e-02
   5.6328041e-02   1.7333156e-02   4.7313623e-02   2.2147406e-02   2.7498606e-01   5.4788075e-02   3.6269365e-02   2.5052295e-01   2.8336115e-02   2.1197521e-01
   5.6478622e-02   1.0521694e-03   2.3934752e-01   9.7081461e-02   1.6666242e-02   8.8973473e-03   1.4264011e-01   1.7566457e-01   2.4018719e-01   2.1984774e-02
   5.6551920e-02   4.4572351e-03   2.3205588e-02   4.1506732e-02   1.3065001e-01   2.7600081e-02   3.6040726e-01   9.3800031e-02   2.3610793e-01   2.5713217e-02
   5.6589214e-02   6.3595359e-03   1.9464484e-01   1.7424040e-01   1.5113441e-02   1.4640175e-01   4.7206713e-02   1.0773620e-02   1.5152153e-01   1.9714896e-01
   5.6674490e-02   1.0612786e-01   2.3308729e-01   1.2657652e-01   1.1381247e-01   3.8830543e-02   1.9804170e-01   1.9727974e-03   5.5353471e-03   1.1934098e-01
   5.6945037e-02   1.3664410e-01   9.3995462e-02   1.3672337e-01   3.0837969e-02   3.9527471e-01   4.5756879e-03   1.0944570e-01   2.3239449e-02   1.2318522e-02
   5.8907571e-02   3.5544549e-02   2.1334859e-01   3.5856012e-02   2.8426320e-02   3.0001291e-01   6.6151900e-03   3.6383900e-02   4.0451194e-02   2.4445376e-01
   5.9126160e-02   1.3694042e-01   1.4972004e-01   7.3056147e-02   1.1281109e-01   2.3326718e-02   8.6203403e-02   1.7439822e-01   1.7930002e-01   5.1177916e-03
   5.9219941e-02   1.6598225e-01   2.9086859e-02   5.6380999e-04   9.5066497e-03   2.2938274e-02   6.1347468e-02   2.2927638e-01   2.7496618e-01   1.4711219e-01
   5.9790978e-02   4.3339632e-02   1.4044797e-02   1.7209959e-01   2.2884468e-01   7.4543168e-02   1.9766990e-01   1.9202059e-01   6.6251037e-04   1.6984159e-02
   6.0285132e-02   2.7841141e-01   1.6293279e-03   1.1120163e-01   2.9124236e-02   1.0183299e-03   4.9287169e-02   1.3645621e-02   1.2301426e-01   3.3238289e-01
   6.1031459e-02   1.7219276e-01   1.2711339e-02   2.3671469e-01   1.7640672e-02   6.9848988e-04   2.1957430e-01   3.3629040e-02   3.8126716e-02   2.0768053e-01
   6.1625950e-02   4.4628689e-02   9.4433132e-02   1.4774276e-01   1.9794565e-01   1.2174995e-02   3.2555260e-01   1.2733210e-02   2.7560461e-02   7.5602552e-02
   6.3034089e-02   2.3212812e-03   2.0759714e-01   3.2742875e-02   8.1467793e-02   7.1930875e-02   2.5902340e-01   1.0807615e-01   5.9007110e-03   1.6790568e-01
   6.3034968e-02   5.3582122e-02   7.8105460e-02   1.5549115e-02   1.7306259e-01   3.6093218e-01   2.8102854e-02   6.3361045e-02   1.5263815e-01   1.1631515e-02
   6.3625898e-02   1.1389386e-01   5.3731165e-03   4.4176761e-02   1.1880882e-02   5.8219952e-02   2.0851608e-01   2.1660387e-01   1.3773429e-01   1.3997529e-01
   6.3798788e-02   2.0373818e-02   2.2714131e-01   3.9016868e-03   2.2352363e-01   2.3269720e-01   9.1961711e-02   1.1106722e-02   2.0615739e-03   1.2343356e-01
   6.4213603e-02   1.4149681e-02   2.3892632e-01   1.5856315e-02   7.1033452e-02   1.6622928e-02   4.6818388e-02   1.4887161e-02   2.7633022e-01   2.4116194e-01
   6.5004255e-02   2.2741082e-01   4.7545695e-02   1.0421669e-02   3.6529521e-02   2.0165137e-02   1.1306334e-01   2.1493175e-01   1.5938047e-02   2.4898977e-01
   6.5086282e-02   8.2929792e-02   5.9679878e-03   1.7689171e-01   2.4279202e-02   1.6109480e-02   1.9042789e-01   3.2548396e-01   4.7601402e-02   6.5222303e-02
   6.5619219e-02   8.9274637e-02   1.8562555e-01   3.2629288e-01   5.7092778e-03   2.6441656e-01   1.0617160e-02   1.1011961e-02   2.8629948e-02   1.2802798e-02
   6.5892249e-02   1.0755057e-01   1.3018226e-02   3.5029041e-01   2.2030843e-02   2.7338274e-01   1.4820749e-02   6.8095333e-03   6.9096735e-02   7.7107951e-02
   6.5926229e-02   1.1552227e-01   9.8728394e-03   1.2912871e-02   2.9141848e-01   4.8744931e-02   1.7783703e-02   8.6854494e-02   8.6085316e-02   2.6487887e-01
   6.6201747e-02   2.4722100e-02   4.5709502e-02   9.9071398e-03   3.1234055e-01   1.3129312e-01   1.8932949e-02   2.9788171e-01   4.2527241e-02   5.0483933e-02
   6.7594433e-02   1.5598715e-02   1.3992965e-01   7.7228934e-02   9.4662792e-02   3.6702860e-03   4.0984860e-02   2.7848295e-01   2.6487230e-01   1.6975073e-02
   6.7635222e-02   2.7005738e-01   2.5547505e-02   1.4826672e-01   2.6466020e-01   1.3747981e-02   1.0754391e-01   2.5248534e-02   6.3052387e-02   1.4240157e-02
   6.7652986e-02   4.9879980e-03   3.4070953e-02   2.0511463e-02   3.9364044e-02   1.6695399e-01   2.4009643e-01   1.0218541e-01   2.6279324e-01   6.1383494e-02
   6.7672870e-02   1.5253706e-01   2.5026646e-01   1.4298876e-02   6.7691125e-02   2.3166603e-01   4.6983352e-02   3.8688278e-02   1.7560443e-02   1.1263551e-01
   6.8085812e-02   4.8293857e-03   2.2447584e-01   6.7620682e-03   9.8385374e-02   2.2220398e-01   4.8126299e-02   2.9720225e-01   1.3483068e-02   1.6445923e-02
   6.8296937e-02   1.8663229e-01   4.2519176e-03   3.5355643e-02   1.8530777e-01   1.4156580e-01   1.4467579e-01   1.0893011e-01   3.3236153e-03   1.2166012e-01
   6.8385304e-02   3.0117320e-01   4.9397962e-02   7.6875579e-02   6.1284347e-02   2.8511886e-01   2.0685397e-02   1.0805804e-03   2.2383452e-02   1.1361531e-01
   6.8784927e-02   2.6946754e-01   1.3828273e-01   1.2946700e-01   8.8285419e-02   4.5717680e-02   6.0041789e-02   4.0831087e-02   1.4663548e-01   1.2486346e-02
   6.9268723e-02   1.4277472e-01   1.0553068e-01   7.9103812e-02   9.4006444e-02   1.7053569e-02   3.1653725e-01   6.3573693e-04   5.9336129e-03   1.6915545e-01
   6.9436430e-02   1.5406809e-01   1.7099442e-01   4.1354107e-02   4.7509136e-02   3.0775149e-02   6.2127332e-02   3.0775149e-02   3.4756684e-01   4.5393345e-02
   7.1401295e-02   2.5762534e-01   3.4396212e-02   1.2957831e-02   7.9340782e-02   5.7872295e-03   8.0095639e-03   2.7067726e-01   2.4229136e-01   1.7513124e-02
   7.2730129e-02   3.0003142e-02   2.3248508e-02   3.0851398e-01   5.8121269e-03   1.2409676e-02   2.5149230e-01   2.8322337e-01   6.7546340e-03   5.8121269e-03
   7.3739818e-02   2.0601407e-01   4.6129527e-02   3.5645665e-03   1.2187167e-01   1.4948624e-01   2.0754628e-01   1.4821640e-02   9.0742551e-02   8.6083637e-02
   7.4098734e-02   4.0482667e-01   7.6713730e-02   2.0396933e-01   5.3466152e-02   5.9699167e-03   4.5736018e-02   9.6334239e-02   3.2291613e-03   3.5656053e-02
   7.5189918e-02   1.3637803e-01   1.0332814e-01   3.1843593e-01   6.2780631e-02   5.8359010e-02   9.9425198e-02   6.1150984e-02   1.8663360e-03   8.3085822e-02
   7.5575793e-02   1.0578822e-02   1.2365110e-02   1.2704152e-01   9.6526529e-02   1.9516312e-01   1.4107546e-01   1.7363889e-01   9.7704316e-03   1.5826433e-01
   7.6086957e-02   1.1594203e-02   7.9710145e-03   2.0471014e-02   4.0760870e-02   3.5434783e-01   1.6557971e-01   4.1847826e-02   1.2101449e-01   1.6032609e-01
   7.6133564e-02   4.1858004e-02   2.6048669e-02   2.4815951e-01   1.5721319e-01   1.0422155e-01   3.1735546e-02   2.8030568e-01   1.1178289e-02   2.3145997e-02
   7.6494488e-02   2.5330619e-03   1.4255866e-01   9.6647912e-03   1.5735577e-01   5.4595953e-02   1.4241386e-01   1.7794642e-01   6.1716257e-03   2.3026538e-01
   7.8234168e-02   2.7408625e-01   1.6269902e-02   9.9273558e-03   3.0160965e-01   9.2746035e-03   5.1756676e-02   2.1574289e-02   9.1016609e-02   1.4625050e-01
   7.8562799e-02   6.5857516e-02   1.4341931e-01   3.1806876e-02   7.8199808e-02   1.5539737e-03   1.6403081e-02   2.4811662e-01   1.5246500e-01   1.8361502e-01
   8.0214556e-02   1.1022325e-01   2.3685635e-01   3.6683099e-02   1.4033655e-02   2.6423276e-03   1.4408749e-01   2.2912174e-02   1.2949604e-01   2.2285106e-01
   8.1761980e-02   2.1826031e-02   3.0116400e-01   2.3006671e-01   1.8713564e-02   1.3689301e-01   9.8062078e-04   6.9606310e-02   1.0500922e-01   3.3978560e-02
   8.2200580e-02   1.8045518e-01   4.9473098e-02   1.4649973e-01   1.0696230e-02   2.5526122e-02   2.5639900e-02   2.6310177e-01   1.5795178e-01   5.8455607e-02
   8.2332729e-02   2.2396714e-01   2.7582421e-01   4.4695999e-02   1.7657551e-02   9.1996074e-02   3.0357070e-02   2.9992892e-02   8.9886072e-02   1.1329025e-01
   8.2831325e-02   7.7452668e-03   7.1643718e-02   3.5283993e-02   4.2018072e-01   3.8941480e-02   3.0120482e-02   7.8313253e-02   9.6385542e-02   1.3855422e-01
   8.3582704e-02   4.0101122e-01   3.7347806e-02   3.6707333e-03   1.3670776e-02   1.2894436e-01   2.8287207e-01   1.3338211e-02   3.0723373e-02   4.8387530e-03
   8.4216443e-02   7.6671834e-02   2.1080020e-01   7.0251778e-02   2.2184357e-01   1.2955984e-01   9.4137631e-04   1.3800307e-02   6.9261779e-03   1.8498847e-01
   8.5091772e-02   1.4199049e-01   2.2034008e-01   1.6858326e-02   2.1228309e-01   1.5498062e-02   1.1922325e-01   1.3091902e-01   2.2808099e-02   3.4987819e-02
   8.5317648e-02   8.6596420e-03   2.7764046e-02   7.0997552e-02   2.2770637e-01   9.0753161e-02   7.6057040e-02   1.3507594e-02   2.2331668e-01   1.7592027e-01
   8.5906349e-02   1.5395387e-01   1.4961439e-02   4.1597698e-02   8.5427181e-02   1.9471137e-01   1.4279315e-02   1.5299340e-01   7.8612642e-02   1.7755674e-01
   8.7288152e-02   1.4699557e-01   2.2883507e-01   1.0258586e-01   1.5909069e-03   4.5506449e-03   1.1743930e-01   3.0558204e-01   3.4844556e-03   1.6480086e-03
   8.7984486e-02   1.6978924e-01   4.1390667e-02   1.3008562e-01   1.9229905e-02   1.8143441e-01   2.1800237e-02   2.1928604e-01   1.0382952e-01   2.5169873e-02
   8.8109004e-02   2.6896510e-02   1.3901449e-01   1.4409795e-01   1.2633837e-02   7.8892190e-02   6.8688865e-02   1.2901493e-01   2.0459085e-01   1.0806136e-01
   8.8860443e-02   1.0774269e-01   2.1371147e-01   2.4702279e-01   6.1584667e-02   5.5254916e-02   2.7145170e-03   2.8705852e-02   1.2944214e-01   6.4960520e-02
   8.9914714e-02   1.3641546e-02   1.2085098e-01   1.6188755e-01   1.8106795e-01   1.6633384e-01   1.1709308e-01   1.2757141e-02   1.0840077e-01   2.8052427e-02
   9.0149446e-02   3.0049815e-02   5.1422144e-03   2.4586212e-02   2.1050940e-02   3.0933633e-01   7.7615298e-02   2.8683915e-01   7.0544753e-02   8.4685843e-02
   9.0343085e-02   4.1755140e-02   2.1686813e-01   1.0136299e-01   1.4148326e-02   1.5752551e-03   2.7655969e-01   7.4375967e-03   2.0550718e-02   2.2939907e-01
   9.1885017e-02   3.7785888e-02   3.4755182e-01   5.5607940e-02   3.3154560e-02   9.1396519e-03   1.5798342e-02   3.3512230e-01   6.6886732e-02   7.0677484e-03
   9.1946995e-02   2.9417828e-02   2.1507357e-02   3.1641807e-02   1.6048106e-01   9.1328729e-02   2.2641402e-01   2.3540897e-01   8.1257569e-02   3.0595658e-02
   9.2860981e-02   1.5921780e-02   1.0694186e-01   5.5873425e-03   2.7852068e-02   4.0517655e-02   3.3561925e-01   8.0297012e-02   5.1577722e-02   2.4282433e-01
   9.2889542e-02   4.9593456e-02   4.6455492e-02   8.0590320e-02   8.0612797e-03   2.1322278e-01   8.2472749e-02   7.3134318e-02   2.3595931e-01   1.1762076e-01
   9.3478656e-02   3.7845481e-02   3.5981837e-02   8.9953608e-02   2.2173775e-01   3.2985980e-01   4.7783234e-02   4.0892279e-02   4.2511520e-02   5.9955833e-02
   9.4349733e-02   3.6222017e-01   2.0085294e-01   9.8527824e-03   2.0021163e-02   1.1778144e-01   4.4945627e-02   7.1635532e-02   2.4461893e-02   5.3878722e-02
   9.4384129e-02   2.2090558e-02   2.2402133e-01   1.1614831e-02   1.2542722e-01   3.6668241e-02   3.4721734e-03   2.6370697e-01   1.6304152e-01   5.5573027e-02
   9.5154555e-02   1.8809430e-01   6.8875021e-03   1.1161353e-01   1.1394409e-01   3.5594743e-03   2.3884508e-02   2.3565268e-01   2.8347055e-02   1.9286232e-01
   9.6627165e-02   1.1622607e-02   1.7114859e-01   3.3956244e-02   1.3081130e-01   9.5487694e-02   3.7420237e-01   1.5952598e-03   1.8003646e-02   6.6545123e-02
   9.6707067e-02   1.4948905e-01   4.9785207e-02   2.4909138e-02   5.1634941e-02   7.8185326e-02   7.0880970e-02   4.3241401e-02   2.0466591e-02   4.1470031e-01
   9.6811667e-02   3.2899442e-01   5.5409969e-02   9.4149346e-03   5.3190938e-02   1.1729951e-01   8.2992313e-02   5.9783701e-03   1.4199277e-01   1.0791510e-01
   9.7723345e-02   9.1601162e-02   1.7546278e-01   1.0894358e-02   1.4434276e-01   9.0658372e-03   1.9246228e-04   1.7272816e-01   2.8352773e-01   1.4461398e-02
   9.8791207e-02   2.5976055e-03   6.0017237e-03   4.7588611e-02   1.0867344e-01   6.5335732e-02   1.9021768e-01   1.1247125e-01   1.6682571e-01   2.0149704e-01
   9.9364076e-02   1.4246177e-01   3.1370865e-01   7.0594669e-02   1.1413040e-01   1.8526963e-02   1.9727146e-02   9.2140414e-02   9.9070279e-03   1.1943888e-01
   9.9797933e-02   3.1252475e-02   3.5720832e-03   2.1717397e-01   2.4956963e-02   1.5911829e-01   2.3305590e-02   7.5033416e-02   3.5702577e-01   8.7635126e-03
   1.0138438e-01   3.7464984e-04   4.3130520e-02   1.5045010e-02   6.7032278e-02   5.7272020e-02   2.3827593e-01   2.0095200e-01   1.5359484e-02   2.6117373e-01
   1.0151819e-01   2.8465260e-01   8.6341351e-03   3.5035043e-02   1.2428681e-02   1.3372404e-01   1.6710107e-01   9.3667532e-02   1.5298611e-02   1.4794011e-01
   1.0194255e-01   1.3754727e-01   1.0074473e-01   1.4258822e-01   3.3795915e-01   5.7419446e-02   2.0865072e-02   1.6785236e-02   5.5381688e-02   2.8766628e-02
   1.0203412e-01   3.0364173e-01   2.0980971e-01   2.7526247e-01   2.2965879e-02   5.5774278e-03   1.7060367e-02   1.5091864e-02   2.3622047e-02   2.4934383e-02
   1.0207871e-01   2.3251424e-01   4.4809330e-04   7.9869577e-02   4.0980024e-02   1.5734945e-01   3.0441053e-01   5.8274967e-02   1.2241476e-02   1.1832933e-02
   1.0241248e-01   9.4668066e-03   2.3694429e-02   3.5674320e-01   1.0536094e-01   2.0918509e-02   1.3449669e-01   9.6841082e-03   7.2366554e-02   1.6485628e-01
   1.0268095e-01   9.3719679e-02   6.6640060e-02   1.7418488e-01   7.7896667e-02   9.1687613e-02   7.8293969e-02   1.3011848e-01   8.6627159e-02   9.8150539e-02
   1.0324843e-01   7.6529353e-02   5.1863991e-02   2.9494120e-02   9.3536920e-02   2.0201844e-02   2.0182748e-01   5.0728080e-02   3.2106291e-01   5.1506875e-02
   1.0573499e-01   6.9844949e-03   1.0362963e-01   1.8023196e-01   1.1798881e-01   2.9524008e-02   6.4969741e-02   1.9224422e-01   4.6227423e-03   1.9406940e-01
   1.0700636e-01   2.5742498e-02   5.8685600e-03   2.3905620e-01   2.0448018e-02   1.5227717e-01   1.3630017e-01   2.4062187e-01   6.9879250e-02   2.7998967e-03
   1.0770932e-01   1.6456274e-02   2.3637287e-01   2.1119316e-01   3.3261784e-02   5.6098716e-03   2.3074783e-01   1.3106200e-01   2.1138308e-02   6.4485953e-03
   1.0798906e-01   2.6387049e-01   1.4576240e-02   2.7499197e-01   9.1556864e-02   5.2368754e-02   2.5002249e-02   7.7723151e-03   3.0694938e-02   1.3117712e-01
   1.0923323e-01   1.0903938e-02   1.3900848e-01   1.3894282e-02   1.1719127e-02   1.9236099e-01   9.8811039e-02   4.6245654e-03   2.1108231e-01   2.0836203e-01
   1.0945227e-01   2.4950412e-02   8.6675984e-02   2.3240218e-01   7.5680572e-02   6.4462956e-02   1.9488952e-01   6.1784237e-03   1.7652604e-01   2.8781648e-02
   1.0946426e-01   9.7706478e-02   1.7506506e-01   1.6360750e-01   3.7807497e-02   4.3132069e-02   2.1072687e-03   7.0721226e-02   8.8534117e-02   2.1185452e-01
   1.0987526e-01   2.4156251e-02   1.2438107e-01   2.6614366e-01   1.0632351e-01   9.3054564e-03   2.7906910e-02   3.9764519e-04   5.1295325e-02   2.8021491e-01
   1.1007309e-01   1.6836066e-01   1.0450609e-02   2.3344184e-01   3.3871190e-02   1.0217172e-01   1.9602291e-03   1.6970274e-01   2.7713267e-03   1.6719659e-01
   1.1071398e-01   7.5890141e-04   2.3557321e-01   5.0190403e-03   3.1158721e-02   1.4347329e-01   8.9812232e-02   1.8350868e-01   3.2937497e-02   1.6704445e-01
   1.1087860e-01   3.5017800e-02   2.1594273e-02   8.1446791e-02   9.5914603e-03   1.8538105e-01   2.3742717e-01   6.1470332e-02   3.1638786e-02   2.2555374e-01
   1.1103178e-01   5.4980278e-02   9.7808658e-02   2.5843532e-01   2.9866250e-02   1.6380345e-01   8.6766162e-02   3.0908877e-02   3.3214548e-03   1.6307777e-01
   1.1112251e-01   2.4262213e-01   1.0099158e-01   1.3285202e-01   1.0079299e-05   9.7119708e-03   6.7179858e-02   1.5996777e-01   1.5736617e-02   1.5980547e-01
   1.1218061e-01   5.0752538e-03   3.5526776e-02   7.4728736e-02   3.3024151e-01   1.9198460e-01   4.3752188e-03   2.6601330e-02   2.0791040e-01   1.1375569e-02
   1.1219645e-01   1.6805916e-02   5.6131496e-02   3.7832280e-02   2.5937416e-02   1.9397750e-01   5.1960818e-02   2.8099043e-01   8.1547136e-03   2.1601297e-01
   1.1306888e-01   1.1004900e-01   1.5913377e-01   3.5462997e-02   6.3185161e-03   2.6403653e-01   1.6666052e-01   8.6249638e-02   2.7437549e-04   5.8745773e-02
   1.1361307e-01   1.0070457e-04   2.4838572e-02   2.8321864e-01   1.7303476e-02   4.3786763e-03   1.7458269e-02   7.4880074e-02   2.2793725e-01   2.3627127e-01
   1.1484721e-01   1.6488526e-01   4.2257064e-02   1.4287166e-02   3.2709059e-02   2.4064582e-01   4.9586864e-02   6.5152132e-03   3.1494615e-01   1.9320185e-02
   1.1572843e-01   2.0789754e-02   3.0385993e-02   4.2298713e-02   2.9122014e-02   2.1251730e-02   9.8286351e-03   2.7841929e-01   1.3396973e-01   3.1820570e-01
   1.1868506e-01   1.4411345e-02   1.0029388e-01   2.3104961e-01   1.7408489e-01   7.7371210e-03   2.1870410e-02   3.2753814e-02   2.7920445e-01   1.9909425e-02
   1.2005463e-01   9.2585583e-02   2.2020652e-03   1.6492279e-01   2.5932559e-02   3.0443983e-01   1.1679024e-02   1.1056427e-01   3.6682911e-02   1.3093634e-01
   1.2143629e-01   2.7130950e-01   4.5193191e-02   1.2445177e-01   1.2512533e-03   1.4975435e-02   6.2123900e-02   3.1843677e-01   2.5771560e-02   1.5050335e-02
   1.2163081e-01   6.2769062e-02   1.1572682e-01   1.5850742e-02   1.1765647e-01   1.8772532e-01   1.2614754e-01   6.2295840e-02   2.9437514e-03   1.8725366e-01
   1.2211669e-01   4.2571235e-02   1.4823609e-01   1.1872456e-03   7.9036635e-02   4.9864315e-02   3.2954545e-01   3.0698779e-02   1.9352103e-01   3.2225237e-03
   1.2215250e-01   1.1791519e-01   2.1200111e-01   5.6416904e-03   2.1075972e-01   1.7480065e-01   6.1636902e-03   8.1794047e-02   2.2570288e-02   4.6201118e-02
   1.2520397e-01   1.0898647e-01   2.4945106e-01   1.1502483e-01   2.6039380e-01   2.0678854e-02   7.0669828e-02   2.7459980e-02   2.2015175e-02   1.1604083e-04
   1.2602324e-01   7.0762184e-02   9.4785214e-02   3.6356893e-02   7.7717838e-02   2.9044200e-03   2.3419096e-01   2.2067751e-02   1.7893909e-01   1.5625241e-01
   1.2782180e-01   4.0142033e-02   2.0226270e-02   1.3311739e-02   1.6645378e-01   1.7132382e-02   1.0773838e-02   2.4909046e-01   1.8299945e-01   1.7204824e-01
   1.2910317e-01   1.5717252e-03   3.3303392e-01   9.2727930e-02   1.7001602e-01   1.1036129e-02   1.2188988e-02   4.5448577e-02   7.4131682e-02   1.3074186e-01
   1.3083246e-01   2.3172216e-02   1.5515173e-02   2.6967545e-03   7.2590369e-02   2.1301591e-01   8.1654163e-02   8.0850879e-02   1.0936665e-01   2.7030542e-01
   1.3153457e-01   1.6690477e-01   1.6706019e-02   6.0443943e-02   3.6502426e-04   3.1211111e-01   1.4466036e-01   7.6832675e-05   1.3209761e-01   3.5099756e-02
   1.3286820e-01   6.2847255e-03   8.8788977e-02   6.6347623e-03   2.2966099e-01   4.0767108e-02   1.7914391e-01   1.5009878e-02   3.9231105e-02   2.6161035e-01
   1.3292697e-01   1.6240836e-01   8.2910977e-04   2.3055544e-02   1.8330209e-01   6.2097355e-02   1.2049089e-01   5.8402062e-02   1.2171448e-01   1.3477314e-01
   1.3320416e-01   2.6429021e-01   1.8258034e-04   1.3867278e-02   4.8052931e-02   2.7956859e-01   2.3586213e-02   1.4225468e-01   8.9165740e-02   5.8276111e-03
   1.3341272e-01   2.3534985e-01   7.4213385e-02   2.1943677e-01   1.9771957e-01   5.4338598e-02   3.0488090e-03   6.4070636e-02   7.0650604e-03   1.1344602e-02
   1.3507084e-01   2.1789277e-01   1.4200531e-01   9.9901729e-02   2.2603277e-02   1.2728520e-02   2.1434523e-01   2.9662893e-02   1.0906129e-02   1.1488330e-01
   1.3546392e-01   1.3615131e-01   1.2024753e-01   1.9049971e-01   1.4805856e-01   8.5237777e-03   1.0090649e-01   2.4863935e-02   4.2757884e-02   9.2526886e-02
   1.3790128e-01   2.3817742e-02   1.4152572e-02   3.0203659e-02   1.8985157e-03   5.0742147e-02   2.8822920e-02   8.6813945e-02   3.4138764e-01   2.8425958e-01
   1.3838249e-01   1.5268923e-02   6.3725872e-02   2.5741969e-01   3.3587472e-02   1.0218396e-01   2.3774613e-01   1.3571200e-01   8.9701978e-03   7.0032635e-03
   1.3852553e-01   9.0304833e-03   1.4438196e-01   8.0589105e-03   1.9323098e-01   1.5460793e-01   1.4205955e-04   1.9957329e-01   1.2690006e-01   2.5548797e-02
   1.3935199e-01   3.1414767e-03   1.9648565e-02   2.0939110e-01   1.6729347e-01   5.6740067e-02   3.8612939e-02   1.0868602e-01   1.4273472e-01   1.1439965e-01
   1.4054939e-01   1.2262453e-01   8.6496517e-03   2.4274595e-01   2.4493046e-01   4.1657031e-02   1.0011409e-02   4.9835250e-02   1.3863843e-01   3.5789566e-04
   1.4058097e-01   2.2375774e-02   1.3328251e-01   1.2587931e-01   6.0202989e-03   2.0802355e-01   1.6628868e-01   2.7848533e-02   6.2231919e-02   1.0746847e-01
   1.4150454e-01   4.6788685e-02   2.9649121e-01   2.6246363e-02   2.9949160e-01   6.5735403e-03   2.3430551e-02   7.2753009e-02   3.9161360e-03   8.2804364e-02
   1.4288553e-01   1.7949650e-01   2.1742486e-02   4.4658002e-03   2.4842246e-02   9.5412042e-02   2.1692818e-01   2.8975500e-03   1.6678463e-01   1.4454503e-01
   1.4301518e-01   2.4318256e-02   1.7682932e-01   6.9036168e-02   1.5687080e-03   1.3671536e-02   1.9577165e-01   2.9012949e-01   3.0868584e-02   5.4791110e-02
   1.4328892e-01   1.6942715e-02   4.8788281e-02   1.5920313e-01   3.3315343e-04   5.3614762e-03   1.7064533e-01   7.6042833e-02   1.9337770e-01   1.8601646e-01
   1.4454521e-01   1.7774111e-01   9.7133465e-02   3.2185187e-02   1.8849993e-01   5.5260422e-03   1.9576656e-01   1.4954478e-02   1.3352898e-01   1.0119042e-02
   1.4497557e-01   2.8990556e-02   1.8774684e-02   8.5397274e-02   2.7003805e-01   2.9152270e-03   2.9014555e-01   4.0091229e-02   1.0860585e-01   1.0066011e-02
   1.4711105e-01   3.9800918e-01   3.5558853e-02   6.8624900e-02   1.0046549e-01   1.0010710e-02   1.5564923e-01   1.1254753e-02   3.5161610e-02   3.8154231e-02
   1.4720702e-01   4.5858345e-04   1.4565463e-01   2.6697884e-01   6.2680654e-02   3.8408748e-02   1.7013268e-02   1.5288718e-02   1.5403917e-01   1.5227037e-01
   1.4755997e-01   1.8576038e-01   1.0028677e-01   1.9414746e-01   1.8798489e-02   6.8177297e-03   3.6003267e-02   1.3323216e-01   1.6077722e-01   1.6616554e-02
   1.4798931e-01   4.1572710e-03   2.1223333e-01   1.7635377e-01   3.9552244e-02   1.4310129e-01   4.0766942e-02   1.6020193e-02   9.2487083e-03   2.1057695e-01
   1.4821778e-01   1.5580176e-03   1.9440523e-01   1.4187656e-01   1.0841938e-01   9.3094602e-02   5.9001689e-02   1.0982216e-01   1.1556333e-01   2.8041255e-02
   1.4829882e-01   8.0991124e-02   3.4652367e-01   1.8934911e-01   6.3424556e-02   1.6087278e-02   8.7278107e-02   7.2115385e-03   1.6642012e-03   5.9171598e-02
   1.4891434e-01   5.6419901e-03   1.1506240e-01   1.6139511e-01   2.3080869e-02   1.1454950e-02   3.7613267e-03   3.3646777e-01   1.1489143e-01   7.9329800e-02
   1.5085570e-01   1.8108274e-01   5.0554024e-02   2.0583173e-01   8.7101310e-02   1.7630431e-01   2.2758085e-02   4.6882407e-02   7.7693167e-02   9.3652546e-04
   1.5165439e-01   3.1369863e-01   8.3676279e-03   1.2788013e-01   9.5977331e-03   1.5684234e-01   1.3689069e-02   5.6791397e-02   1.0712230e-01   5.4356382e-02
   1.5176935e-01   1.1634282e-01   3.2366920e-02   6.8941895e-02   1.6004876e-01   1.8250885e-01   1.9890791e-01   2.7033024e-02   5.1597422e-02   1.0483039e-02
   1.5335218e-01   8.5870892e-03   1.9394549e-01   2.1351996e-02   5.1290261e-02   9.9374583e-02   1.7956357e-01   5.1117536e-02   1.7432403e-01   6.7093252e-02
   1.5358745e-01   1.4037600e-01   5.4836318e-02   2.9097499e-04   5.7731555e-03   2.1805833e-01   1.9200683e-01   2.0162746e-01   3.3298958e-02   1.4452009e-04
   1.5680879e-01   1.3929439e-02   2.0635970e-01   1.1568578e-01   1.9111451e-01   9.7854630e-02   1.7743665e-01   2.8961852e-02   1.1819023e-02   2.9624353e-05
   1.5717048e-01   5.7359287e-02   5.5501951e-03   5.9008632e-02   2.2400639e-01   1.5851137e-02   1.1229422e-01   2.5670946e-01   6.3105693e-02   4.8944504e-02
   1.5733201e-01   3.0613903e-03   6.8732350e-04   1.4105104e-01   4.1991241e-02   1.0694016e-01   1.1321679e-01   3.1089192e-02   3.0505795e-01   9.9572905e-02
   1.5856311e-01   5.2828421e-02   4.6853179e-03   2.2558341e-01   1.7521470e-01   1.3960615e-01   7.6425326e-03   6.5505634e-03   4.5406703e-03   2.2478513e-01
   1.6060977e-01   1.7583396e-01   8.0815905e-02   1.3505726e-01   1.1213254e-02   1.4299126e-02   1.0262964e-01   1.6197778e-02   6.5352550e-02   2.3799076e-01
   1.6190476e-01   2.7010148e-02   2.0811866e-01   1.8548009e-01   1.5456674e-02   2.1389539e-02   2.4668228e-02   2.1701795e-02   2.9149102e-01   4.2779079e-02
   1.6241913e-01   1.7068176e-01   1.4388352e-01   2.3326554e-01   9.5749448e-03   1.0132570e-01   1.2203250e-02   8.7065304e-03   1.6610463e-02   1.4132916e-01
   1.6398353e-01   1.7668263e-01   5.4960106e-02   4.5322245e-03   4.5585068e-02   1.6209048e-01   5.4937878e-03   1.1959475e-01   1.7268451e-01   9.4392914e-02
   1.7022804e-01   1.4207125e-01   4.9113007e-02   9.6449029e-02   2.0014573e-01   1.0609382e-01   2.2879496e-02   6.5777475e-03   1.9712641e-01   9.3154654e-03
   1.7144357e-01   3.1019535e-02   2.3177252e-02   2.4335398e-03   3.0993267e-01   5.4210135e-02   3.6885107e-02   7.0695916e-02   1.7530700e-01   1.2489528e-01
   1.7174624e-01   1.6510447e-02   1.3949170e-02   2.6776819e-02   1.0211035e-02   1.7288141e-01   2.1428135e-02   1.7883873e-01   2.0162444e-01   1.8603357e-01
   1.7187518e-01   1.8299426e-02   5.1404483e-02   3.8523246e-02   3.6443908e-02   1.2962582e-02   3.7047705e-01   1.6403649e-01   8.0849293e-02   5.5128344e-02
   1.7271337e-01   9.1916044e-03   1.5827088e-01   8.3771144e-03   2.7571500e-01   9.7247757e-02   1.0198666e-01   4.8273598e-02   1.0247506e-01   2.5748952e-02
   1.7278623e-01   3.1848358e-02   1.5317323e-01   2.3207451e-03   2.1937871e-01   5.3438831e-02   4.0371434e-02   7.7463076e-03   1.4912099e-02   3.0402406e-01
   1.7279139e-01   1.1432814e-01   3.1551596e-02   1.1191537e-01   8.2034150e-02   2.4870082e-02   3.7305122e-02   3.4836674e-01   5.0111359e-02   2.6726058e-02
   1.7529273e-01   6.7873243e-02   1.8753149e-01   1.2094790e-02   6.2084689e-02   1.5865125e-01   6.2813801e-03   4.9875146e-02   7.1208145e-02   2.0910713e-01
   1.7550950e-01   7.8844608e-02   1.7449741e-01   6.8970881e-02   1.8225479e-02   3.2234809e-03   2.3233823e-02   2.6131614e-03   2.9112431e-01   1.6375735e-01
   1.7563427e-01   1.7414390e-02   1.1148796e-01   1.7173982e-01   7.1765233e-02   2.4743780e-03   1.7039095e-01   9.9689237e-02   5.4789362e-02   1.2461440e-01
   1.7702486e-01   1.2538144e-02   8.8289258e-03   2.3709290e-01   6.3781115e-02   8.4869650e-02   1.2032307e-01   4.8269284e-02   1.5647720e-02   2.3162434e-01
   1.7772329e-01   3.5301207e-03   1.9736496e-01   6.0463280e-02   1.8689525e-01   1.0685755e-03   1.9080012e-02   3.4747658e-02   1.7398388e-01   1.4514298e-01
   1.7796901e-01   4.2846454e-02   2.4307742e-01   5.4432133e-03   3.0516090e-02   7.3090988e-02   4.0797637e-02   2.7731206e-01   1.1569147e-02   9.7377984e-02
   1.7847757e-01   1.7392651e-01   8.4737891e-02   1.3631739e-02   3.0222593e-02   1.2515195e-01   6.4091254e-02   2.9164603e-02   1.0740310e-01   1.9319279e-01
   1.8015027e-01   9.2259305e-02   2.3064826e-02   9.4705574e-02   6.7272410e-02   8.1600559e-02   1.2580814e-02   7.8979556e-02   3.2675170e-01   4.2634982e-02
   1.8054226e-01   1.3078150e-02   1.2440191e-02   7.1451356e-02   1.2599681e-02   4.7208931e-02   2.7065391e-01   1.0526316e-02   7.3365231e-02   3.0813397e-01
   1.8071853e-01   1.3306502e-01   1.7722166e-01   9.6178326e-02   1.0233242e-01   1.3841084e-01   2.1184392e-02   1.8148704e-02   7.1655384e-02   6.1084721e-02
   1.8109226e-01   1.7461514e-01   7.4489330e-02   7.0723379e-02   9.6751858e-03   7.1333149e-02   1.0087413e-01   1.8039217e-01   1.2323958e-01   1.3565680e-02
   1.8154817e-01   1.4850566e-02   2.7102283e-02   6.4414331e-02   3.4824578e-01   1.1509189e-02   1.6335623e-02   3.0814925e-02   7.5923520e-02   2.2925562e-01
   1.8489246e-01   1.1753843e-02   1.1775454e-01   9.4947088e-02   2.9096382e-01   2.0000090e-01   1.3754446e-02   6.2562662e-02   1.5061258e-02   8.3089867e-03
   1.8522843e-01   1.6364825e-02   1.2519591e-01   9.2178318e-02   2.1294463e-01   1.3325637e-01   7.6659326e-02   6.3107734e-03   3.7635869e-02   1.1422556e-01
   1.8561983e-01   1.6053893e-01   1.2114046e-01   1.7310286e-02   1.3976202e-02   1.5071480e-02   7.7016775e-03   1.5133684e-01   1.9052958e-01   1.3677472e-01
   1.8648047e-01   1.9772615e-02   2.1527435e-01   1.1245675e-02   1.1739990e-02   8.6505190e-02   2.0637667e-01   4.0781018e-03   1.5076619e-02   2.4345032e-01
   1.8790124e-01   2.1076178e-01   4.9840267e-02   1.1015539e-02   2.0628844e-01   6.8168484e-02   1.1608641e-02   2.0613216e-01   3.2097363e-02   1.6186079e-02
   1.8885668e-01   1.5894653e-01   8.0610220e-02   2.2898688e-01   4.8132995e-03   6.9010733e-03   1.5927483e-01   1.4518007e-01   1.7590210e-02   8.8402078e-03
   1.8948206e-01   4.7062682e-02   9.4840491e-02   3.1534705e-02   6.2797947e-02   1.5036120e-01   1.2127480e-01   2.0128096e-01   9.0024126e-02   1.1341029e-02
   1.8957360e-01   8.8519412e-02   2.3385662e-01   1.2526060e-02   6.1435376e-03   6.8995357e-03   8.9409504e-02   1.0563326e-01   2.3224573e-01   3.5192739e-02
   1.9013422e-01   2.4108648e-01   7.1243773e-03   8.0280370e-02   9.7881288e-02   4.6866673e-02   1.1177170e-01   1.9419569e-01   2.4092546e-02   6.5666712e-03
   1.9116906e-01   1.2681872e-01   8.8174177e-03   3.7264165e-03   1.8402335e-01   6.7637293e-03   2.2914244e-01   2.2360097e-01   3.9209629e-03   2.2016926e-02
   1.9129163e-01   6.8728741e-03   1.9326003e-02   1.3736280e-01   2.1723562e-01   1.4510744e-01   8.0045154e-02   1.1274748e-01   3.0143140e-02   5.9867859e-02
   1.9361294e-01   7.8654702e-02   5.3566955e-02   2.2504927e-02   1.4041619e-01   1.9592540e-02   1.8129907e-01   1.4226280e-01   9.9349423e-02   6.8740467e-02
   1.9427474e-01   6.8222409e-02   1.7215705e-01   2.0407786e-01   8.7023394e-03   1.1889766e-02   4.9444086e-02   1.5747926e-01   7.7348541e-02   5.6403946e-02
   1.9476182e-01   6.9234829e-03   2.1855422e-01   7.3796157e-02   4.2040372e-02   3.0900646e-02   2.2899222e-01   1.0401377e-01   6.6800093e-02   3.3217212e-02
   1.9579729e-01   2.1721494e-02   7.3396694e-02   4.1774321e-02   1.7252523e-01   8.3150975e-03   1.1640484e-02   1.3536762e-01   2.7785996e-01   6.1601811e-02
   1.9582395e-01   1.1267862e-01   2.3550974e-01   6.2249747e-02   1.3166689e-02   2.0712494e-02   3.3777320e-02   1.0315528e-01   1.7574151e-03   2.2116874e-01
   1.9612970e-01   1.5245691e-01   2.0322397e-01   1.0247408e-02   9.1321234e-04   1.7454448e-02   8.8020375e-02   2.4368803e-01   8.0137957e-02   7.7279893e-03
   1.9642170e-01   7.4837223e-03   5.9935174e-02   9.0905801e-02   1.1872625e-02   2.0532370e-01   1.6102771e-01   2.6812446e-02   2.0332739e-01   3.6889730e-02
   1.9686493e-01   1.2653831e-01   2.9691573e-01   1.1832570e-02   1.4011294e-02   4.8331657e-02   7.7839519e-02   9.6520051e-02   9.0059085e-02   4.1086842e-02
   1.9707569e-01   2.7887082e-01   1.5268857e-01   3.8229747e-03   6.6009050e-02   2.8557798e-02   7.2995123e-02   9.6350323e-03   1.8418778e-02   1.7192616e-01
   1.9771977e-01   4.2530266e-02   1.4356117e-02   2.5899962e-02   1.9487648e-01   2.6061347e-01   4.9376394e-02   2.1149986e-02   1.8640033e-01   7.0772152e-03
   1.9874068e-01   6.8953117e-02   1.6056487e-02   6.0741711e-02   7.9606546e-03   6.3768819e-02   2.7766677e-01   5.0292544e-02   1.7514531e-01   8.0673914e-02
   2.0012642e-01   4.1871949e-02   7.1741356e-03   1.4673838e-02   2.0567077e-02   2.0116336e-01   4.8173453e-03   1.9601754e-01   1.3332211e-02   3.0025613e-01
   2.0029722e-01   5.9282013e-02   1.2727004e-02   7.0058614e-02   7.0162340e-02   2.4537292e-01   7.4909240e-04   3.1111891e-01   2.0999224e-02   9.2326567e-03
   2.0033286e-01   1.7184425e-01   1.4170897e-02   1.0874461e-02   1.7814438e-01   1.6997941e-02   4.5175797e-03   1.4012935e-01   1.8774049e-01   7.5247792e-02
   2.0098995e-01   1.3499325e-02   2.0248988e-02   1.2749363e-02   2.7688616e-01   1.0274486e-01   1.6349183e-02   1.8524074e-01   1.5779211e-01   1.3499325e-02
   2.0181683e-01   7.5692537e-03   1.8572247e-01   2.5632522e-02   6.7894795e-03   1.3877951e-01   4.7911610e-02   1.1835311e-01   1.9626393e-01   7.1161297e-02
   2.0425149e-01   6.5925442e-02   1.0356611e-03   2.0638707e-01   2.1622049e-01   1.8358317e-04   1.4471455e-01   1.0416487e-01   2.3594281e-02   3.3522572e-02
   2.0508516e-01   1.8963321e-01   1.0147363e-02   1.4792374e-01   9.0066311e-02   3.1194600e-02   1.0804863e-01   6.6781517e-02   9.3942926e-02   5.7176539e-02
   2.0575941e-01   7.4810813e-04   1.1554743e-02   1.3009098e-01   5.6962393e-02   2.6234863e-01   1.0343130e-02   1.7584289e-01   1.3831015e-01   8.0395614e-03
   2.0638258e-01   1.8575540e-01   2.1253298e-02   1.0189590e-01   2.5866922e-01   1.3634725e-01   2.6390431e-02   2.2178453e-02   1.2162749e-03   3.9911199e-02
   2.0645815e-01   2.1562581e-01   6.3496691e-02   7.7851426e-03   2.8749211e-02   6.5346666e-02   5.7509897e-02   2.0996457e-01   4.7947094e-03   1.4026915e-01
   2.0651846e-01   8.5111381e-02   4.6895034e-02   1.6215287e-01   1.5541096e-02   1.5606548e-01   4.5107697e-02   4.8537251e-02   2.3119018e-01   2.8805566e-03
   2.0801872e-01   1.7246679e-01   4.6778047e-02   1.6219820e-01   1.9528860e-01   5.9555856e-04   1.9891493e-01   2.9164267e-03   9.9444458e-03   2.8782877e-03
   2.0830524e-01   8.7920838e-02   1.9981464e-02   1.7121848e-01   9.8607706e-02   2.0000592e-02   5.0480037e-02   1.1268473e-01   2.0968081e-01   2.1120102e-02
   2.0919000e-01   8.7235892e-02   7.9735486e-02   8.2022703e-03   1.2877599e-01   1.7586519e-02   6.9247915e-02   9.2875659e-02   1.2156103e-01   1.8558924e-01
   2.1457554e-01   1.0067142e-01   1.1749257e-01   8.6305011e-02   8.0491023e-03   8.6163211e-02   1.6990218e-01   1.1690254e-01   6.6677419e-03   9.3270681e-02
   2.1739809e-01   2.7955646e-02   8.5897236e-03   4.3885679e-02   2.0302983e-02   2.8908324e-01   5.4661877e-02   1.9771982e-01   1.8428861e-02   1.2197407e-01
   2.1968537e-01   6.5232938e-03   2.3551397e-03   1.4818243e-01   3.0971815e-02   9.1827503e-02   2.6827513e-01   8.9011540e-02   1.5275094e-02   1.2789269e-01
   2.1970331e-01   3.9959889e-02   1.9627580e-01   3.0650062e-01   2.4841936e-02   5.3422687e-03   1.3474108e-01   4.8520529e-02   1.7978643e-02   6.1359188e-03
   2.2328316e-01   3.7197770e-02   1.7561585e-02   5.8478991e-02   2.3360389e-02   2.3982012e-02   5.3827411e-03   2.7218128e-01   2.0679604e-01   1.3177603e-01
   2.2985996e-01   2.8114023e-02   9.7233091e-02   1.2904307e-02   4.4524000e-02   4.3872659e-02   3.8949877e-03   1.5707567e-01   3.5451620e-01   2.8005095e-02
   2.3010673e-01   2.4357557e-02   3.0109108e-03   1.7349079e-02   2.3504585e-01   6.4768060e-02   2.5633965e-01   1.6938045e-02   3.6617650e-02   1.1546647e-01
   2.3073025e-01   2.7067355e-02   4.6081145e-02   2.7818168e-01   5.8041416e-03   2.6749121e-01   7.9585010e-02   1.9139103e-02   9.9291410e-03   3.5990964e-02
   2.3079344e-01   5.6879544e-02   1.6131447e-01   7.9852241e-02   3.6619788e-02   2.2303168e-01   1.1265814e-02   1.3698576e-02   1.7711130e-01   9.4331501e-03
   2.3281900e-01   8.6607390e-02   2.4509488e-01   2.0912162e-02   9.2507494e-03   1.8626771e-03   1.2872925e-01   5.6479379e-03   1.4529515e-01   1.2378081e-01
   2.3395003e-01   2.3903003e-02   2.6776364e-02   1.1691351e-01   1.1987474e-01   4.6261276e-02   2.6454073e-01   1.6226546e-01   3.6766436e-03   1.8382490e-03
   2.3749156e-01   2.9856943e-04   1.2057292e-01   8.3244127e-02   1.9060639e-02   6.3126372e-02   9.9478527e-02   1.7824486e-01   9.8662581e-03   1.8861618e-01
   2.3863703e-01   1.5296400e-01   4.6064358e-02   1.7254057e-03   2.1422421e-02   4.1804047e-02   2.0341405e-01   1.2751352e-03   5.4673409e-02   2.3802014e-01
   2.3979842e-01   7.2439571e-02   7.6120293e-02   1.9700058e-01   4.7416267e-02   1.7611151e-01   5.7582728e-03   1.3801973e-01   4.6207243e-02   1.1281182e-03
   2.4028021e-01   3.5026270e-04   2.1541156e-02   3.4290718e-01   3.3274956e-03   8.8266200e-02   3.9579685e-02   1.4430823e-01   5.9369527e-02   6.0070053e-02
   2.4111993e-01   2.7705809e-01   2.4390584e-01   1.8526257e-02   3.3430840e-03   9.1795515e-02   7.8005293e-03   3.2873659e-02   3.6077448e-02   4.7499652e-02
   2.4612865e-01   8.0405003e-03   1.0944014e-01   3.1268612e-03   1.2358547e-02   8.9338892e-04   1.0884455e-01   5.8368076e-02   2.5759381e-01   1.9520548e-01
   2.4614158e-01   4.8817656e-02   3.4562141e-02   2.8922140e-04   1.5173280e-01   1.7535423e-01   5.4021252e-02   2.3863789e-03   9.2270246e-02   1.9442450e-01
   2.4910746e-01   4.5798779e-02   4.6195570e-02   1.8336282e-02   1.2032735e-02   1.7509159e-01   2.3781559e-02   7.0618065e-03   1.6993957e-01   2.5265465e-01
   2.5111669e-01   2.4553322e-01   1.0622557e-01   1.2702401e-02   1.8704634e-02   2.5642099e-01   6.1418202e-03   6.9793412e-04   3.0709101e-03   9.9385818e-02
   2.5321503e-01   6.6884878e-03   1.1567361e-01   8.6734114e-02   1.1023810e-01   1.3476750e-01   2.6191680e-01   4.2633414e-03   1.4328882e-02   1.2174125e-02
   2.5570425e-01   9.7098347e-03   1.4914741e-01   7.1980099e-02   2.7340725e-01   2.0574602e-02   2.8483174e-03   1.3882805e-01   6.7752504e-02   1.0047680e-02
   2.5752130e-01   1.6195447e-01   3.0088639e-02   1.4200362e-02   8.1775278e-02   8.3507521e-02   5.9269055e-02   8.3101069e-03   3.1179232e-03   3.0025534e-01
   2.5993931e-01   8.9365469e-02   5.9624696e-02   2.5565313e-01   6.1046643e-03   4.0223320e-03   8.7805393e-02   1.3200776e-03   2.3616326e-01   1.6685570e-06
   2.6012798e-01   2.7647581e-01   8.4197758e-02   7.8856254e-03   5.8498708e-02   5.2718465e-02   1.4664320e-01   1.5832910e-02   8.4001133e-02   1.3618409e-02
   2.6081317e-01   1.3878733e-01   8.8029596e-03   1.2076350e-01   6.2400273e-03   1.6186476e-02   2.9229869e-02   2.5309062e-01   9.5344128e-02   7.0741926e-02
   2.6157825e-01   7.4630882e-02   1.1249054e-01   1.3334119e-01   2.7229337e-02   1.1549694e-01   8.9127339e-03   9.4551502e-03   5.0155236e-02   2.0670974e-01
   2.6294260e-01   4.2844229e-02   1.4178931e-02   8.4316326e-02   1.2914872e-01   1.0741485e-01   1.3974990e-01   2.9247563e-02   1.7655292e-01   1.3603974e-02
   2.6364153e-01   2.5565802e-02   2.0225130e-02   6.1073674e-02   1.5598912e-01   3.1306727e-01   4.0485310e-02   1.0242580e-01   1.3603769e-02   3.9225904e-03
   2.6779163e-01   4.7199955e-02   3.0661997e-03   2.1862233e-01   5.4828695e-02   9.7029178e-03   3.3414566e-02   9.5869513e-02   5.3854779e-02   2.1564941e-01
   2.6983984e-01   3.1643703e-02   8.9402016e-02   7.7737147e-02   1.0111043e-01   9.6533814e-02   1.6771612e-02   1.6198084e-01   1.4701565e-01   7.9649497e-03
   2.7174524e-01   3.1260456e-02   4.4760452e-02   1.9639914e-01   7.5512943e-03   5.7985788e-02   1.5903602e-01   2.9077254e-02   8.2222775e-02   1.1996158e-01
   2.7342228e-01   1.1287663e-01   4.9467846e-03   2.8436516e-01   7.1953230e-03   1.4975266e-01   1.8587918e-02   1.7988308e-02   1.0103433e-01   2.9830610e-02
   2.7635310e-01   4.0788124e-02   8.2665409e-02   1.2587425e-01   1.0134625e-02   8.3212935e-03   7.8071443e-02   2.4719293e-02   1.7251328e-02   3.3582114e-01
   2.7699690e-01   7.5925556e-02   7.5246698e-03   1.4860717e-01   8.8189773e-03   1.0876156e-01   1.4927775e-01   1.4981550e-01   7.3945497e-02   3.2641863e-04
   2.7794272e-01   1.5861420e-01   7.3251834e-02   2.3095134e-01   6.1840161e-02   1.3859804e-03   4.3288280e-02   3.1635631e-03   9.3971644e-02   5.5590279e-02
   2.7799431e-01   4.9507473e-03   2.8556992e-01   1.3602352e-02   5.7158304e-02   1.0287914e-02   2.5139034e-02   4.1959072e-02   6.1754423e-02   2.2158392e-01
   2.8291534e-01   8.4624667e-02   1.6631158e-01   1.2371174e-01   2.4482459e-02   8.2917104e-03   8.3506787e-02   1.6139929e-02   1.7447085e-01   3.5544938e-02
   2.8443783e-01   3.2762472e-02   6.6716307e-02   1.6827997e-02   9.8287416e-03   1.5934475e-01   1.4147431e-02   2.9367089e-01   1.0007446e-01   2.2189129e-02
   2.8505827e-01   4.2128628e-02   2.6901627e-03   2.1416924e-02   1.6375312e-01   7.7981604e-02   1.0042300e-01   2.3227481e-01   3.5747691e-02   3.8525792e-02
   2.8573571e-01   7.9796010e-02   6.5996700e-03   4.3497825e-03   5.6547173e-02   8.9995500e-03   2.8678566e-01   2.0968952e-01   9.4495275e-03   5.2047398e-02
   2.8672421e-01   2.1534106e-05   1.6386590e-01   5.5538624e-02   1.5051360e-02   7.3416787e-03   1.0124426e-01   2.9160251e-01   6.7126186e-02   1.1483741e-02
   2.8683200e-01   6.8792442e-02   1.3286094e-03   1.9663419e-01   1.8157662e-02   2.1995867e-02   1.1780337e-01   2.7516977e-01   4.5763212e-03   8.7097727e-03
   2.9164404e-01   7.4165596e-02   2.0063275e-02   2.7736344e-02   1.8127487e-01   1.7608588e-01   1.9759049e-02   1.3782710e-01   5.2077390e-02   1.9366455e-02
   2.9543162e-01   2.7331604e-01   1.4651759e-02   5.4344854e-03   2.3403900e-01   8.1450693e-03   3.2639968e-02   2.4364775e-02   8.8999555e-02   2.2977727e-02
   3.0579638e-01   6.5798316e-02   1.1385183e-01   6.6513924e-02   4.3772965e-02   2.3498459e-02   2.2029620e-01   6.4153124e-02   8.9787559e-02   6.5312484e-03
   3.0650690e-01   7.4743226e-02   1.1243365e-01   5.9017121e-03   2.5728207e-01   2.2009663e-02   2.8968194e-02   6.0555990e-02   8.9440128e-04   1.3070419e-01
   3.0815418e-01   3.5654526e-02   1.9486376e-01   4.0997712e-02   1.1695009e-01   1.7702172e-01   4.5231250e-02   2.3585847e-02   4.1627475e-02   1.5913443e-02
   3.1596526e-01   7.4482298e-02   2.0040080e-01   1.2525050e-02   2.0040080e-02   3.1730127e-02   9.0180361e-02   1.2675351e-01   1.0738143e-01   2.0541082e-02
   3.2236593e-01   5.1884187e-02   1.7580683e-02   1.3562908e-02   4.6369993e-02   2.0866608e-01   1.4071057e-01   1.0193676e-02   4.8810916e-02   1.3985505e-01
   3.2643866e-01   3.6127260e-02   5.7066595e-02   2.7999866e-02   3.9303597e-02   2.3284270e-01   2.0813304e-03   1.2638413e-01   9.3390703e-02   5.8365153e-02
   3.2708596e-01   9.4972067e-02   3.9646783e-03   6.5777618e-02   8.1095693e-03   4.9378266e-02   1.4056587e-02   1.2146333e-01   7.2805911e-02   2.4238602e-01
   3.2869296e-01   6.6373590e-02   3.5126037e-02   1.2775077e-01   2.6338423e-01   3.8727762e-02   3.3751211e-02   3.7062376e-02   2.1542949e-02   4.7588110e-02
   3.3134001e-01   2.1333781e-02   9.9348464e-03   5.2627449e-02   9.9260797e-03   7.8538568e-02   1.3502104e-01   1.0158368e-02   2.2177244e-01   1.2934741e-01
   3.3662008e-01   2.3795525e-02   1.1321096e-01   1.7336715e-02   1.2155923e-02   7.5399568e-02   1.0617754e-01   7.0885589e-02   3.5417411e-02   2.0900068e-01
   3.4109411e-01   2.4256547e-02   1.0332378e-01   8.1877611e-02   1.4239831e-01   2.9093666e-02   1.2402328e-01   6.0381379e-02   7.2629152e-03   8.6288390e-02
   3.4486670e-01   1.7300057e-01   3.8570618e-02   1.1779164e-01   4.4809983e-02   1.5125733e-02   2.0344110e-01   1.8907166e-04   3.4600113e-02   2.7604462e-02
   3.5706627e-01   5.7044821e-02   1.2974480e-01   1.3124598e-01   5.0396740e-02   3.6671671e-02   1.2009436e-02   9.7147759e-02   1.0293802e-02   1.1837873e-01
   3.6839552e-01   1.2330866e-01   3.9322663e-03   1.4815483e-01   1.2716171e-01   1.6966271e-02   2.2391062e-02   7.2783070e-02   9.3327818e-02   2.3578796e-02
   1.0000000e+00   0.0000000e+00   0.0000000e+00   0.0000000e+00   0.0000000e+00   0.0000000e+00   0.0000000e+00   0.0000000e+00   0.0000000e+00   0.0000000e+00
