   0.0000000e+00   0.0000000e+00   0.0000000e+00   0.0000000e+00   0.0000000e+00   0.0000000e+00   0.0000000e+00   0.0000000e+00   0.0000000e+00   0.0000000e+00   1.0000000e+00
   0.0000000e+00   0.0000000e+00   0.0000000e+00   0.0000000e+00   0.0000000e+00   0.0000000e+00   0.0000000e+00   0.0000000e+00   0.0000000e+00   1.0000000e+00   0.0000000e+00
   0.0000000e+00   0.0000000e+00   0.0000000e+00   0.0000000e+00   0.0000000e+00   0.0000000e+00   0.0000000e+00   0.0000000e+00   1.0000000e+00   0.0000000e+00   0.0000000e+00
   0.0000000e+00   0.0000000e+00   0.0000000e+00   0.0000000e+00   0.0000000e+00   0.0000000e+00   0.0000000e+00   1.0000000e+00   0.0000000e+00   0.0000000e+00   0.0000000e+00
   0.0000000e+00   0.0000000e+00   0.0000000e+00   0.0000000e+00   0.0000000e+00   0.0000000e+00   1.0000000e+00   0.0000000e+00   0.0000000e+00   0.0000000e+00   0.0000000e+00
   0.0000000e+00   0.0000000e+00   0.0000000e+00   0.0000000e+00   0.0000000e+00   1.0000000e+00   0.0000000e+00   0.0000000e+00   0.0000000e+00   0.0000000e+00   0.0000000e+00
   0.0000000e+00   0.0000000e+00   0.0000000e+00   0.0000000e+00   1.0000000e+00   0.0000000e+00   0.0000000e+00   0.0000000e+00   0.0000000e+00   0.0000000e+00   0.0000000e+00
   0.0000000e+00   0.0000000e+00   0.0000000e+00   1.0000000e+00   0.0000000e+00   0.0000000e+00   0.0000000e+00   0.0000000e+00   0.0000000e+00   0.0000000e+00   0.0000000e+00
   0.0000000e+00   0.0000000e+00   1.0000000e+00   0.0000000e+00   0.0000000e+00   0.0000000e+00   0.0000000e+00   0.0000000e+00   0.0000000e+00   0.0000000e+00   0.0000000e+00
   0.0000000e+00   1.0000000e+00   0.0000000e+00   0.0000000e+00   0.0000000e+00   0.0000000e+00   0.0000000e+00   0.0000000e+00   0.0000000e+00   0.0000000e+00   0.0000000e+00
   1.0944410e-04   1.5632456e-01   1.1909115e-01   1.4881389e-01   1.9407832e-01   5.2101272e-02   4.6956113e-02   2.1039638e-02   8.1248571e-02   1.8969163e-02   1.6126788e-01
   1.2428489e-04   5.2970186e-02   1.9252187e-01   1.2539827e-03   9.3298412e-03   1.7899726e-01   2.3481031e-01   9.5386868e-02   1.7867764e-02   8.3235197e-03   2.0841412e-01
   1.4253876e-04   2.8071119e-01   1.0415839e-01   3.6480362e-02   1.3827288e-02   1.2864414e-02   2.1190078e-01   2.1858849e-01   2.7361249e-03   1.7970286e-02   1.0062014e-01
   2.2923467e-04   1.1127618e-01   2.5397258e-01   3.6354960e-02   1.8869667e-02   2.6045897e-02   4.1709737e-02   8.4146908e-02   1.1018010e-01   1.0886757e-01   2.0834717e-01
   3.2774554e-04   1.2745437e-02   1.5237273e-02   4.3986964e-02   2.8275513e-02   1.2045310e-01   1.3629945e-01   1.3971386e-01   1.3986550e-01   2.9835739e-01   6.4737772e-02
   4.4685375e-04   9.1881159e-02   2.5159869e-01   6.4616295e-02   2.3230300e-01   1.0332653e-02   1.0219073e-02   5.5794803e-02   2.2478171e-01   4.2462359e-02   1.5563396e-02
   4.7405013e-04   3.9624875e-02   2.8219551e-02   2.1338452e-01   3.4048382e-03   3.5016446e-02   2.2454919e-01   1.9372169e-02   2.5107135e-01   1.6607046e-01   1.8812550e-02
   5.3231747e-04   2.7559136e-02   2.3077044e-02   5.5588716e-02   1.7353836e-01   1.3035880e-01   9.6383763e-02   1.4405018e-01   2.0631760e-01   1.5936107e-02   1.2665798e-01
   5.5069728e-04   5.3495520e-02   2.0251874e-01   1.0789224e-01   2.1832825e-02   1.4768834e-01   1.5376103e-01   2.4986332e-02   1.5562786e-03   2.2712198e-01   5.8596018e-02
   7.3384608e-04   4.0424689e-03   1.6085941e-02   4.7391435e-02   1.5758070e-01   2.5968631e-02   1.9749554e-01   1.2871948e-01   1.2153482e-01   1.5452417e-01   1.4592296e-01
   8.4995885e-04   1.7831150e-01   1.6538291e-01   1.3509112e-01   6.8232076e-02   2.3084242e-02   1.2120651e-01   5.5595393e-02   8.5794747e-02   3.3439545e-02   1.3301199e-01
   8.7458965e-04   2.1800206e-02   2.2316400e-01   1.0025243e-01   1.5625910e-02   4.0253482e-04   7.6927346e-03   1.3063612e-01   1.9933213e-01   1.3804217e-01   1.6217716e-01
   9.6087188e-04   2.0226106e-01   2.1152808e-02   4.1010893e-02   2.3508223e-01   4.4628411e-02   1.0650025e-01   1.1498155e-01   1.1525881e-01   1.0837894e-02   1.0732522e-01
   1.0722498e-03   1.0702756e-01   5.7438377e-02   1.5872154e-01   3.6274550e-02   1.8248993e-01   5.5088066e-03   5.7840271e-04   2.1754445e-01   3.2257938e-03   2.3011834e-01
   1.1066631e-03   2.5059645e-01   3.7334419e-02   1.0309164e-02   2.2760045e-01   1.1210420e-01   2.1098724e-01   6.6764252e-03   6.1230432e-02   7.3925312e-02   8.1292558e-03
   1.1687591e-03   5.7051354e-02   2.0221544e-01   1.9493333e-01   2.1415556e-01   7.0291657e-02   1.0471273e-01   1.6118020e-02   5.7541733e-03   1.0728639e-01   2.6312585e-02
   1.2758626e-03   2.1422410e-01   2.9397388e-02   1.4343567e-02   1.5433851e-01   4.5175919e-02   1.9810916e-01   4.0556544e-02   5.9723939e-03   2.0063728e-01   9.5969281e-02
   1.3200570e-03   2.6911762e-02   5.6069656e-02   1.8992098e-01   1.3720881e-01   1.8009400e-01   1.5790802e-02   1.4741217e-02   2.8840232e-01   5.9676108e-02   2.9864278e-02
   1.5688695e-03   1.9643105e-01   1.7914507e-02   1.2895711e-01   2.3652684e-01   2.2929897e-01   6.7668169e-02   3.2087372e-02   8.2362032e-03   7.6226880e-02   5.0840311e-03
   1.5916324e-03   4.1155688e-02   2.1348587e-02   2.1736485e-01   2.3630451e-01   1.5291947e-02   4.6665467e-02   1.2021533e-01   2.0925712e-03   1.9162872e-01   1.0634069e-01
   1.7344610e-03   2.2941515e-01   8.2335898e-02   1.5437642e-01   3.3675152e-02   4.0384004e-02   2.3599898e-01   8.8365246e-02   9.7887741e-02   1.3711259e-02   2.2115687e-02
   2.0316559e-03   1.4450474e-02   1.4223473e-01   8.8179135e-03   5.7086145e-02   1.7573711e-01   1.7702435e-01   1.7703333e-02   1.6001675e-01   1.0488426e-01   1.4001328e-01
   2.0582108e-03   1.6798184e-01   2.5098889e-02   8.9301318e-02   1.6634332e-01   2.2016766e-01   1.2458571e-02   2.5043139e-01   7.7777609e-03   4.6228143e-02   1.2152895e-02
   2.3271067e-03   7.2819710e-02   1.9288314e-01   2.6935292e-02   1.0304506e-01   7.8835493e-03   1.5591864e-01   1.9636803e-01   5.5935152e-02   1.8332579e-01   2.5585375e-03
   2.4732328e-03   1.2001388e-01   3.8261021e-03   2.3220121e-02   2.6055759e-01   1.7361782e-02   2.1564546e-02   8.3215587e-02   4.0617456e-02   1.0488101e-01   3.2226869e-01
   2.4993967e-03   2.0416545e-01   1.1762880e-02   1.0900828e-01   5.3421549e-03   3.9283358e-02   3.4782266e-02   1.8231122e-01   4.4637586e-02   1.7281745e-01   1.9338996e-01
   2.6799576e-03   3.2882895e-02   1.4419396e-01   4.0984904e-03   8.6705247e-02   3.3108613e-03   2.4210550e-01   8.8247626e-02   2.6041517e-01   7.2547394e-02   6.2812901e-02
   2.6815228e-03   1.1623894e-01   2.6280992e-01   1.8986912e-02   9.2329147e-02   1.6863276e-01   1.8911582e-02   3.8303580e-03   1.9497189e-01   1.5963295e-02   1.0464367e-01
   2.7733861e-03   2.5507673e-01   1.3069289e-01   8.4010052e-02   4.0476868e-02   2.2102036e-02   6.4538451e-02   1.2418831e-01   3.9272436e-03   1.1032382e-01   1.6189021e-01
   2.8599730e-03   8.3066521e-02   4.9255424e-02   8.2027766e-02   8.1118336e-02   3.9254271e-01   1.5490891e-02   6.1241685e-02   2.5052967e-02   1.8982280e-02   1.8836144e-01
   3.0782384e-03   1.6677688e-01   7.6659055e-02   3.0477184e-02   1.0305305e-01   2.1809039e-01   1.8542289e-02   1.3483885e-01   9.2161036e-02   9.1122352e-03   1.4721078e-01
   3.1599693e-03   2.1737133e-01   1.5490673e-01   1.5372293e-02   2.3615478e-01   2.7850923e-02   1.3282032e-01   9.6764638e-02   1.6826995e-02   5.4869167e-02   4.3902860e-02
   3.4284843e-03   6.7297301e-02   1.8903069e-01   6.9371736e-04   2.4194180e-02   1.5533851e-01   3.8186512e-02   3.6803246e-03   1.0768672e-01   2.0441278e-01   2.0605078e-01
   3.5213376e-03   2.0906310e-01   2.5363003e-02   1.1550955e-02   1.6224585e-01   3.2919820e-01   7.4312864e-02   4.4921478e-02   7.5536298e-02   2.8779140e-02   3.5507770e-02
   3.8290508e-03   1.1480133e-01   8.2253996e-02   1.8782474e-01   1.3522367e-02   7.3689404e-02   1.5561202e-01   6.5021986e-02   1.2718945e-01   1.6480359e-01   1.1452059e-02
   4.1439538e-03   2.5412578e-03   8.5714073e-02   7.2274262e-02   1.2251086e-01   1.5736091e-01   5.0568082e-02   6.5054628e-02   1.1499808e-01   7.0882964e-02   2.5395093e-01
   4.1908751e-03   1.9686180e-01   2.5872355e-04   1.0726710e-02   2.0247040e-01   1.2185214e-01   2.6366355e-02   7.7627085e-02   1.8314400e-01   1.6824764e-01   8.2542730e-03
   4.2046960e-03   1.6939564e-05   9.7549305e-02   1.1730305e-02   3.6945388e-02   2.4458958e-01   3.9388718e-02   6.9654715e-02   2.1884820e-01   8.1821049e-02   1.9525111e-01
   4.2256507e-03   1.0909035e-02   5.6915349e-02   1.1675448e-01   1.7102211e-02   1.0347640e-01   2.0139284e-01   1.0461276e-01   1.1918073e-02   3.5832421e-01   1.4368988e-02
   4.3498602e-03   4.6185651e-02   4.2210943e-02   3.6138891e-02   7.8977934e-02   2.7301951e-01   2.5931904e-01   3.4242644e-03   2.7729215e-02   7.6872939e-02   1.5177175e-01
   4.6094683e-03   8.4393191e-02   1.8176187e-03   7.6593687e-02   2.5788165e-01   9.6981368e-02   1.7933766e-01   2.1719380e-01   2.8257499e-02   4.5031117e-02   7.9029307e-03
   4.6229009e-03   1.8307092e-01   7.7512795e-02   1.7004846e-02   1.6555346e-01   2.1115628e-03   2.3861045e-02   1.6293041e-01   3.4546211e-02   1.8227357e-01   1.4651228e-01
   4.8660032e-03   5.6028113e-02   1.0880691e-01   2.6061538e-01   6.6413368e-02   2.4954091e-01   1.8845900e-02   4.5729653e-02   3.0247365e-02   5.1023800e-02   1.0788260e-01
   4.9875860e-03   2.5320010e-02   2.0354192e-01   2.1276269e-01   1.6769057e-02   1.4502184e-01   1.7595520e-02   1.0478190e-01   1.2096473e-02   2.2661614e-02   2.3446139e-01
   5.2298273e-03   1.0075113e-01   3.3203942e-02   4.2153577e-02   1.7548673e-01   2.1351777e-02   2.3821815e-01   5.7645012e-03   9.1399160e-02   2.4675503e-01   3.9686178e-02
   5.5413208e-03   7.8184099e-02   9.9685980e-02   5.4625924e-02   5.1547238e-02   1.0587685e-02   1.0832805e-01   3.2383384e-01   7.1802334e-02   7.9932318e-02   1.1593121e-01
   5.5467585e-03   1.2172760e-01   4.9489806e-02   1.5501734e-01   9.6708859e-02   2.7340630e-02   2.9319110e-02   6.8051589e-02   1.1983323e-02   1.5146413e-01   2.8335086e-01
   5.6057095e-03   1.6471814e-01   2.7790642e-02   2.1391596e-01   8.5824283e-02   1.6115923e-01   8.1811976e-02   7.0045263e-03   1.0122067e-02   4.3827668e-02   1.9821980e-01
   5.8035358e-03   9.0995182e-02   5.1906994e-03   1.1017471e-01   1.6422441e-01   1.4318515e-01   9.1641603e-02   1.5692484e-01   1.5388344e-03   1.9878948e-01   3.1531553e-02
   5.8183753e-03   7.5669622e-02   2.1587263e-01   6.7759987e-03   1.9035854e-01   5.1572137e-03   2.1936640e-01   4.0329472e-03   1.0417864e-03   2.5065184e-02   2.5084131e-01
   5.8499317e-03   1.1144497e-01   1.3577034e-02   3.3026949e-02   2.5464135e-01   2.5511415e-01   1.2539425e-02   5.1775593e-02   8.0899467e-02   6.7044523e-02   1.1408661e-01
   5.8749022e-03   1.3393616e-02   1.7140467e-02   1.1587571e-01   2.7104562e-01   3.8113517e-02   7.6030781e-02   2.2154401e-01   2.1058236e-01   1.0355865e-02   2.0043145e-02
   6.4193354e-03   1.5047538e-01   1.2286430e-01   1.4642723e-01   1.5004665e-02   1.1869400e-01   2.6286238e-02   2.3006953e-01   1.6652190e-01   1.0453122e-02   6.7842895e-03
   6.4661555e-03   1.2715547e-01   1.1839052e-01   8.0793543e-02   2.0540900e-01   8.9780853e-02   1.9922081e-01   1.0595535e-02   3.9778969e-02   6.7399056e-02   5.5010093e-02
   6.4971116e-03   1.7607434e-01   3.2944956e-03   1.2774325e-01   5.9598758e-02   1.5493703e-02   1.4420589e-02   1.1817997e-01   2.3228567e-01   1.6497188e-01   8.1440225e-02
   6.6306378e-03   2.1091743e-01   1.9720358e-02   2.8129613e-02   1.0204383e-01   2.0922763e-01   6.2477600e-02   1.4816631e-01   3.6169625e-02   1.3500971e-01   4.1507247e-02
   6.8125883e-03   1.3453540e-01   5.9548209e-02   2.0807130e-01   2.3882575e-01   4.5177912e-02   3.7793356e-02   2.1379620e-01   3.8981497e-02   1.3347300e-02   3.1104854e-03
   7.9499386e-03   2.3629665e-01   8.3113003e-03   4.5565460e-02   7.8671622e-02   7.8843947e-02   2.2629808e-02   1.1822035e-01   1.4896405e-01   8.2636882e-02   1.7191000e-01
   8.2543078e-03   1.1026673e-01   4.0832630e-02   2.2492933e-01   1.2378698e-01   6.3327304e-02   3.1735978e-01   3.8483862e-02   6.6311687e-03   1.6129389e-02   4.9998514e-02
   8.4032394e-03   1.4866183e-01   2.3672315e-01   9.0058928e-02   1.6778832e-02   3.8944813e-02   2.0372119e-02   1.5503423e-01   3.7078749e-02   1.4614006e-01   1.0180405e-01
   8.6294692e-03   3.3599155e-02   9.2156888e-03   1.7742465e-01   1.7674926e-01   1.6882085e-01   2.2594138e-01   6.4936557e-02   1.4008282e-02   1.0943377e-01   1.1240934e-02
   8.6889522e-03   8.9926217e-02   4.7528709e-02   1.0664863e-01   5.2229858e-02   1.6539652e-01   1.3307862e-01   1.7174891e-01   1.1045444e-01   8.1543467e-03   1.0614480e-01
   9.1879820e-03   4.6972164e-03   4.4361280e-02   3.3189025e-02   1.8787497e-01   2.8612565e-01   9.0926897e-03   6.1998574e-03   6.2900310e-02   1.3211331e-01   2.2425770e-01
   9.3572515e-03   7.6718455e-02   1.0430250e-02   5.0430932e-02   8.8244626e-03   1.5465205e-01   2.1352948e-01   9.1889877e-03   1.6737751e-02   2.2384397e-01   2.2628641e-01
   9.3851893e-03   8.2354279e-03   1.0037007e-01   4.4306672e-02   1.8180487e-01   2.0860649e-01   4.2651792e-02   2.0096919e-01   4.1881271e-03   1.5934421e-01   4.0137961e-02
   9.6065227e-03   4.2829187e-02   1.0431789e-02   1.1500403e-02   8.6513179e-02   9.5115835e-02   2.6454903e-01   2.8898758e-01   1.7313300e-01   1.2297648e-02   5.0358393e-03
   9.7816176e-03   1.8172369e-01   8.2790077e-03   2.1863959e-01   1.2551105e-02   2.1269103e-01   1.3733993e-01   1.2106800e-01   5.6123147e-02   3.2832172e-02   8.9707066e-03
   1.0099183e-02   3.3655451e-02   1.3092184e-01   7.7473619e-02   2.2030314e-01   1.7079731e-03   2.9356103e-02   1.0904395e-01   1.4676046e-01   1.3271437e-03   2.3935114e-01
   1.0129576e-02   2.1802808e-02   1.7533299e-01   2.4278580e-02   1.6160571e-01   1.1916766e-01   1.0049703e-03   1.6929635e-01   5.7003073e-03   1.6491110e-01   1.4676995e-01
   1.0360392e-02   1.7894076e-03   4.2799725e-03   9.4571708e-02   2.2590193e-01   2.7223460e-01   2.7154825e-02   6.5194236e-02   1.7605201e-01   1.4430985e-02   1.0802993e-01
   1.0507970e-02   2.3354652e-01   1.9364556e-01   1.0467785e-01   2.5414572e-02   1.0259270e-01   3.5394397e-02   9.0873842e-03   1.6253030e-02   2.6447492e-01   4.4050884e-03
   1.0986312e-02   2.2972297e-02   1.0070763e-01   1.2220485e-01   1.3835629e-01   1.6401970e-01   1.4980654e-01   1.0952776e-01   1.6067834e-01   2.5607219e-03   1.8179554e-02
   1.1353379e-02   1.0409220e-01   2.6103513e-02   2.1413398e-01   2.9088251e-02   1.0555278e-01   2.6631072e-02   1.3725159e-01   1.6301902e-01   1.6098876e-01   2.1785451e-02
   1.1452966e-02   2.3511574e-01   2.5743256e-01   5.4655617e-02   5.7136859e-02   3.7570034e-02   2.2447583e-01   1.3014438e-02   7.6665124e-03   1.3820668e-02   8.7658778e-02
   1.1518666e-02   1.0989429e-02   1.0325798e-03   1.7097240e-01   1.5494621e-01   7.1207492e-02   2.1335452e-01   2.2751948e-02   7.6124007e-02   4.7099009e-02   2.2000375e-01
   1.1712403e-02   3.9209393e-03   2.5573348e-02   4.5867592e-02   5.6742704e-02   1.4109275e-02   2.8288089e-01   2.2362677e-01   4.2073607e-02   2.3405958e-01   5.9432901e-02
   1.1866181e-02   2.3785875e-01   1.3281964e-02   5.7367805e-02   1.0500453e-02   4.5910722e-02   3.1962688e-01   5.9110877e-02   1.9900035e-01   1.2672275e-02   3.2803746e-02
   1.1998115e-02   5.0823348e-02   4.4671358e-03   1.6901588e-01   2.8647097e-02   1.4401841e-01   2.9166901e-01   9.7150896e-02   4.8298261e-02   2.1044212e-03   1.5180742e-01
   1.2214000e-02   2.3990083e-01   2.3205184e-02   6.1177670e-02   2.3048158e-01   2.6838952e-02   2.2879101e-01   1.4926703e-02   7.3118419e-03   1.7114168e-02   1.3803806e-01
   1.2470468e-02   1.9162747e-01   3.3262599e-02   2.3319081e-01   3.1867268e-02   2.3755951e-02   1.5317864e-02   1.9222874e-01   1.7464410e-01   7.6639314e-03   8.3970802e-02
   1.2568137e-02   1.0296495e-02   2.7155631e-01   1.0472361e-01   1.1164815e-01   8.6638037e-02   5.2781483e-02   1.5802906e-01   1.1152685e-01   7.3936230e-03   7.2838244e-02
   1.2594341e-02   1.5394842e-01   1.0805341e-01   1.6906206e-01   5.5555138e-02   1.9221067e-01   3.9788332e-02   1.1184728e-01   1.0981520e-03   1.2130926e-01   3.4532936e-02
   1.2662746e-02   2.0170698e-01   7.2463832e-04   9.6412381e-03   1.1556714e-01   7.4697856e-02   1.3147223e-01   1.9360693e-01   4.2304070e-02   2.1578700e-01   1.8291712e-03
   1.2714809e-02   8.5943623e-03   2.2618419e-01   2.5418644e-01   7.6356679e-02   8.8773417e-02   2.1059006e-02   9.4516714e-02   1.6937788e-01   4.1771065e-02   6.4654330e-03
   1.2758678e-02   3.1884472e-01   2.5107531e-01   1.1657281e-01   2.9239587e-03   1.3543598e-02   1.6185961e-03   1.8132367e-01   4.4704841e-02   1.1729082e-02   4.4904741e-02
   1.3376298e-02   1.8065850e-01   8.9773824e-02   1.4274005e-01   8.7056482e-02   6.4872570e-02   1.5751971e-02   1.5320945e-01   4.1052225e-02   9.3234147e-03   2.0218522e-01
   1.3609399e-02   1.1967494e-02   2.1129388e-01   8.4839730e-02   8.3545175e-03   5.0842938e-02   1.2906922e-01   1.4082543e-01   1.9978507e-01   2.5059493e-02   1.2435283e-01
   1.3787334e-02   1.0061772e-01   6.4284194e-02   5.2972368e-02   6.8402499e-02   2.9962195e-01   3.6604511e-03   3.7858689e-03   1.3061994e-01   2.2407336e-01   3.8174309e-02
   1.3862429e-02   5.4775066e-02   5.8792035e-02   1.2373415e-01   1.7041265e-02   2.0678902e-01   9.9700537e-02   2.1380053e-02   2.2313915e-01   6.1530634e-02   1.1925566e-01
   1.5251892e-02   1.3584850e-01   5.6708479e-02   2.8672832e-04   2.3303280e-01   2.1045216e-01   1.4491720e-01   2.3422949e-02   4.7160238e-02   1.1028734e-02   1.2189032e-01
   1.5389972e-02   1.2481824e-01   1.1024664e-02   1.4539573e-01   1.8037157e-01   2.2770653e-01   1.1717298e-02   9.4340380e-02   1.1970587e-01   1.6802504e-02   5.2727251e-02
   1.5955875e-02   3.0571418e-02   7.7626488e-02   1.1504425e-01   1.5691825e-01   2.1343804e-01   1.4853497e-01   1.7330287e-01   7.3453194e-03   1.8066304e-02   4.3196221e-02
   1.6935382e-02   2.2172984e-02   1.5428391e-01   1.6467407e-01   1.5249819e-01   1.4480814e-02   9.3348902e-02   3.8900311e-02   1.3363379e-01   3.7305515e-02   1.7176614e-01
   1.7117307e-02   1.1555038e-01   1.6801133e-01   1.6394089e-01   1.2611072e-01   1.2207741e-02   1.8482338e-01   1.5019730e-01   3.7603373e-03   5.7536453e-02   7.4416906e-04
   1.7408194e-02   6.9865866e-03   2.0131261e-01   1.6833461e-02   3.3389567e-02   8.4721058e-02   3.0699779e-02   5.1558078e-02   3.5124167e-01   4.8906349e-03   2.0095837e-01
   1.7448547e-02   6.2544419e-02   1.2698735e-01   6.2456945e-03   2.5807575e-01   4.8237353e-02   9.2509702e-02   1.9739357e-02   2.8426853e-01   7.7100303e-03   7.6233265e-02
   1.7571607e-02   7.8256746e-02   4.9915098e-02   1.1852381e-01   1.5729372e-03   3.9345328e-02   1.0003031e-01   7.2858249e-02   9.8013847e-02   2.0152721e-01   2.2238485e-01
   1.7622404e-02   2.2325528e-02   1.0267546e-01   1.6280550e-02   2.0551438e-01   1.0405380e-01   3.5293701e-02   8.5641250e-03   1.0176851e-01   3.5060728e-01   3.5294269e-02
   1.7705768e-02   8.8922677e-02   7.6003981e-02   8.7274880e-02   1.4709096e-01   1.3753842e-02   1.8888491e-01   1.4502790e-02   2.3538082e-01   1.1070184e-01   1.9777533e-02
   1.7747365e-02   1.4586145e-02   6.5419984e-03   1.4230113e-01   8.6829545e-03   2.0174966e-01   1.1506529e-01   1.9987814e-01   2.0601985e-05   1.0264601e-01   1.9078071e-01
   1.8322296e-02   1.5012657e-02   2.0661896e-02   2.7409235e-01   2.7392237e-02   5.9135522e-02   1.3935017e-02   3.4122336e-02   8.6314493e-02   2.1731732e-01   2.3369388e-01
   1.8393452e-02   7.4382443e-03   6.3768438e-02   1.9702960e-01   3.0492795e-01   2.8411299e-03   2.7007405e-02   8.8497478e-02   1.1339644e-01   2.0642124e-02   1.5605774e-01
   1.8400079e-02   1.0941661e-01   2.6895918e-02   5.5646980e-05   2.1395243e-01   2.6168150e-01   6.0685423e-02   8.9520945e-02   2.7483251e-02   1.8084603e-01   1.1062165e-02
   1.9053792e-02   1.0519547e-01   1.7546589e-02   2.1215076e-02   1.5884956e-01   2.7077232e-01   2.8306517e-02   1.8165865e-02   2.5968766e-01   1.2684828e-02   8.8522327e-02
   1.9339828e-02   3.8702389e-02   4.6165847e-02   1.2884067e-01   1.8062617e-01   2.7639924e-02   4.9105897e-02   3.3374430e-02   1.7391823e-01   2.9702384e-01   5.2627849e-03
   1.9366402e-02   6.8648476e-03   2.7430487e-02   6.9622722e-02   1.4761090e-01   1.6950845e-01   6.9835696e-02   1.6425943e-01   1.7706642e-01   1.2847927e-01   1.9955384e-02
   1.9425483e-02   6.6814908e-02   1.6925022e-01   6.4655557e-02   1.0036598e-02   3.1050778e-01   3.0005650e-02   1.0979430e-01   7.0232150e-02   1.3114842e-01   1.8128938e-02
   1.9808082e-02   2.5732791e-02   1.4730303e-01   9.6866034e-02   1.8710651e-01   2.2297006e-01   1.2974731e-01   3.1715482e-02   3.3823843e-02   8.4133478e-02   2.0793379e-02
   1.9929176e-02   4.0244840e-02   2.3144862e-02   9.1895006e-02   1.9245127e-01   2.3206544e-03   6.0378643e-02   2.2630886e-01   3.2228079e-02   1.4535086e-01   1.6574775e-01
   2.0489376e-02   3.4394590e-02   1.1442430e-01   3.2921711e-01   1.6342682e-02   2.0297822e-02   1.7976582e-01   2.2263237e-02   1.9666318e-01   2.4978213e-03   6.3644064e-02
   2.0685109e-02   6.6852874e-02   3.0497760e-01   1.8555383e-02   2.8980934e-01   4.7439442e-02   9.4575348e-02   2.3141923e-02   2.1586513e-02   6.8734522e-03   1.0550301e-01
   2.0797184e-02   3.2554698e-02   7.9699531e-03   3.3075826e-02   8.6330631e-02   4.9783629e-02   5.6578895e-02   7.6804380e-04   3.3430585e-01   1.6719668e-01   2.1063861e-01
   2.0854642e-02   1.8062687e-01   2.0279492e-01   4.8622481e-03   2.0639673e-01   7.4660419e-02   2.5915635e-02   2.1234344e-03   1.0073125e-01   2.4881245e-02   1.5615260e-01
   2.1434154e-02   1.1997600e-01   1.8963715e-01   1.3336893e-01   1.3706676e-02   4.2080256e-03   8.3932299e-04   1.7659313e-01   1.0682460e-01   2.2761725e-01   5.7947474e-03
   2.1467742e-02   2.0776082e-01   1.8563369e-01   2.0149147e-02   1.7352301e-02   1.2692114e-01   2.7552762e-02   4.5902750e-02   5.5462032e-02   4.5447570e-03   2.8725286e-01
   2.1628314e-02   2.8278927e-02   2.8413097e-03   1.3674341e-01   7.3417693e-02   1.3194131e-01   2.1548708e-03   1.2662125e-02   1.8260145e-01   1.4350644e-01   2.6422415e-01
   2.1810763e-02   2.1182043e-01   1.6246184e-01   7.8826763e-03   1.2858318e-01   5.4564236e-02   1.4394103e-01   2.9698556e-02   2.0053611e-01   2.3841362e-02   1.4859810e-02
   2.2223985e-02   3.0833253e-02   2.2057639e-01   2.2762409e-01   6.2941922e-02   5.3382192e-02   5.2958244e-02   2.2476302e-02   4.3462507e-03   1.9092425e-01   1.1171312e-01
   2.2251321e-02   1.6205723e-01   2.7095287e-02   1.7494317e-01   1.5829683e-01   7.9951348e-02   3.7290691e-03   1.4582914e-02   1.7366785e-01   1.3728511e-01   4.6139875e-02
   2.2289275e-02   4.0615473e-03   7.2115386e-02   1.1450671e-01   2.4650499e-01   2.6573558e-02   2.1013771e-01   9.8379337e-03   8.2112906e-02   1.6656278e-01   4.5297204e-02
   2.2444197e-02   6.7011458e-02   2.6225604e-01   1.6378209e-01   9.4685419e-03   1.4040662e-02   5.9521600e-02   1.7987984e-01   1.8199341e-01   1.0576480e-02   2.9025683e-02
   2.2559561e-02   1.6990094e-01   3.3256243e-01   1.0191111e-01   1.0688209e-03   6.4930089e-03   2.1805596e-02   1.4066185e-01   1.0737274e-01   3.0589909e-02   6.5074029e-02
   2.3065763e-02   6.0163107e-03   1.9179778e-01   3.3482162e-03   1.9098728e-01   1.6721812e-01   1.4248878e-01   1.1286942e-02   7.1017408e-02   1.8968235e-02   1.7380516e-01
   2.3101599e-02   2.1167668e-02   1.2437914e-02   2.8301845e-01   9.8213406e-02   1.5593354e-01   1.2304074e-01   8.5941520e-02   1.2274635e-01   6.7137046e-02   7.2617750e-03
   2.3273659e-02   2.1757522e-01   6.6580083e-02   2.3711524e-01   8.3878606e-05   1.7973195e-01   3.6343224e-02   2.2390183e-01   5.7572937e-03   7.2947333e-04   8.9081466e-03
   2.3467090e-02   1.3562487e-02   1.3166842e-01   6.8143570e-03   2.6361519e-02   1.9101643e-01   2.7004013e-01   1.1930882e-02   3.3995402e-02   1.9836786e-01   9.2775431e-02
   2.3480392e-02   3.8364610e-01   1.3678519e-01   4.9453429e-02   6.3995018e-02   1.1023298e-01   7.5860971e-02   6.9139588e-02   3.4330487e-02   3.4399752e-02   1.8676091e-02
   2.3605619e-02   1.8157994e-01   7.1030957e-02   3.2288937e-03   1.3450491e-01   4.1505175e-02   1.8685411e-02   2.5314114e-01   3.1558376e-02   3.5024319e-02   2.0613526e-01
   2.3791599e-02   1.2524432e-01   1.4303262e-02   2.2349151e-01   4.1077803e-02   4.0764456e-02   9.5858884e-03   2.2303059e-02   2.3547364e-01   2.7230696e-02   2.3673376e-01
   2.4036803e-02   9.7390314e-03   4.2408941e-02   2.3910649e-01   9.0087135e-02   2.7729252e-02   2.5886372e-01   3.1406329e-02   2.3180264e-01   2.0652540e-02   2.4167110e-02
   2.4037127e-02   1.2032462e-01   5.0441233e-03   3.0177797e-02   2.6276469e-03   1.8890691e-01   3.3609396e-02   1.9019391e-01   8.3123350e-02   1.4147441e-01   1.8048071e-01
   2.4122087e-02   5.7762068e-03   2.4380237e-01   2.1776196e-01   3.9615474e-02   2.3244979e-02   1.7739596e-03   3.8240787e-02   1.5945005e-01   5.7770280e-02   1.8844185e-01
   2.4295182e-02   1.6254169e-01   2.2618510e-01   1.2514017e-01   1.2248818e-01   3.3632190e-02   4.5449547e-03   5.9402839e-03   1.8553981e-01   3.0779575e-02   7.8912863e-02
   2.4421229e-02   5.5173995e-07   1.1412880e-02   3.9649586e-02   2.2826466e-01   1.0580321e-02   1.8859696e-01   1.9775733e-01   1.9345856e-01   1.6737740e-02   8.9120186e-02
   2.4502500e-02   1.0938913e-01   1.2114672e-01   6.2851809e-02   1.7831362e-01   4.6971252e-03   4.0411467e-02   8.2158440e-02   3.5022769e-02   2.9551291e-01   4.5993512e-02
   2.4979896e-02   9.5068872e-03   2.3194966e-02   3.8632823e-02   1.3046588e-01   7.8658401e-03   1.5795771e-01   3.2214679e-01   1.5787984e-02   1.9581610e-01   7.3645130e-02
   2.5008086e-02   1.2988610e-01   1.3030825e-01   3.8021021e-02   9.8545963e-03   7.4047802e-02   2.3230161e-02   3.9331788e-01   1.1989677e-01   2.6443228e-02   2.9986108e-02
   2.5833607e-02   2.4469002e-01   1.6328763e-01   1.7703026e-01   1.1730067e-01   1.7378310e-01   2.3299512e-02   5.8512513e-02   1.5986550e-02   2.1998360e-04   5.6159254e-05
   2.5945422e-02   8.3775720e-02   7.5192706e-03   1.7310093e-01   3.5895922e-02   1.5186320e-01   1.2428034e-01   2.6476713e-03   4.8538740e-02   1.7528641e-01   1.7114637e-01
   2.6078046e-02   2.0555939e-01   1.7394290e-01   4.3884145e-03   1.9843626e-01   2.0607666e-02   4.1724508e-03   2.0792727e-01   5.7767805e-02   7.0290560e-02   3.0829242e-02
   2.6142915e-02   1.3918304e-02   6.2661828e-02   2.3614666e-01   9.4208640e-02   2.7151698e-01   7.0519767e-02   3.5920063e-02   1.7085183e-01   1.6739981e-02   1.3730283e-03
   2.6226783e-02   1.7203536e-01   1.9151474e-01   1.2268382e-01   1.3717333e-03   1.0442018e-01   1.9275375e-01   9.8309417e-03   1.1870557e-01   3.6359846e-02   2.4097284e-02
   2.6303101e-02   8.1031825e-02   6.2230340e-03   3.6622607e-02   9.9347889e-03   2.3296048e-02   2.1685466e-01   8.0969493e-02   2.7408093e-01   1.9226164e-01   5.2421879e-02
   2.7081088e-02   5.8738680e-02   1.1831944e-02   4.8588588e-02   6.2014350e-02   9.8029099e-02   2.7436190e-01   5.5612349e-02   6.3934463e-02   9.4932438e-02   2.0487510e-01
   2.7482913e-02   2.9695631e-03   1.4337871e-01   7.6892554e-02   4.4337492e-02   1.2323517e-01   1.2721176e-03   2.5513239e-01   1.4161047e-01   1.5481868e-01   2.8869943e-02
   2.7658827e-02   1.2517633e-01   5.5263801e-02   1.2063232e-01   1.5441069e-02   2.2316005e-01   1.5265734e-01   4.1673172e-02   7.0649049e-03   2.1755223e-01   1.3719966e-02
   2.7884984e-02   2.8477306e-02   4.1422900e-02   2.1289621e-01   1.3448979e-01   1.3782459e-01   1.8114943e-02   1.1498455e-02   1.8241340e-01   1.9140826e-01   1.3569156e-02
   2.8243899e-02   1.3657743e-02   2.0700173e-01   2.1474236e-02   3.8802766e-02   2.7471957e-01   1.8365101e-01   6.4690965e-03   7.4086990e-02   4.0398182e-02   1.1149478e-01
   2.8522010e-02   2.6803412e-01   7.7350908e-02   6.7220956e-03   1.1410985e-01   7.0030887e-02   5.3257042e-02   2.8855962e-01   1.7024815e-02   5.9275217e-02   1.7113432e-02
   2.9114721e-02   2.0563950e-03   2.3822898e-02   2.3443986e-01   2.1653965e-02   1.4529736e-02   2.1332925e-01   1.4985016e-01   1.4217048e-01   3.6577148e-02   1.3245538e-01
   2.9207329e-02   4.6523104e-02   3.0229893e-02   1.1510894e-01   1.9501131e-01   1.4503192e-01   1.2330132e-01   5.2201926e-02   3.7915148e-02   1.0782521e-01   1.1764390e-01
   2.9427520e-02   1.9147875e-01   1.3772122e-03   2.3067521e-01   7.0128752e-04   8.6146018e-02   2.1180137e-01   1.5232071e-02   8.0784367e-02   1.0667482e-01   4.5701374e-02
   2.9649161e-02   2.2293353e-01   1.9460796e-02   2.0440158e-02   1.8109891e-01   1.2560021e-02   5.6767571e-02   6.6438469e-03   1.2938521e-01   7.9876849e-02   2.4118395e-01
   3.0974775e-02   3.0592871e-02   4.5420664e-02   9.4677867e-03   7.2250872e-03   2.0939291e-01   5.4801324e-02   2.2001414e-01   1.9188917e-01   2.2750452e-02   1.7747082e-01
   3.2074235e-02   2.4080045e-03   3.3670244e-02   5.6170080e-02   1.8012454e-01   9.1706921e-02   9.5131556e-02   2.5847113e-01   3.1791881e-02   1.5614754e-02   2.0283666e-01
   3.2305920e-02   2.0153937e-02   7.8286595e-02   1.7836835e-01   2.3666303e-01   2.7164702e-03   3.6215228e-02   6.6476636e-02   1.9548429e-02   3.1570958e-01   1.3555824e-02
   3.2589407e-02   3.1070707e-02   1.8682123e-01   6.5683104e-02   1.3456700e-01   4.3632524e-03   1.2251838e-02   1.9654077e-01   2.8189071e-01   4.2662786e-02   1.1559192e-02
   3.3132554e-02   9.0099136e-02   1.6356273e-02   8.7427181e-02   1.6705322e-01   1.5602160e-02   5.1904342e-02   1.8939270e-01   1.7024042e-01   7.4402724e-02   1.0438929e-01
   3.3278367e-02   1.3516121e-01   2.7593432e-02   3.7170997e-02   4.3596895e-02   1.5331427e-01   9.0629120e-02   1.9374428e-02   2.4046832e-01   2.1421494e-01   5.1980232e-03
   3.3371356e-02   2.9436858e-03   8.5650620e-02   2.6584659e-01   1.0092886e-01   1.7952132e-04   2.3747640e-02   2.7002033e-01   1.1214856e-01   9.6120426e-02   9.0424216e-03
   3.3727584e-02   2.2037501e-01   2.1072929e-01   4.8969431e-02   1.3542357e-02   1.5996754e-02   1.7767010e-01   2.3225295e-02   1.6335252e-02   1.5915818e-01   8.0270748e-02
   3.3998636e-02   4.1699572e-02   2.1936759e-01   2.3878249e-01   3.1329247e-02   1.6774371e-01   3.2652215e-02   6.5057703e-02   3.2477119e-02   1.1352968e-01   2.3362045e-02
   3.4113585e-02   2.2313875e-02   1.3740463e-02   5.8258986e-02   9.0902996e-02   1.1343086e-01   7.9269159e-02   2.4634736e-01   3.0311820e-01   3.7450772e-02   1.0537502e-03
   3.4161733e-02   1.7003445e-01   5.5774676e-03   1.8854937e-01   9.2028228e-02   1.6626633e-02   5.9701099e-02   1.4829439e-01   6.3948913e-02   1.0317460e-01   1.1790312e-01
   3.4700020e-02   3.0479416e-01   2.9815170e-02   2.0718118e-01   2.1327903e-02   1.2450658e-01   5.6670352e-03   1.1776815e-01   1.3753038e-03   1.0068007e-01   5.2184422e-02
   3.4995647e-02   4.1304181e-02   3.7879593e-02   1.2627610e-03   1.9601547e-01   1.6181716e-01   2.4181164e-01   4.2747442e-02   1.5218659e-02   4.7588854e-03   2.2218856e-01
   3.5205414e-02   3.6972318e-02   1.0819912e-01   2.5541217e-02   6.9251561e-02   7.3411834e-02   2.2111181e-02   2.3261724e-01   1.0383922e-02   2.0683651e-02   3.6562255e-01
   3.5265254e-02   1.0424285e-02   4.8475944e-02   9.5002796e-03   2.7751910e-01   2.2224274e-01   5.3242875e-02   5.3763577e-02   2.4829469e-01   3.6131516e-02   5.1397465e-03
   3.5331929e-02   1.5297210e-01   1.0784599e-01   1.2378339e-03   2.9554683e-02   1.5303806e-02   7.9604571e-02   2.0212707e-01   1.0755189e-02   2.8536222e-01   7.9904611e-02
   3.5598484e-02   3.0030917e-02   2.6584475e-02   1.2496237e-03   2.4677508e-01   8.1687105e-02   2.4518734e-01   3.7492670e-02   3.3212467e-02   1.3588431e-01   1.2629753e-01
   3.5634684e-02   1.1594776e-02   2.0194952e-01   9.6824481e-03   1.1346006e-01   2.0376804e-02   1.2496599e-02   4.3605729e-02   2.5179790e-01   9.2513896e-02   2.0688759e-01
   3.6573345e-02   1.1628749e-01   3.3881431e-02   1.3571656e-01   6.2037478e-02   9.4617453e-02   1.1714921e-01   1.1044500e-01   2.1624811e-01   5.9751395e-02   1.7292511e-02
   3.8060843e-02   1.3909381e-01   5.8436140e-02   9.6199816e-03   9.0044068e-02   2.0347056e-01   3.7277467e-02   2.1483236e-02   1.6273292e-02   2.8365802e-01   1.0258258e-01
   3.8158409e-02   8.1648965e-03   3.2252475e-02   9.3862140e-02   2.6916567e-01   1.1416272e-01   2.7790157e-01   1.0624348e-02   7.7208966e-02   1.8712646e-02   5.9786165e-02
   3.8209925e-02   1.0502989e-02   1.3373699e-01   1.4488850e-01   3.4183481e-04   6.4725191e-03   1.7800755e-01   6.6779268e-02   1.5260054e-01   8.3374484e-02   1.8508540e-01
   3.8243881e-02   1.9362305e-01   1.7932228e-01   4.2292695e-03   2.4061403e-02   6.0106524e-02   5.1535977e-02   1.5909306e-01   1.6388584e-01   9.4918283e-02   3.0980428e-02
   3.8437388e-02   1.9554955e-02   1.1552550e-02   7.5500575e-02   1.0790086e-01   2.7134761e-01   1.5179696e-01   7.6657008e-02   2.2722047e-02   6.6921960e-03   2.1783784e-01
   3.8445518e-02   7.5370031e-02   1.6320960e-01   9.4241216e-02   1.0058593e-02   5.0005299e-02   2.3549176e-01   3.2442011e-02   4.9026731e-02   2.5603623e-02   2.2610562e-01
   3.8488398e-02   3.6467744e-01   1.3101429e-02   2.2691118e-02   6.0112707e-02   3.1183449e-01   4.9085642e-02   1.9512970e-02   5.0875583e-02   6.0290412e-02   9.3298152e-03
   3.8990726e-02   9.1450278e-03   2.3768080e-01   3.9842453e-02   1.9223802e-01   1.1885545e-01   2.4850554e-02   2.7724776e-02   1.3031990e-03   2.4107124e-01   6.8297750e-02
   3.9259404e-02   2.3993724e-01   1.2280896e-01   1.9924484e-01   1.0659832e-02   1.5557603e-01   1.8785238e-01   1.7372704e-02   9.3079253e-03   1.7209419e-03   1.6259747e-02
   3.9477481e-02   3.7341934e-02   7.6937622e-02   1.7660701e-01   1.1802594e-01   4.5702368e-02   1.8709768e-01   1.1735944e-01   2.6593351e-02   6.4328963e-02   1.1052821e-01
   4.0478973e-02   1.8717000e-02   2.0771149e-01   1.1093325e-01   8.4801196e-02   1.7668479e-01   1.1422815e-02   1.3926418e-01   6.8510768e-02   1.3986756e-01   1.6079774e-03
   4.0984052e-02   2.8113170e-03   1.6329398e-02   1.2074176e-01   7.9651600e-02   1.9880155e-01   2.2511887e-02   1.9913460e-01   5.6002161e-02   1.9350289e-01   6.9528786e-02
   4.1353000e-02   4.0365163e-03   2.6794546e-01   1.1161685e-01   9.3301227e-02   1.9239123e-02   6.5832625e-02   1.6153669e-01   3.4963899e-03   2.0008883e-01   3.1553287e-02
   4.1533061e-02   1.6327421e-01   1.9940969e-01   1.6080701e-02   5.7502599e-02   1.6086773e-01   1.7396043e-02   7.2956951e-03   4.2440711e-02   1.9930816e-01   9.4891404e-02
   4.1541304e-02   8.9878200e-02   7.7652206e-02   1.9836798e-01   3.1408905e-02   7.8414419e-03   2.2185913e-01   3.8819582e-02   1.1096041e-02   2.1136759e-01   7.0167623e-02
   4.1722919e-02   1.2600483e-01   1.6184111e-01   2.4481396e-02   1.4662200e-01   1.3071327e-01   2.7329783e-02   1.1809687e-01   1.1032612e-02   3.6293776e-02   1.7586144e-01
   4.1842222e-02   8.4543825e-02   4.6628213e-02   2.0622759e-01   3.0632235e-02   2.2323863e-01   8.7353194e-04   4.6358311e-02   8.5634126e-02   2.3252729e-01   1.4940242e-03
   4.1863591e-02   1.2457922e-02   1.2311688e-01   1.7419599e-01   6.3654357e-03   1.0878887e-01   9.5416967e-02   1.7759655e-01   1.5457206e-01   8.6697815e-02   1.8927922e-02
   4.2064116e-02   1.4500469e-02   4.7682695e-02   1.4153964e-01   2.2454526e-02   8.7235964e-03   3.7675997e-02   2.3682589e-01   1.4933125e-01   6.1348267e-02   2.3785356e-01
   4.2264833e-02   1.2627757e-01   6.1777009e-02   1.6953470e-01   3.9639580e-02   1.1061253e-02   1.4695151e-01   1.4174751e-01   2.5754279e-02   7.0185405e-03   2.2797322e-01
   4.2740121e-02   5.8404281e-02   1.6500906e-01   3.8549501e-02   6.0509134e-02   3.7972892e-02   8.9954282e-04   8.8899139e-02   4.2284198e-01   5.7547864e-02   2.6626487e-02
   4.2849291e-02   3.1465017e-03   8.8482281e-02   1.7629203e-02   2.2043722e-01   8.9401228e-02   1.2475668e-01   4.1977941e-02   1.4913339e-01   1.7144364e-01   5.0742620e-02
   4.3112678e-02   1.6813167e-02   3.1092362e-02   2.8089303e-02   1.0560445e-01   2.2290292e-01   7.8106196e-03   1.8618816e-01   5.2068604e-03   1.2300474e-01   2.3017474e-01
   4.3177008e-02   2.9339662e-01   2.4062842e-01   1.0249420e-01   1.3230524e-02   1.1691243e-01   9.8511730e-03   3.0010851e-02   5.4425504e-02   1.1653900e-02   8.4219373e-02
   4.3457264e-02   9.4366737e-02   1.6830454e-01   1.3253263e-01   1.2652379e-01   2.7548607e-02   1.9362061e-02   9.8618754e-03   4.2621081e-02   8.0119308e-02   2.5530210e-01
   4.3629523e-02   5.8332918e-02   1.3827369e-01   1.3733179e-01   1.2464613e-01   1.9675160e-05   6.2532539e-02   1.3099467e-01   1.5643394e-01   1.2112681e-01   2.6678309e-02
   4.3633587e-02   3.5691737e-02   6.0668033e-02   1.1629640e-01   4.3494514e-02   1.7379612e-01   2.5067943e-03   3.9241513e-02   4.3946084e-02   3.4809574e-01   9.2629478e-02
   4.3703760e-02   5.1778263e-02   2.4424886e-01   5.1064842e-03   1.1069299e-01   4.4069082e-02   3.6840011e-02   5.7268496e-03   1.0854908e-01   2.6600323e-01   8.3281394e-02
   4.3822948e-02   2.6070784e-01   1.1371819e-01   2.7417275e-01   2.0745045e-02   5.5494836e-02   1.9575157e-02   1.5460021e-01   3.6148845e-02   4.1544751e-03   1.6859704e-02
   4.4423732e-02   6.6657637e-02   8.0813385e-03   8.8960628e-02   4.3818768e-02   7.9312717e-02   4.3874424e-02   3.0736218e-01   3.4584394e-03   9.1615633e-02   2.2243450e-01
   4.4646716e-02   4.9162170e-02   2.9543538e-01   1.4638276e-01   4.7524605e-02   1.4146672e-01   1.3751634e-01   1.0833890e-02   5.4504693e-02   4.7263752e-02   2.5262964e-02
   4.4731151e-02   1.1492507e-01   1.1924803e-01   4.4576436e-02   1.1528923e-01   1.1120281e-03   3.8307231e-03   1.4204831e-01   8.3495842e-02   3.0926749e-03   3.2765051e-01
   4.4860114e-02   2.2186341e-02   1.7562088e-01   1.9846477e-01   1.3751175e-01   6.5133213e-02   1.5677611e-01   4.7102212e-02   1.2106806e-01   2.1647269e-02   9.6292752e-03
   4.5334297e-02   3.4102209e-02   1.9344126e-01   1.7698828e-01   9.3786813e-03   3.4668440e-02   2.3900968e-02   5.9524086e-02   1.9803824e-01   2.1021446e-01   1.4409082e-02
   4.5374033e-02   2.4065317e-01   3.7640638e-02   4.0724799e-02   4.9008856e-02   2.4024956e-01   2.1545813e-01   6.7965624e-02   1.7219114e-02   4.1472924e-02   4.2331590e-03
   4.5916799e-02   1.1957936e-01   1.2775372e-01   2.0504813e-02   3.1068412e-03   1.9356558e-01   1.8754186e-01   5.3161175e-03   1.4818866e-02   1.1561089e-01   1.6628514e-01
   4.6087152e-02   1.8979093e-01   1.3174408e-02   9.6760388e-03   6.6707975e-02   4.5900931e-02   2.2248323e-01   2.8107870e-02   1.0316290e-01   3.9363238e-03   2.7097223e-01
   4.6791494e-02   1.6288748e-01   2.4191200e-02   6.8871733e-02   3.2010605e-02   1.0301407e-02   1.2854197e-01   2.8724382e-02   2.7957526e-01   6.5853266e-02   1.5225121e-01
   4.7426444e-02   1.9616771e-02   8.9180722e-02   1.9388535e-01   3.5213635e-02   2.5532056e-02   6.1984418e-02   2.0681241e-01   1.1839487e-02   1.0747161e-01   2.0103710e-01
   4.8196425e-02   6.1125333e-05   1.9823366e-01   1.4257181e-01   1.3260299e-01   2.7685478e-01   2.7871650e-02   2.1693429e-02   9.0412454e-03   9.1491347e-03   1.3372374e-01
   4.8355439e-02   1.8566156e-01   3.5095972e-02   1.9109905e-01   9.5930892e-03   3.5177652e-02   4.4270328e-02   1.5839316e-02   1.0219756e-01   1.9772386e-01   1.3498618e-01
   4.8659919e-02   2.0753506e-02   4.7492014e-02   1.7496699e-01   1.9114686e-01   2.2537465e-01   2.2240765e-03   4.6901092e-02   2.7242344e-02   1.8587572e-01   2.9362826e-02
   4.8942778e-02   2.5198181e-02   5.8018772e-02   1.1680964e-01   2.4154461e-01   3.7654079e-02   2.6142613e-03   1.7000476e-01   1.8787599e-02   7.1831933e-03   2.7324213e-01
   4.9128215e-02   1.6348616e-01   3.1701054e-02   9.7318066e-03   1.6674135e-01   1.8749390e-01   1.8246715e-01   1.4800121e-02   1.5752120e-02   1.6594415e-01   1.2753968e-02
   4.9751511e-02   6.5971933e-03   1.0902535e-01   1.5221062e-02   6.4758985e-02   7.3425702e-02   1.3916595e-01   8.9451334e-02   1.4129380e-01   1.6369864e-02   2.9493926e-01
   5.0061920e-02   9.3000609e-02   1.5293879e-01   1.4094031e-02   2.0896067e-01   1.3663258e-01   2.7291330e-02   1.5034681e-02   1.0522465e-01   1.7774170e-01   1.9019033e-02
   5.0062117e-02   6.9250459e-04   8.3872425e-02   9.1504134e-03   2.1566122e-01   5.2592995e-02   1.8928279e-02   2.4226515e-01   2.1471326e-01   3.9525005e-02   7.2536626e-02
   5.0097055e-02   1.0483172e-01   5.1782397e-03   2.2107364e-02   7.5932704e-03   6.2245474e-03   1.8466085e-01   2.1845527e-01   1.1060539e-02   2.1106150e-01   1.7872965e-01
   5.0237726e-02   1.8015286e-01   2.2966463e-02   3.0439103e-02   6.3359079e-03   1.4877584e-01   4.5025350e-02   2.9740146e-01   3.7941703e-02   7.0455514e-02   1.1026807e-01
   5.0259469e-02   1.2317130e-02   1.6626732e-01   4.8008742e-03   4.4220890e-02   2.3074342e-01   6.5421204e-03   2.0473775e-01   1.7916462e-01   4.0735392e-02   6.0211019e-02
   5.0573214e-02   2.5470894e-01   2.8780845e-02   2.4293772e-01   2.7479222e-02   3.0247466e-03   1.3152477e-02   7.8403119e-02   2.2574473e-01   5.3073250e-02   2.2121735e-02
   5.0841549e-02   2.0698430e-01   3.9178486e-02   6.0079152e-02   1.3289533e-01   1.3846906e-01   3.6162670e-02   4.6727932e-02   1.9133940e-02   6.3981719e-02   2.0554587e-01
   5.1208783e-02   1.5121315e-01   2.2713584e-01   2.8968908e-01   1.5130225e-02   5.3569936e-02   5.4430470e-02   4.5792755e-02   3.3732547e-02   6.2139196e-02   1.5958017e-02
   5.1861210e-02   1.6646901e-01   1.4072928e-01   2.2140530e-01   5.6775854e-02   1.4791632e-02   6.5075696e-02   1.3325174e-01   1.3570727e-01   1.1137615e-02   2.7953923e-03
   5.2010587e-02   1.5000352e-02   6.5384180e-02   6.3886463e-02   8.9608036e-02   2.8903421e-01   2.4450325e-02   7.2667106e-02   1.4963423e-02   2.4670526e-01   6.6290054e-02
   5.2116273e-02   2.7711027e-02   1.6623270e-02   1.5262979e-02   1.1181704e-01   3.8246230e-02   6.5764679e-02   2.2898951e-01   1.1403989e-01   2.8022885e-01   4.9200264e-02
   5.2755783e-02   2.2055646e-01   1.7464250e-01   2.1783396e-03   2.1270132e-01   2.0023388e-01   1.1200539e-01   9.1718638e-03   3.7136240e-03   2.9899149e-03   9.0509368e-03
   5.2961215e-02   1.0724160e-02   2.7315401e-02   4.9250293e-02   1.8236679e-01   1.1933094e-01   1.9402004e-02   1.0648467e-02   6.2068582e-02   2.6624076e-01   1.9969138e-01
   5.3022627e-02   4.6114134e-02   1.1476284e-01   6.1321275e-02   1.1265633e-01   1.5317841e-01   3.0463366e-01   1.4197707e-02   8.7432392e-02   4.7638385e-02   5.0422391e-03
   5.3488884e-02   3.9126749e-02   2.1518250e-02   4.2406634e-02   1.2153203e-01   2.0653817e-01   2.6607558e-02   2.1601859e-03   2.1308084e-01   3.2406537e-02   2.4113416e-01
   5.3906979e-02   3.4676540e-04   2.6935215e-02   4.8714557e-02   1.4394980e-02   8.6869495e-02   2.4077507e-01   3.3534669e-02   2.5171513e-01   7.3302769e-02   1.6950437e-01
   5.3966591e-02   1.9710948e-01   9.3945241e-02   2.0966060e-02   3.5325915e-02   2.3911115e-01   7.3091370e-02   2.4235875e-01   1.4178589e-02   2.7824198e-02   2.1226667e-03
   5.4014311e-02   1.7635759e-01   1.0531085e-01   4.3982109e-02   2.6434383e-02   9.7420458e-02   4.8596618e-02   7.8866242e-02   2.6849655e-01   7.5319135e-03   9.2988972e-02
   5.4223373e-02   3.3039376e-03   2.1199422e-01   1.6253550e-01   4.0991926e-03   1.7240443e-01   5.7890336e-02   2.3006554e-01   6.3493855e-02   3.0381422e-02   9.6081791e-03
   5.4509699e-02   9.8547088e-02   1.4114061e-02   7.2999056e-03   1.3434746e-01   2.9941476e-02   1.0567996e-01   1.7958928e-02   2.6096006e-01   3.3394245e-02   2.4324712e-01
   5.5250963e-02   2.0047243e-02   2.5822241e-01   1.1574832e-02   4.4170769e-02   6.2911011e-02   1.5050743e-01   1.8327926e-01   2.4716117e-02   6.9172277e-02   1.2014770e-01
   5.5398509e-02   2.6793822e-01   7.1774734e-03   1.6768088e-01   2.1724934e-01   6.8496292e-02   4.2591526e-03   2.0961157e-02   1.2727203e-02   1.5749720e-01   2.0614569e-02
   5.5423537e-02   7.3990405e-02   6.8409350e-02   9.3890970e-02   2.5654896e-01   1.2952768e-02   1.7478321e-01   7.2679463e-02   1.1928220e-01   2.4063763e-02   4.7975375e-02
   5.5939320e-02   1.6711879e-01   3.7530307e-02   1.2012130e-01   7.3104619e-03   2.0941495e-02   1.2484061e-01   1.9111716e-01   1.1432586e-02   2.0609433e-01   5.7553649e-02
   5.6230805e-02   2.5361226e-01   7.1304925e-02   8.5845178e-03   1.6802058e-01   2.5585131e-01   2.8678766e-03   2.3635866e-02   1.7895066e-02   1.2558750e-01   1.6409304e-02
   5.6465217e-02   2.6237997e-02   1.6264686e-01   1.1771779e-01   3.3238270e-01   2.5924721e-02   2.6707634e-02   7.9408854e-02   1.0414951e-01   2.8732728e-02   3.9625990e-02
   5.6488149e-02   2.3601002e-01   5.6716659e-03   3.4321627e-02   6.4415703e-02   2.0025901e-01   6.8139108e-02   9.2449599e-03   6.0667702e-03   7.4804554e-03   3.1190254e-01
   5.7199963e-02   8.8204433e-02   1.1929106e-02   2.6780441e-01   3.0248576e-02   1.3208082e-02   1.4411717e-01   1.1300555e-01   1.8872439e-01   8.3441328e-02   2.1169973e-03
   5.8417857e-02   6.9544745e-03   1.2246862e-01   1.1076125e-01   1.8223961e-01   1.3840416e-01   1.2278571e-02   1.7055336e-01   1.7358617e-01   1.9703660e-02   4.6322716e-03
   5.9509684e-02   1.7117899e-01   2.0687911e-01   8.3307850e-02   6.5740755e-02   4.4002881e-02   1.4427244e-02   2.1864716e-01   4.5352135e-02   1.7075155e-03   8.9246673e-02
   6.1194513e-02   4.2767090e-03   1.9747905e-01   4.1346322e-02   3.9552082e-02   2.9133666e-02   4.8091888e-02   1.3256987e-01   3.8179199e-02   2.3671141e-01   1.7146529e-01
   6.1451250e-02   1.4715160e-01   9.3102611e-03   1.5783042e-02   2.7846744e-01   5.9584818e-02   3.8933198e-02   8.5714174e-02   1.9113743e-02   2.2757196e-01   5.6918516e-02
   6.1710681e-02   5.2008267e-02   1.3559898e-01   1.9138422e-02   1.1614034e-02   1.7570981e-01   6.7962716e-02   6.3894385e-02   2.3336881e-01   1.2056612e-01   5.8427777e-02
   6.1857364e-02   7.0423406e-04   2.4914057e-01   1.6866518e-01   1.6062523e-02   2.3731775e-02   5.1040703e-02   8.2159176e-02   5.8342565e-03   1.1654308e-01   2.2426113e-01
   6.2033911e-02   3.4269985e-01   2.2388078e-03   9.8045230e-02   3.4856179e-02   6.5173550e-03   6.5587953e-02   5.2346724e-02   1.6672355e-01   2.6106340e-02   1.4284410e-01
   6.2093047e-02   9.8813133e-02   6.2074205e-02   2.5976072e-01   1.1810382e-01   8.7051041e-02   1.2479307e-02   1.8398463e-02   8.8870017e-02   3.2429556e-03   1.8911329e-01
   6.2904705e-02   1.5418544e-01   1.4702720e-02   1.3345007e-01   3.8720473e-02   2.6560738e-01   1.2323946e-02   7.1046542e-03   2.1107371e-01   7.3858252e-02   2.6068652e-02
   6.3143540e-02   8.7226191e-02   3.2765609e-03   2.7361738e-01   5.7303898e-03   1.1487512e-02   7.8582219e-02   2.4431125e-01   1.1164489e-01   2.4972818e-02   9.6007256e-02
   6.4603871e-02   2.6628862e-03   2.1175124e-01   1.7518222e-02   1.3068073e-02   1.5617439e-02   1.5446129e-01   1.8477903e-01   2.6244258e-01   6.3521631e-02   9.5737339e-03
   6.4756745e-02   2.6655230e-01   1.5345256e-02   8.1530688e-02   3.3388517e-03   1.5665933e-01   7.3817874e-02   5.7700062e-02   1.4660307e-01   1.0510022e-01   2.8595606e-02
   6.6196951e-02   4.1264766e-02   1.3221383e-02   4.7037051e-02   1.3320824e-01   1.6597711e-02   4.1486777e-02   9.5572294e-02   1.6223342e-01   1.4275035e-01   2.4043106e-01
   6.6248054e-02   8.8047618e-02   2.6775741e-02   4.1475738e-02   2.4354116e-01   1.8709035e-01   8.3849423e-02   1.6063063e-01   4.6292534e-03   1.5102447e-02   8.2609590e-02
   6.6938631e-02   1.0733295e-01   1.9491350e-01   1.5422493e-01   9.9459400e-02   1.2850983e-01   7.9524713e-03   2.8381461e-02   9.2840113e-03   1.9952432e-01   3.4784874e-03
   6.7827103e-02   5.9800196e-02   1.5246293e-02   9.6212672e-03   6.0529277e-02   2.1674982e-01   8.1714572e-03   6.5453283e-02   5.7938941e-02   1.3679203e-01   3.0187033e-01
   6.7834054e-02   2.6272802e-01   4.8497968e-02   1.5794709e-02   5.7142506e-02   1.3943594e-01   6.7899036e-02   1.5521003e-01   1.3902330e-01   3.2414638e-04   4.6110295e-02
   6.8761505e-02   3.4738459e-02   8.3793677e-02   9.6970613e-02   1.2473170e-02   3.2406844e-01   1.5244991e-02   2.7286761e-01   3.1637203e-02   4.9418486e-02   1.0025845e-02
   6.9052936e-02   2.1091929e-01   1.0838115e-02   9.1568728e-02   1.0767947e-01   5.8470983e-02   3.1618920e-02   1.0040069e-02   4.0911186e-03   2.5074915e-01   1.5497123e-01
   6.9072573e-02   1.0163275e-02   1.1259883e-01   6.0813937e-02   5.3048295e-03   1.3666352e-01   5.9470398e-03   2.9616672e-02   1.9764731e-01   2.6790741e-01   1.0426460e-01
   6.9730685e-02   4.0109642e-02   4.4237481e-02   2.5847599e-02   2.0679623e-01   1.6903086e-03   2.7329382e-01   8.1262628e-02   8.4336263e-02   1.2623432e-02   1.6007191e-01
   7.0156711e-02   1.3187460e-01   4.0383826e-02   2.8297194e-02   2.6221354e-01   9.7113689e-04   2.3753459e-01   4.5975673e-02   2.3600879e-03   1.3806484e-01   4.2167807e-02
   7.0839224e-02   4.8129809e-02   5.7962720e-03   1.2419870e-02   1.5746879e-01   2.7994444e-01   1.5940594e-01   1.0181874e-02   9.1308429e-02   7.8964794e-02   8.5540558e-02
   7.3151741e-02   6.3799884e-03   9.6347712e-02   4.5569262e-02   1.9380897e-01   1.3578901e-02   1.0233495e-01   1.0636130e-01   2.1976301e-01   3.4011599e-02   1.0869257e-01
   7.6441439e-02   5.0376404e-02   3.3286101e-02   1.5027995e-01   2.3497671e-01   3.2127841e-01   2.5744517e-02   1.7465828e-03   3.3310204e-02   3.1528802e-02   4.1030878e-02
   7.6680717e-02   5.3087938e-02   2.1080744e-01   1.7441852e-01   1.7820054e-01   7.2306298e-02   1.9449302e-02   1.7603085e-01   2.4152839e-02   1.9545538e-03   1.2910992e-02
   7.6959929e-02   2.1529838e-03   2.6869137e-02   1.5160965e-02   1.5822064e-01   5.0373804e-03   1.3504254e-01   1.3111665e-01   2.1328181e-01   1.9803608e-01   3.8121894e-02
   7.7358338e-02   5.3180514e-05   3.5938954e-02   1.3624002e-01   1.6251065e-03   8.6682061e-03   1.9728350e-01   2.7027902e-01   1.2043994e-01   6.9370243e-02   8.2743492e-02
   7.7539835e-02   1.7008353e-01   4.0462665e-02   7.7587089e-02   4.5960711e-03   1.2980092e-01   1.1647190e-02   2.5230040e-03   1.3940370e-01   1.5399010e-01   1.9236588e-01
   7.8704877e-02   1.7529826e-01   1.6104693e-02   1.7200747e-02   2.9123593e-01   8.7742589e-02   7.2739284e-02   1.3265075e-02   4.7346673e-02   5.5824067e-03   1.9477947e-01
   7.8866414e-02   1.9889614e-01   1.4674587e-01   8.5182782e-02   1.8141478e-02   1.3398460e-02   2.0602151e-02   1.1504302e-02   1.8196251e-01   2.4073603e-01   3.9638565e-03
   7.9656568e-02   2.6359256e-02   2.7154256e-02   9.3962457e-02   6.4802362e-02   1.5823619e-02   1.7106752e-01   1.5529377e-01   1.2247609e-01   2.7377993e-02   2.1602610e-01
   8.0639860e-02   1.9096338e-01   2.2859605e-01   8.6972393e-02   2.1522092e-01   1.0905165e-01   1.2978867e-02   1.8459263e-02   7.0043848e-03   4.3790389e-03   4.5734189e-02
   8.0954557e-02   2.6401366e-01   2.1585895e-02   1.7263083e-01   1.1565514e-01   3.6203158e-03   1.2279892e-02   3.7720311e-03   2.9869883e-02   1.1463406e-01   1.8098375e-01
   8.2891847e-02   3.1091031e-01   8.8205093e-02   6.9233827e-02   5.5714614e-03   4.3231537e-02   1.7558546e-01   1.4397397e-01   1.1313211e-02   6.3424911e-02   5.6583625e-03
   8.3213486e-02   3.0937973e-02   2.4092454e-01   7.8133657e-02   9.6314440e-03   2.0462206e-01   6.5409241e-04   1.5490445e-02   5.8948115e-02   2.3641813e-01   4.1026051e-02
   8.4193978e-02   2.0683188e-01   8.5864092e-02   1.3644218e-01   1.1461455e-02   1.2371599e-03   2.1723716e-01   2.1970933e-02   7.4380642e-03   1.0357624e-01   1.2374686e-01
   8.4240187e-02   1.0443092e-01   2.7221382e-02   1.8803052e-02   1.5071338e-01   1.3868178e-01   2.1973745e-02   6.2789807e-02   1.4218157e-01   9.3139461e-02   1.5582471e-01
   8.4423838e-02   1.1308961e-01   3.1607183e-01   1.2284008e-01   8.1515191e-02   2.0901808e-02   3.4694785e-02   8.6506593e-03   1.9966928e-03   5.3381635e-02   1.6243388e-01
   8.4673602e-02   1.8358942e-01   3.0764343e-02   5.2423880e-03   1.3562541e-01   5.6297135e-03   7.7289983e-02   6.9343182e-03   2.1192466e-01   1.3984319e-01   1.1848298e-01
   8.5985892e-02   2.2998255e-02   9.0994316e-02   5.4341495e-03   2.3016941e-01   2.9695624e-01   3.8803708e-02   6.4794391e-02   4.1660798e-02   3.1587757e-02   9.0615080e-02
   8.7711365e-02   4.6772791e-04   1.6263958e-01   1.1541312e-01   3.2405586e-03   1.6502044e-01   6.5598812e-02   4.7240708e-02   5.6766995e-02   1.5705111e-01   1.3884958e-01
   8.7786050e-02   8.2883673e-02   5.1707509e-03   2.4423494e-01   2.1327911e-01   5.0790683e-02   1.0666232e-03   5.6637998e-02   2.0838194e-01   4.1158336e-02   8.6098976e-03
   8.8114720e-02   7.3721743e-02   2.6249027e-01   3.7373468e-02   5.4989434e-02   1.6981485e-01   3.3159333e-02   3.0965028e-02   8.6964254e-04   4.4679315e-03   2.4403358e-01
   8.8220449e-02   2.4171344e-02   2.9541584e-01   1.1159459e-01   2.1953319e-01   1.6161422e-02   8.3977242e-03   2.7854558e-02   1.9542878e-02   1.8305550e-01   6.0525027e-03
   8.8522979e-02   4.3435133e-03   9.4905673e-03   6.8423920e-03   2.3614698e-01   1.0910538e-01   1.4644579e-01   1.8362594e-01   8.6491230e-03   1.5589170e-01   5.0935618e-02
   8.9057000e-02   4.0235072e-02   1.1271364e-01   4.5844814e-02   1.4187508e-01   2.5519885e-02   1.4562408e-01   2.2944673e-01   1.3972389e-01   1.7914430e-02   1.2045383e-02
   8.9788172e-02   1.9484113e-01   9.0009495e-03   2.1609217e-02   4.8219033e-02   1.0377532e-01   6.9513233e-02   6.3671478e-03   1.0513978e-01   3.1022324e-01   4.1522789e-02
   9.0914167e-02   5.9083619e-02   1.9949726e-02   2.0823097e-01   2.0862365e-02   1.6265329e-01   1.4605104e-01   1.8339623e-02   5.7244262e-02   2.6159151e-03   2.1405502e-01
   9.0946061e-02   6.8026128e-02   3.5676116e-02   2.3828580e-01   5.9967259e-02   1.5099454e-03   1.2543116e-02   3.6883333e-02   2.3591837e-01   1.9502099e-01   2.5222886e-02
   9.1062525e-02   1.1829606e-01   5.0050059e-02   6.0873471e-02   4.6055737e-02   1.8768402e-01   2.6867739e-01   1.6950453e-01   1.0833278e-03   6.6842677e-03   2.8626375e-05
   9.1464701e-02   1.8708624e-02   2.0000168e-03   2.1344197e-02   1.9481351e-02   2.8325049e-02   2.9667724e-01   6.0472090e-02   1.6646879e-01   1.9172487e-02   2.7588546e-01
   9.2005130e-02   1.4501947e-01   5.1161116e-02   1.8935440e-01   1.2895242e-01   7.3954031e-02   5.9380768e-02   6.8489865e-02   1.5251216e-02   1.4962062e-01   2.6810977e-02
   9.2266885e-02   5.1433242e-02   1.1916332e-01   2.4287415e-01   6.6584400e-03   8.8727288e-02   4.2828049e-03   7.2174647e-02   2.0704052e-01   3.4856010e-02   8.0522695e-02
   9.2802648e-02   1.8422521e-02   5.2485167e-02   1.2538799e-01   2.2286526e-02   1.2370107e-01   2.2937451e-02   3.4653304e-01   7.0776820e-02   1.1632207e-01   8.3447006e-03
   9.2994441e-02   1.1663743e-01   5.1992036e-02   2.7259479e-01   1.5534991e-03   1.3671716e-01   1.8804851e-01   4.8874263e-02   6.4507367e-02   1.9405847e-02   6.6746552e-03
   9.3056280e-02   1.9036794e-02   1.1441751e-01   9.9680230e-03   3.8554548e-02   5.9438225e-02   1.6763210e-01   2.1762819e-01   8.4865102e-02   1.4397494e-01   5.1428296e-02
   9.3652621e-02   1.6975692e-02   1.0686834e-01   7.0892664e-03   1.2086291e-02   4.9675750e-02   1.3954650e-01   1.2506054e-01   2.0168213e-01   7.2460079e-02   1.7490279e-01
   9.6541576e-02   1.2230955e-01   1.4530681e-02   6.2278580e-02   1.7138524e-01   9.5801839e-02   1.5664406e-01   9.5436696e-03   1.2823145e-01   3.5711985e-02   1.0702137e-01
   9.7589942e-02   1.6833922e-04   1.8710158e-04   2.5970635e-01   1.2067961e-01   2.6901263e-02   9.5653450e-02   1.2028502e-01   2.1957252e-01   4.3268253e-03   5.4929586e-02
   9.8270981e-02   1.1668329e-02   1.1026410e-02   1.3160975e-01   1.3688965e-01   5.9502926e-02   6.9265790e-02   2.8332711e-01   1.0933529e-01   2.1212624e-02   6.7891146e-02
   9.8885670e-02   1.3583957e-01   1.0967339e-01   9.0224852e-03   1.9282110e-01   1.7747209e-01   9.3285212e-03   1.3129267e-01   3.2042249e-02   1.0052502e-01   3.0972330e-03
   9.8910961e-02   2.1018376e-01   3.5556002e-02   7.7220355e-02   9.8216549e-02   1.0957231e-01   1.3038250e-01   8.8275222e-03   2.1168662e-01   1.2995905e-02   6.4475156e-03
   9.9106559e-02   1.3794443e-02   1.7532183e-01   1.6963972e-02   4.6948986e-03   7.7100566e-02   1.1610898e-01   8.4562956e-03   1.7861616e-01   1.6282926e-01   1.4700702e-01
   9.9670422e-02   3.6658734e-02   1.9662168e-01   4.3632114e-02   5.5740740e-02   1.0850166e-01   3.4481482e-03   3.0791300e-02   1.5897886e-01   4.9683832e-02   2.1627250e-01
   9.9831381e-02   3.0142751e-02   1.6304874e-01   2.5430197e-02   3.2895261e-03   1.7889434e-01   1.7252976e-01   1.4897478e-01   1.2094141e-01   8.9470714e-03   4.7970051e-02
   1.0042487e-01   4.5873164e-03   1.4129360e-01   7.9387137e-02   5.0442918e-04   1.0582971e-02   2.0120686e-01   6.1524716e-02   1.1669434e-01   2.7099115e-01   1.2802607e-02
   1.0120537e-01   1.5602762e-03   4.2708152e-02   7.9903426e-02   2.5814887e-01   1.7004107e-02   1.8633523e-02   1.1527914e-01   1.6817032e-01   1.9293322e-01   4.4535872e-03
   1.0222940e-01   3.2701295e-02   2.8990455e-02   5.6011687e-02   2.5542208e-01   6.5687602e-02   3.0194611e-02   2.6179337e-02   2.2915053e-01   8.6455660e-02   8.6977341e-02
   1.0288328e-01   2.6214957e-01   7.6732606e-02   4.2915176e-02   2.0081824e-02   1.8974450e-02   1.8250949e-02   1.8147250e-01   9.2784415e-03   1.6615323e-02   2.5064588e-01
   1.0382441e-01   1.8152718e-02   6.9139994e-02   3.3070030e-03   1.4297936e-01   9.2679444e-03   4.3924172e-03   7.8403059e-02   4.0273096e-01   8.9376265e-03   1.5886450e-01
   1.0519106e-01   1.5799248e-01   1.5845413e-01   6.5274865e-02   1.6728500e-01   1.4539669e-01   4.2663079e-02   5.6112318e-03   1.3660385e-01   1.0866412e-02   4.6611970e-03
   1.0520953e-01   1.9363262e-01   9.3470471e-02   4.2445705e-02   1.4939879e-01   7.7221182e-03   4.4326351e-02   1.4362294e-01   1.4899883e-01   5.2288564e-02   1.8884090e-02
   1.0541934e-01   5.9076279e-02   1.0241341e-01   5.9281619e-04   1.4982136e-02   4.5811219e-02   3.3303754e-02   8.6248284e-02   3.0688846e-01   1.0350017e-01   1.4176414e-01
   1.0626662e-01   7.2390027e-03   1.8644491e-01   8.9998163e-02   1.8212307e-01   8.6167103e-02   3.3571987e-02   7.6039302e-02   3.1256162e-03   4.2807343e-02   1.8621688e-01
   1.0655377e-01   1.6576080e-01   4.3138207e-02   2.2798852e-01   2.8166901e-03   2.4261537e-01   1.4277881e-02   3.0113098e-03   8.3245607e-02   1.0398534e-01   6.6065017e-03
   1.0905791e-01   2.8460065e-02   1.0520539e-01   4.5228416e-02   8.9922512e-03   2.9943615e-01   7.9715613e-02   1.5264185e-01   1.2467405e-01   1.8075459e-02   2.8512844e-02
   1.1090461e-01   2.1297647e-01   1.5925522e-02   2.4982175e-02   2.6416503e-02   7.2280918e-02   1.9452697e-01   3.8584298e-02   5.2729809e-02   2.1147231e-01   3.9200411e-02
   1.1113845e-01   2.2948755e-01   4.0753943e-02   1.4627607e-01   1.3824192e-01   1.9529918e-01   3.4744595e-02   2.0539466e-02   3.7393001e-02   2.2530835e-03   4.3872752e-02
   1.1121092e-01   1.4818311e-02   1.6845790e-01   2.0075958e-02   1.7921562e-01   1.8568940e-02   5.8595416e-02   8.7857813e-02   7.6376482e-02   2.0473305e-01   6.0089599e-02
   1.1168404e-01   5.2614815e-03   1.3029117e-02   1.9146639e-01   1.5221835e-01   9.4639703e-02   2.4133115e-02   8.7374758e-02   3.8215318e-02   1.4609991e-01   1.3587782e-01
   1.1220591e-01   1.1978566e-01   1.5725401e-01   8.4365895e-03   1.2512035e-02   1.3249431e-03   1.6326685e-02   2.3492374e-01   2.6857094e-01   2.5185794e-02   4.3473697e-02
   1.1350928e-01   2.3814329e-01   7.6609742e-02   6.8707030e-02   2.0641443e-02   1.9456886e-02   2.2643231e-02   2.3721891e-01   1.7500722e-01   1.7876486e-02   1.0186480e-02
   1.1355504e-01   3.6732055e-02   1.5987922e-01   4.5492865e-03   1.2842823e-02   2.6489376e-02   3.9864798e-03   2.6218222e-01   1.6789360e-01   6.8911081e-03   2.0499879e-01
   1.1392567e-01   3.6632696e-02   1.7265715e-01   1.4842290e-01   2.1476246e-03   6.5189412e-02   3.7952802e-02   1.4259227e-01   3.4743795e-03   2.7498736e-01   2.0177414e-03
   1.1430583e-01   2.7946837e-01   1.4406897e-01   1.4188055e-02   6.1464875e-02   5.1564868e-03   2.8785219e-01   2.8721036e-02   9.2044565e-03   6.1140102e-03   4.9455719e-02
   1.1507124e-01   8.9672960e-02   1.2916368e-02   1.2249296e-01   4.0725226e-03   1.5193561e-01   5.4043026e-02   2.1242450e-01   9.3126726e-02   1.2205973e-01   2.2184350e-02
   1.1524021e-01   5.9121504e-02   1.3076077e-01   5.8801032e-02   9.3686548e-03   5.5978278e-02   4.6160368e-03   1.5812183e-01   1.8647920e-01   1.7250686e-01   4.9005630e-02
   1.1606004e-01   1.6550724e-01   1.6481025e-01   1.2242159e-01   2.5748604e-02   1.3061450e-01   1.3259667e-02   2.2871572e-03   1.2207968e-01   6.1004578e-03   1.3111082e-01
   1.1648543e-01   4.6845941e-02   1.7165628e-03   2.0137867e-02   1.2393438e-01   4.5766956e-02   2.1020601e-01   2.1080532e-01   1.3268890e-02   1.6215611e-02   1.9461703e-01
   1.1749111e-01   2.9029294e-02   1.6557918e-01   1.8117089e-01   3.5926399e-03   1.5941805e-02   5.9779491e-04   8.3842565e-03   1.1612126e-01   1.8789348e-01   1.7419829e-01
   1.1791646e-01   1.7212339e-02   9.3094236e-02   2.8061354e-02   1.0501912e-01   2.2052793e-01   4.3267247e-02   2.5227509e-01   5.5771317e-03   4.9339496e-02   6.7709593e-02
   1.1813983e-01   1.6968430e-01   1.0837930e-01   1.1057826e-02   2.8792968e-01   3.5286809e-03   3.8411057e-02   2.2709926e-02   1.4325329e-01   6.1551680e-02   3.5354431e-02
   1.1852053e-01   1.0754711e-02   2.1566551e-01   4.3076541e-03   1.3541135e-01   2.2390873e-01   4.0893087e-02   7.0638412e-03   1.2735537e-01   1.9390681e-03   1.1418015e-01
   1.1872995e-01   3.6355086e-03   1.3248470e-01   1.7317355e-01   3.9591128e-03   3.0937636e-02   2.3214859e-01   6.0468990e-02   1.8292153e-01   2.9718796e-02   3.1821629e-02
   1.1890893e-01   8.6466791e-02   7.3986849e-03   9.1921716e-02   1.6103662e-01   8.9536960e-02   1.6813449e-01   2.8414650e-02   5.6068720e-02   1.7028311e-01   2.1829324e-02
   1.2019788e-01   1.0832513e-01   4.8411376e-03   4.8115574e-02   4.6151433e-03   7.7994385e-02   1.9422009e-01   8.6095365e-02   1.4750954e-01   1.4189762e-01   6.6188132e-02
   1.2093918e-01   1.0359751e-01   1.4686703e-01   1.3633344e-02   1.2080110e-01   1.7881363e-01   1.7423971e-01   5.0888015e-02   4.6089910e-03   2.3757930e-02   6.1853566e-02
   1.2099051e-01   9.9916258e-04   1.8048491e-01   1.6713320e-01   6.5794465e-02   1.8324441e-01   8.4850749e-03   4.5016530e-02   1.6645479e-01   1.9236326e-02   4.2160619e-02
   1.2115742e-01   1.4326039e-01   1.0259174e-01   6.0917913e-03   2.2544630e-01   4.8304846e-02   8.3966035e-02   1.7753001e-01   1.4760015e-02   4.7755566e-02   2.9135883e-02
   1.2190592e-01   2.2274600e-01   8.7010459e-03   2.1884282e-01   1.0611489e-01   2.2027267e-02   5.9492602e-03   2.3310289e-02   1.3866838e-01   3.4443346e-02   9.7290779e-02
   1.2474158e-01   8.3079442e-02   2.2044844e-02   1.1725469e-02   4.5258102e-02   5.6659411e-02   7.9432211e-03   1.9317160e-01   2.2529163e-01   1.5211054e-02   2.1487365e-01
   1.2624914e-01   6.5043190e-02   2.0230811e-01   2.9213322e-02   1.6500111e-01   2.1378449e-02   1.5163629e-02   3.3230502e-03   2.2769660e-01   5.9523635e-02   8.5099766e-02
   1.2656262e-01   2.5729402e-01   1.7804582e-02   1.6274562e-02   2.3579007e-01   6.4569152e-02   3.6418450e-03   7.3286281e-02   7.0922267e-02   1.1298963e-01   2.0864968e-02
   1.3107260e-01   4.0212647e-03   7.8556251e-02   1.4021147e-01   8.7682779e-02   6.2386547e-05   3.6443326e-02   9.9147801e-02   3.0538218e-02   3.0843718e-01   8.3826720e-02
   1.3183137e-01   1.3029863e-01   1.1465006e-01   1.6537286e-02   1.5776161e-02   3.9059895e-02   1.5248404e-01   9.4472480e-02   5.5994810e-03   1.5997177e-01   1.3931882e-01
   1.3213841e-01   8.8948327e-02   1.3625251e-03   2.2024911e-02   1.9039617e-02   1.6631974e-01   1.8944266e-01   1.5206095e-01   1.3958199e-02   4.9357234e-02   1.6534743e-01
   1.3338380e-01   6.9914906e-02   4.9774264e-03   2.0981799e-01   2.4511774e-01   1.1179565e-02   6.0200209e-03   8.5792186e-03   1.5849790e-01   3.2498833e-05   1.5247893e-01
   1.3368802e-01   1.7208265e-01   4.5055891e-03   1.4672203e-01   2.8506063e-04   1.4829283e-01   1.7241963e-01   2.3836906e-02   1.1194503e-02   8.6721933e-02   1.0025086e-01
   1.3427030e-01   8.4991083e-03   5.9787398e-02   2.5460425e-01   1.5004428e-01   1.3507096e-02   3.3854443e-02   1.1608934e-01   1.5545816e-02   1.9202241e-01   2.1775554e-02
   1.3520529e-01   3.2397515e-03   1.9627737e-01   5.5908263e-02   7.5893021e-02   6.1710240e-02   3.7484850e-02   2.4407050e-01   1.5841254e-02   8.2826204e-02   9.1543257e-02
   1.3610682e-01   1.7105704e-02   2.6519390e-01   2.1407508e-02   1.3837524e-02   5.6619420e-02   1.3537186e-02   6.1689172e-02   3.3483326e-02   7.7653094e-02   3.0336635e-01
   1.3805930e-01   2.1021789e-01   3.9591354e-02   2.0617958e-01   1.1972476e-03   5.3031983e-02   1.0836316e-01   1.8437828e-02   3.4422680e-03   2.3547153e-02   1.9793223e-01
   1.3879773e-01   2.2002011e-01   2.0764618e-02   1.4903609e-01   1.8091692e-01   2.2046777e-02   8.5069982e-02   3.9522160e-02   2.9956647e-03   1.5839151e-02   1.2499079e-01
   1.3932188e-01   1.7979444e-01   1.4268258e-02   1.2690112e-01   4.8598875e-02   1.4212298e-01   7.9789963e-02   1.3458439e-01   5.7701288e-03   1.7896223e-03   1.2705835e-01
   1.3947129e-01   5.8408350e-05   7.7895088e-03   7.1053956e-02   1.3104668e-02   2.3020712e-01   2.3663198e-01   1.6709532e-02   8.5085393e-02   9.9826953e-02   1.0006119e-01
   1.3953660e-01   1.8941666e-01   7.4117272e-02   2.5117469e-03   2.3446456e-02   2.8303618e-02   6.7837532e-02   1.1433339e-01   1.7736242e-01   8.1908024e-03   1.7494350e-01
   1.4023505e-01   3.8585988e-02   1.1562944e-02   2.0223955e-01   1.5292575e-01   2.2500521e-01   1.5049575e-02   9.1216514e-02   1.1990763e-02   7.1723712e-02   3.9464946e-02
   1.4073020e-01   5.5378785e-03   5.3651069e-03   1.4047582e-03   2.4846987e-01   1.7039336e-01   7.7172464e-02   2.7877016e-02   9.7597754e-03   1.8124258e-01   1.3204699e-01
   1.4078592e-01   1.2238898e-02   1.2195122e-01   1.3908457e-01   1.3567172e-01   4.6708780e-02   1.0401869e-01   1.8551455e-01   2.3060620e-02   4.2594081e-03   8.6705625e-02
   1.4292633e-01   1.3838830e-01   7.2982376e-02   1.9888988e-03   2.1489573e-01   1.9670667e-01   1.6191822e-02   1.7804413e-02   3.9223564e-03   8.9106738e-02   1.0508636e-01
   1.4302121e-01   1.0263214e-02   1.0802384e-01   8.7188705e-02   1.0051554e-01   8.5539427e-02   1.5766276e-01   1.1079769e-01   1.7182384e-02   1.3009755e-01   4.9707676e-02
   1.4406943e-01   4.0648685e-02   5.1178343e-02   1.0503352e-01   1.3087015e-01   1.3072056e-01   5.0805179e-03   6.1851876e-02   2.9126171e-01   2.4416260e-02   1.4868950e-02
   1.4452590e-01   4.2749498e-02   4.8619556e-02   5.2636768e-02   1.5301290e-02   3.3353597e-01   3.0954730e-02   2.1430080e-02   1.0812973e-01   7.5313224e-02   1.2680326e-01
   1.4723418e-01   2.9441893e-01   2.1651615e-01   6.5991660e-04   1.5197225e-01   4.0852929e-02   2.9208772e-02   2.7326349e-03   6.5480028e-03   1.0033137e-01   9.5248546e-03
   1.4823406e-01   2.0977211e-02   2.0853530e-01   5.9956234e-02   3.3315354e-02   3.8955911e-02   1.5588777e-01   5.1597374e-02   2.1018484e-01   5.7483354e-02   1.4872594e-02
   1.4900591e-01   5.5309654e-03   1.9868361e-02   1.6742683e-01   1.7050607e-02   7.2249711e-02   2.1049030e-01   9.6410522e-02   1.3196220e-02   5.4793520e-02   1.9397706e-01
   1.4983014e-01   1.7345449e-01   2.3909279e-02   3.4091704e-02   5.8330187e-02   2.0962830e-01   9.3465355e-02   1.1809881e-01   6.7237286e-02   7.0900080e-02   1.0543709e-03
   1.5090026e-01   7.3492626e-02   1.6558018e-02   2.8610571e-01   1.4154833e-01   8.8729916e-03   1.4571794e-01   1.5719935e-01   3.8772012e-03   5.7103810e-03   1.0017198e-02
   1.5254831e-01   1.3637137e-01   5.7172299e-03   6.4084209e-02   1.0832081e-02   1.1009829e-01   5.0510191e-02   2.4868660e-02   1.1058657e-02   2.0147904e-01   2.3243197e-01
   1.5283414e-01   7.1567156e-02   3.3527011e-03   1.3918802e-01   2.0816901e-02   1.6640827e-01   1.6339492e-02   8.9881402e-02   1.6317915e-01   1.1700128e-02   1.6473264e-01
   1.5423341e-01   9.7918923e-03   2.2083252e-01   4.0273452e-02   2.5150726e-01   7.1906854e-02   2.7856691e-02   7.4762232e-02   1.4152462e-01   7.0296938e-03   2.8136749e-04
   1.5458037e-01   1.7975348e-02   2.9121209e-02   6.6702775e-02   2.6049165e-03   1.1527984e-01   9.0311629e-02   1.7309629e-02   1.8578491e-01   1.4620373e-01   1.7412565e-01
   1.5655672e-01   9.7542381e-02   1.2647396e-01   1.5823581e-01   1.3610920e-02   8.6652301e-02   1.5815666e-01   8.1563668e-02   1.3177094e-02   6.5988228e-03   1.0143165e-01
   1.5672786e-01   1.4586449e-01   1.0130909e-01   5.7234100e-03   5.6422735e-02   2.6348563e-02   1.7501123e-01   2.1611669e-01   2.5185402e-03   4.9072086e-02   6.4885314e-02
   1.5681221e-01   1.3321467e-01   1.3500670e-01   2.0158349e-01   5.2851542e-03   2.0123947e-01   3.7570012e-02   6.4651184e-02   4.6875128e-02   2.1984918e-03   1.5563492e-02
   1.5702917e-01   1.2086779e-02   7.9294648e-04   5.1708498e-02   1.7279529e-01   1.7239409e-01   1.3626485e-02   5.8158292e-03   3.9881697e-02   6.9765841e-02   3.0410338e-01
   1.5705779e-01   2.1602174e-03   2.1483325e-01   8.7651027e-02   1.8885193e-02   1.0388462e-02   2.2903285e-01   1.5077210e-01   7.9133247e-02   2.5296385e-02   2.4789484e-02
   1.5799315e-01   1.2136914e-01   3.9207324e-02   1.1107615e-02   5.1946095e-02   2.8347070e-02   1.3681786e-01   3.7207757e-02   9.6952576e-02   8.4877262e-02   2.3417415e-01
   1.5885301e-01   1.9984622e-01   9.0529552e-02   1.9382281e-01   4.6417813e-04   7.9986140e-02   1.2897939e-03   1.5589312e-02   7.3408209e-02   9.9437672e-02   8.6773095e-02
   1.5977582e-01   1.5997552e-02   1.2544831e-01   1.0347012e-01   2.4146780e-02   4.2488584e-02   2.9634644e-01   2.2120876e-02   1.9692406e-02   1.0024249e-01   9.0270612e-02
   1.5990572e-01   3.2821975e-03   3.0270765e-03   1.3735883e-02   1.3816096e-01   7.5057900e-02   2.3015203e-01   2.0018059e-02   2.5277239e-01   9.9654623e-02   4.2331608e-03
   1.6094833e-01   1.4371872e-01   2.4635246e-01   6.4804390e-03   9.8243925e-03   8.0161940e-02   6.8118985e-02   1.4880262e-01   2.4459135e-02   3.3758660e-03   1.0775711e-01
   1.6344826e-01   8.9460046e-02   1.3122386e-02   1.0263528e-01   1.1296152e-01   7.2502460e-03   1.2117090e-01   1.7101706e-01   9.5487567e-02   6.8051619e-02   5.5395126e-02
   1.6392796e-01   2.7210248e-02   2.2647613e-03   2.3353257e-01   2.5949192e-04   3.1087070e-03   1.8604265e-01   1.9819117e-01   1.2325056e-02   1.2080419e-01   5.2333201e-02
   1.6430482e-01   2.0295354e-01   1.1760226e-01   8.9625010e-02   8.2312202e-02   1.5740024e-02   1.2447415e-02   2.7631949e-03   1.0593308e-01   5.0677500e-03   2.0125070e-01
   1.6460182e-01   6.5877657e-02   7.2993575e-03   6.9058147e-02   1.6618608e-01   1.3744316e-01   1.5962265e-01   4.5932496e-02   7.4683418e-03   1.7073823e-03   1.7480292e-01
   1.6945729e-01   4.5955134e-02   1.3146933e-01   4.6555784e-03   1.5056695e-01   4.8444902e-03   9.1615473e-03   1.3991879e-01   7.0180692e-02   8.1542823e-02   1.9224737e-01
   1.7393468e-01   3.4484186e-02   1.5235915e-02   1.7713086e-02   1.7868097e-01   1.7453559e-02   7.4361079e-02   9.4871871e-02   1.9066085e-01   1.5235948e-03   2.0108022e-01
   1.7409355e-01   5.9682006e-03   8.1691649e-02   1.8281027e-01   2.6264243e-02   2.3153368e-01   3.1385847e-02   2.5109949e-01   3.7184296e-04   1.2991093e-02   1.7901465e-03
   1.7426266e-01   2.1408151e-01   3.1095859e-03   5.9616697e-02   1.1269049e-01   2.7396448e-02   3.5859414e-03   2.1547406e-01   1.4242200e-02   7.9731845e-02   9.5808568e-02
   1.7443846e-01   6.1741370e-03   1.8699315e-01   7.5920181e-03   3.7409087e-02   1.7925815e-01   6.8500925e-02   1.0969507e-01   1.4947772e-02   5.2241539e-02   1.6274970e-01
   1.7739832e-01   7.6134301e-02   3.3902880e-02   1.4975993e-01   7.0896131e-02   1.4471076e-01   5.2552237e-02   3.1876333e-02   5.9615812e-02   2.0133590e-01   1.8173868e-03
   1.7817312e-01   1.7014775e-01   1.4284971e-04   1.4744204e-01   1.8154918e-02   7.0118997e-02   2.5815479e-01   8.6246287e-02   2.6403469e-02   3.2662259e-02   1.2353516e-02
   1.7933036e-01   1.3624736e-02   1.6338680e-03   1.7846617e-01   5.8380762e-02   2.7533874e-02   2.5553989e-01   4.5271208e-02   3.5834584e-03   2.1215074e-01   2.4484941e-02
   1.8001907e-01   4.8944245e-02   1.2999233e-01   8.4973446e-02   6.7571855e-03   1.4463549e-01   1.6064931e-01   2.9929382e-02   9.1197694e-02   7.8840579e-02   4.4061262e-02
   1.8058107e-01   3.1798636e-01   2.5601509e-02   3.7828092e-02   6.1908330e-02   1.0839231e-02   1.1306269e-02   8.4164058e-03   1.4031797e-02   9.9376598e-02   2.3212435e-01
   1.8236658e-01   5.4844951e-02   1.8537946e-02   1.8746210e-02   3.1586739e-02   1.1075243e-03   8.0586088e-03   2.0030201e-01   2.1146265e-01   1.5819662e-01   1.1479015e-01
   1.8288531e-01   2.2193797e-01   4.2007170e-02   1.3821743e-01   5.8150321e-02   1.7673284e-02   6.3190818e-02   9.6702538e-02   1.4631358e-01   2.3120876e-02   9.8006985e-03
   1.8427617e-01   4.5059551e-02   2.3862499e-02   5.2861183e-03   7.6804339e-02   2.1136750e-01   2.5363723e-02   9.9938382e-02   1.5395765e-01   1.0440770e-01   6.9676362e-02
   1.8531180e-01   1.1949674e-01   1.3470129e-01   3.9765936e-02   7.9765565e-02   9.2711150e-04   1.8528695e-02   3.1596259e-02   1.6537271e-01   1.3135210e-01   9.3181798e-02
   1.8648323e-01   2.6936668e-02   2.1263452e-02   1.1029522e-01   1.7369126e-01   2.1347171e-02   8.6320810e-02   4.2558182e-03   8.7850164e-02   1.5783490e-01   1.2372131e-01
   1.8674829e-01   2.2112368e-02   1.8099617e-01   4.0517379e-02   1.2961586e-01   1.2917063e-02   1.4167098e-02   5.0332911e-03   2.8612543e-02   6.8212285e-02   3.1106765e-01
   1.8689948e-01   1.6363332e-01   8.9891338e-02   1.6205181e-04   2.2381591e-02   2.1830457e-02   3.8539038e-03   1.4429228e-01   1.1105132e-02   1.6263133e-01   1.9331911e-01
   1.8700667e-01   1.7915854e-01   3.7267787e-03   2.6657501e-01   6.5390960e-03   8.7450039e-03   1.0777176e-01   4.7000192e-02   1.3410579e-01   5.5809497e-02   3.5616736e-03
   1.8728958e-01   5.5839017e-02   1.5053393e-02   1.0636108e-01   6.2337939e-04   2.0321943e-01   7.7094390e-03   1.4716243e-02   1.9153891e-01   2.1046316e-01   7.1863715e-03
   1.8737971e-01   1.4195192e-01   3.1110272e-04   5.9779110e-02   5.5702794e-02   3.2784860e-04   1.6284976e-01   1.6578371e-02   7.0204644e-02   1.8296688e-01   1.2194786e-01
   1.8863875e-01   6.8268669e-02   7.3807851e-02   3.8759297e-03   1.1237251e-01   1.6686914e-01   1.0311648e-02   1.8798787e-01   1.8292635e-02   1.6862336e-01   9.5163714e-04
   1.8942727e-01   6.6453280e-02   1.5458060e-01   3.5154008e-02   5.4001999e-03   4.6688927e-02   1.7638725e-01   4.2988709e-03   1.2612731e-01   3.9049109e-02   1.5643318e-01
   1.9016537e-01   7.4756009e-02   1.1581953e-01   8.2318996e-02   1.2567412e-01   1.9650706e-01   2.8530556e-02   8.0672130e-02   5.4969906e-02   6.8078298e-03   4.3778487e-02
   1.9021954e-01   1.8199766e-01   1.5885221e-02   1.8821088e-02   1.5901342e-01   7.5109025e-02   3.0470185e-02   3.3636431e-04   2.2869798e-01   5.3255153e-02   4.6194363e-02
   1.9156242e-01   5.9516804e-02   1.0035205e-01   1.5681002e-01   6.1702478e-02   3.2079042e-03   7.4204620e-03   3.7226175e-02   1.7181727e-01   2.8078468e-02   1.8230595e-01
   1.9308829e-01   9.2585919e-03   2.2465986e-01   1.7940101e-02   3.4483264e-02   1.3541724e-01   3.2446467e-03   1.6595840e-01   3.6207708e-02   1.5699583e-01   2.2746053e-02
   1.9352697e-01   6.9704447e-02   1.5847501e-01   5.0007985e-04   2.2578791e-02   1.5140512e-01   2.5198731e-02   2.9573804e-02   1.0208355e-01   1.3344884e-01   1.1350465e-01
   1.9376564e-01   8.3803136e-02   3.2188876e-02   1.3652243e-03   8.0301600e-02   2.3027956e-01   4.7071679e-03   1.4009458e-01   4.1125137e-02   4.0312990e-02   1.5205608e-01
   1.9402626e-01   2.9124390e-02   1.4759942e-01   2.3041456e-01   5.1933041e-02   2.5292507e-02   7.5034806e-02   2.6156524e-02   7.0018508e-02   1.4607019e-01   4.3297793e-03
   1.9440392e-01   2.2193752e-02   4.8019453e-02   3.6902884e-02   1.4504393e-02   2.1547161e-01   4.2960939e-03   3.4767089e-03   5.9786966e-02   1.8786510e-01   2.1307912e-01
   1.9453910e-01   1.1324508e-02   2.1898229e-01   2.1104379e-01   4.9535577e-02   8.1279838e-02   1.0041893e-02   2.0184033e-01   7.6659248e-03   9.4058841e-03   4.3408614e-03
   1.9463862e-01   3.3683686e-02   6.0125547e-02   1.1991054e-01   2.5706642e-02   9.2955566e-02   5.6993009e-02   2.2932632e-01   9.0632245e-03   4.6297781e-02   1.3129906e-01
   1.9598111e-01   9.6121479e-02   6.0611991e-03   1.5833228e-02   1.7786713e-01   3.5971599e-02   7.1375450e-02   8.9229034e-02   4.9187936e-03   1.9762433e-01   1.0901665e-01
   1.9757106e-01   7.3585247e-04   2.1520104e-02   5.2632645e-02   2.9679816e-02   1.4897474e-01   9.4303269e-03   1.8419410e-01   2.0517436e-01   2.5198050e-02   1.2488895e-01
   1.9938103e-01   1.9871330e-01   1.8356478e-02   1.8831880e-02   6.0991553e-03   1.0169368e-01   3.8069847e-02   2.0265237e-01   2.9239538e-02   1.8414853e-01   2.8141781e-03
   1.9948234e-01   4.6895447e-02   2.0889886e-02   1.6589131e-02   2.4335999e-01   1.7856337e-01   3.2091460e-03   8.4084640e-02   9.2431292e-03   1.8307827e-01   1.4604657e-02
   2.0016482e-01   1.4954679e-01   1.1121325e-02   2.1084653e-01   1.9942784e-01   5.1878266e-02   9.4325434e-03   1.2858162e-01   1.5620220e-02   1.9292152e-04   2.3187114e-02
   2.0018267e-01   8.0273918e-02   5.0600504e-02   1.3007524e-02   1.9596866e-01   2.2840988e-03   2.8300907e-02   1.9333519e-01   1.8180801e-01   5.4100540e-02   1.3798476e-04
   2.0068109e-01   1.1053805e-01   1.7725618e-03   2.1270831e-03   3.6832781e-02   9.1007392e-02   1.4268104e-01   3.9615928e-03   2.6046082e-01   9.7286371e-02   5.2651221e-02
   2.0116267e-01   1.0948112e-01   2.4922466e-01   6.4773882e-02   1.1301752e-02   6.4957735e-02   2.1512400e-01   1.8865666e-02   1.3838115e-02   3.2116767e-02   1.9153633e-02
   2.0254836e-01   4.9342349e-02   2.6226129e-02   6.3086325e-02   5.2725960e-03   4.1601300e-02   1.6676950e-01   1.6791219e-01   5.1357404e-02   1.7104207e-01   5.4841774e-02
   2.0305597e-01   1.2317660e-02   6.2408401e-02   2.1669261e-01   1.9899773e-01   2.4634742e-02   1.8790366e-01   1.8533074e-03   2.8637997e-02   5.6303991e-02   7.1939394e-03
   2.0445375e-01   2.2653948e-02   2.3058507e-02   8.4755301e-02   1.4968989e-01   4.2674601e-02   2.6234710e-01   5.4754852e-02   3.5659062e-02   8.5843614e-02   3.4109376e-02
   2.0449179e-01   1.9047735e-01   1.7653230e-01   3.4528336e-02   2.6356530e-03   2.1132530e-02   3.7859220e-02   6.7305744e-03   4.8486004e-02   9.9630449e-02   1.7749579e-01
   2.0598350e-01   1.1066559e-01   1.4156980e-02   4.1955883e-02   9.6834404e-03   8.9292897e-02   4.2256033e-03   9.6099484e-02   2.9764834e-01   9.5776610e-03   1.2071063e-01
   2.0628973e-01   1.9034312e-02   2.8346248e-03   9.8709575e-02   1.0214567e-01   1.6286342e-01   1.7043227e-01   2.1895362e-02   1.5464745e-01   2.2209497e-03   5.8926637e-02
   2.0629864e-01   8.4565009e-02   6.9173185e-02   1.4956338e-02   6.2064974e-02   1.2407749e-02   3.3505633e-02   6.3763215e-02   2.9344383e-01   1.3513081e-01   2.4690617e-02
   2.0792007e-01   4.3583887e-03   4.6450847e-02   6.3115607e-02   2.2939853e-01   1.7206655e-01   4.0569869e-02   1.0644018e-01   1.0603498e-01   2.1376550e-02   2.2684234e-03
   2.0885706e-01   5.6976617e-03   3.4509621e-02   3.3661146e-01   8.4030312e-02   3.0924948e-02   2.2452504e-01   1.8578325e-02   4.6351010e-02   9.8592856e-03   5.5278875e-05
   2.0984529e-01   1.9083038e-03   1.0594660e-02   3.0839912e-03   4.2010165e-02   1.6005969e-01   1.8574457e-02   2.1886537e-01   1.4789981e-02   9.2218281e-02   2.2804981e-01
   2.1086287e-01   5.4732450e-02   5.9834123e-03   1.3867626e-03   2.2422025e-01   1.6324344e-04   1.7516266e-01   7.7694861e-02   7.0196745e-03   7.5116271e-02   1.6765754e-01
   2.1105052e-01   1.7130002e-01   4.3738895e-02   6.7187275e-03   7.7675799e-02   6.3440262e-02   2.1909243e-02   1.2285982e-01   1.3028238e-01   1.3801827e-01   1.3006070e-02
   2.1130520e-01   1.8438619e-01   6.5904597e-03   1.7095830e-02   8.7972267e-03   1.5682818e-02   2.1153649e-01   8.8561883e-03   1.3822474e-01   5.3886899e-02   1.4363796e-01
   2.1312509e-01   1.3015149e-03   9.3843285e-02   2.1247414e-02   8.0546190e-02   1.2937148e-01   6.3610092e-02   6.3563256e-02   2.1360851e-01   7.7236791e-03   1.1205949e-01
   2.1362714e-01   2.1434459e-01   1.3949224e-01   1.1573270e-02   1.3959738e-01   5.6207054e-02   6.5779385e-03   2.8743112e-02   1.2352857e-01   3.8486381e-02   2.7822316e-02
   2.1428160e-01   2.7206466e-01   3.9147040e-02   1.8979255e-02   9.6356005e-03   1.7219263e-02   7.8876861e-02   1.4910952e-02   8.5186663e-03   2.5416930e-01   7.2196801e-02
   2.1743287e-01   1.2511676e-02   1.5428554e-02   1.1599583e-02   2.2617578e-01   3.5415830e-02   9.7980442e-02   1.1690220e-02   6.0495981e-02   3.7605994e-02   2.7366307e-01
   2.1952264e-01   1.0630459e-01   1.4978537e-01   1.5341821e-02   1.7149171e-01   5.1541709e-02   2.1388149e-01   7.2663042e-03   2.7334566e-03   4.8025228e-03   5.7328396e-02
   2.2180619e-01   2.3734836e-02   5.3984737e-02   5.1771704e-02   1.8163958e-02   2.9429426e-02   2.7999539e-02   2.5725250e-02   7.8592147e-02   3.0174803e-01   1.6704418e-01
   2.2189496e-01   2.2047198e-02   1.1613543e-01   2.2457915e-02   3.8591876e-02   2.0352571e-02   3.8673448e-02   1.3453858e-01   1.1151904e-01   2.3396138e-01   3.9827599e-02
   2.2290848e-01   3.2364289e-02   7.6311674e-02   1.2099795e-02   2.6573604e-02   8.4274657e-02   6.3388387e-02   2.4833584e-01   2.0784566e-01   4.5084981e-03   2.1389123e-02
   2.2316045e-01   3.2626708e-03   1.0495106e-01   1.8182850e-01   5.5852829e-03   6.0287900e-02   4.4145315e-03   1.6808977e-01   4.5568530e-02   1.6703341e-01   3.5817890e-02
   2.2475750e-01   1.9709473e-01   5.1963332e-02   1.4877477e-01   6.5087525e-02   2.0114593e-02   2.0432307e-02   2.5974590e-02   3.1728588e-02   2.1307464e-01   9.9742271e-04
   2.2530501e-01   4.5938702e-02   3.6338650e-02   2.4338223e-03   1.5013146e-02   5.4740962e-02   1.5771803e-01   3.9838113e-03   3.0515095e-02   1.9184402e-01   2.3616875e-01
   2.2670741e-01   6.7702772e-03   6.1111244e-03   2.8292572e-03   2.5882615e-01   1.4193058e-02   3.4024548e-02   5.3842727e-02   2.9657578e-01   7.9851635e-02   2.0268033e-02
   2.2746618e-01   2.2768419e-04   5.3749308e-02   1.8363398e-02   1.4544818e-01   1.8088796e-01   1.9653626e-01   3.3280131e-02   2.2213935e-02   5.7797208e-02   6.4029755e-02
   2.2845375e-01   2.1208317e-01   2.1011827e-01   1.6764383e-01   4.8228775e-02   3.1245282e-02   2.5567617e-02   6.4875936e-03   2.9105773e-02   3.5437068e-02   5.6288726e-03
   2.3251293e-01   2.1951492e-01   1.1112423e-02   3.1295336e-02   1.6715465e-01   1.0693349e-01   1.5664921e-01   5.7933887e-04   4.8946493e-02   2.2871559e-02   2.4296501e-03
   2.3346827e-01   2.4887481e-02   1.9266777e-01   5.1511652e-02   3.0333839e-04   2.5067688e-02   3.4895862e-03   2.3632759e-01   1.5392936e-01   4.6606689e-02   3.1740574e-02
   2.3382016e-01   1.6163714e-02   2.1191661e-02   1.3584811e-02   3.8469009e-02   5.5227738e-02   3.9978093e-02   5.7468559e-02   2.4513128e-01   4.0105385e-02   2.3885960e-01
   2.3429281e-01   9.7224551e-02   1.6529370e-01   4.9512582e-03   7.4986552e-03   3.2271423e-01   3.3403215e-02   8.1628730e-02   2.3607230e-02   1.0083320e-02   1.9302303e-02
   2.3453482e-01   1.4302069e-01   1.7425042e-01   4.3100709e-02   2.4248184e-02   1.4467700e-02   7.5486851e-02   5.1655547e-02   4.5281142e-02   1.8775799e-01   6.1959553e-03
   2.3723510e-01   1.3699842e-01   1.2635377e-02   4.7546388e-02   4.6684746e-02   2.6481400e-01   1.0251875e-02   1.1010024e-02   2.5163805e-02   1.5778972e-01   4.9870555e-02
   2.3758274e-01   2.2381895e-01   1.1511584e-02   1.3030810e-03   5.7809135e-03   1.2656070e-01   1.1603507e-01   2.3472308e-04   9.7096685e-02   1.3111533e-01   4.8960219e-02
   2.3769856e-01   3.5555155e-02   4.5435112e-02   1.8401955e-01   1.9999733e-01   3.9853222e-02   3.5321204e-02   5.3120958e-02   8.4135464e-03   2.4434126e-02   1.3615124e-01
   2.4095970e-01   1.6164077e-02   1.3902082e-01   1.8503849e-01   2.7396730e-02   1.5313215e-02   7.1645565e-02   3.0239666e-02   1.5872094e-02   3.8285944e-02   2.2006370e-01
   2.4219376e-01   6.6006647e-03   1.4440292e-02   9.5097667e-02   8.2093013e-02   2.3487248e-01   4.5775262e-03   6.3840830e-02   3.6334533e-03   6.6541049e-03   2.4599621e-01
   2.4394423e-01   1.6709958e-02   2.6871279e-02   2.0541401e-01   4.0841772e-02   2.1216074e-02   2.2641208e-01   6.5445806e-03   1.8502665e-01   1.2011107e-02   1.5008258e-02
   2.4398197e-01   1.2444069e-01   6.5618735e-02   7.5414538e-02   9.9664277e-02   2.3410395e-02   1.5850545e-02   5.6404200e-05   1.3409827e-02   1.1556324e-01   2.2258938e-01
   2.5158347e-01   1.6829879e-01   6.8588237e-02   4.3037885e-03   1.2614684e-01   2.9429103e-03   4.0269390e-02   4.4341094e-03   6.0695966e-02   1.8784009e-01   8.4896416e-02
   2.5358495e-01   1.2621247e-01   1.4250358e-02   1.1228636e-01   2.4423153e-01   4.2322898e-02   2.9984490e-02   3.9738044e-02   1.0315162e-01   4.6080968e-03   2.9629183e-02
   2.5362122e-01   1.8868591e-01   1.1715158e-01   1.2699269e-01   1.6368404e-01   2.7993631e-03   8.6277242e-02   1.0741410e-02   2.1589184e-03   4.4170421e-02   3.7172064e-03
   2.5543796e-01   2.2477622e-02   2.9070564e-02   7.5907273e-02   9.0392577e-03   2.1617395e-02   2.4405397e-01   2.2146315e-01   7.4613307e-02   2.6442840e-03   4.3675209e-02
   2.5587327e-01   1.6957235e-01   3.5081981e-03   8.1755958e-02   5.6041007e-02   4.7680921e-03   1.4296292e-01   1.3338709e-01   3.0534885e-02   1.1325077e-01   8.3454578e-03
   2.5684968e-01   8.1978958e-03   3.4594009e-02   1.8573286e-01   4.1574230e-02   6.4282906e-02   7.3852036e-02   1.2573555e-01   1.3845699e-01   2.4170705e-02   4.6553136e-02
   2.5735796e-01   1.5971578e-01   7.2660244e-02   2.9262685e-01   4.6519598e-02   2.7927961e-02   1.2395101e-02   2.0343218e-02   1.2333964e-02   1.9484173e-02   7.8635148e-02
   2.5909200e-01   3.6139915e-02   1.2505624e-02   5.8110321e-02   9.2538267e-02   2.8980952e-03   1.7386215e-01   3.0828677e-02   9.7143606e-02   2.1302828e-02   2.1557851e-01
   2.6248263e-01   4.1729905e-02   2.8076654e-01   4.7229766e-02   6.6928312e-02   2.3298368e-01   6.1663821e-03   4.9760371e-03   3.6840589e-02   3.1644810e-03   1.6731675e-02
   2.6643018e-01   1.0338758e-01   2.7638452e-03   3.2083720e-02   2.8082269e-02   1.7166379e-01   1.6664748e-03   1.4868694e-02   9.4280681e-02   1.2069377e-02   2.7270339e-01
   2.6668438e-01   1.2083898e-01   5.5220441e-02   1.1418090e-03   1.3763187e-02   1.2473770e-01   9.2575718e-02   2.6174457e-02   9.0510619e-03   1.0104816e-01   1.8876412e-01
   2.7302603e-01   9.7112292e-03   1.4339572e-02   5.3926567e-02   1.3051101e-01   1.1999059e-01   1.1046077e-01   1.6243734e-01   3.0320898e-02   7.8627385e-02   1.6648613e-02
   2.7845830e-01   2.5423275e-02   1.0799193e-01   2.4091193e-02   1.9122516e-01   2.3353639e-03   1.6969781e-01   1.0412464e-02   1.4403075e-03   1.2263189e-01   6.6292302e-02
   2.8814459e-01   3.0089501e-02   1.2581490e-01   1.1823262e-03   2.3122452e-01   1.4691082e-04   3.1456312e-02   6.0890644e-02   1.0854071e-02   2.0383057e-01   1.6365649e-02
   2.8826568e-01   1.7883832e-01   1.2275243e-01   1.5723930e-01   1.0576958e-02   3.9425252e-02   7.9565373e-02   1.0919081e-01   7.4938087e-03   7.8955516e-04   5.8625194e-03
   2.8909300e-01   5.1662533e-02   2.7376947e-01   1.3757525e-01   4.5942783e-03   6.3053263e-02   6.7754270e-02   4.5927172e-02   5.2073913e-02   1.1234537e-02   3.2623243e-03
   2.9904374e-01   2.7169630e-02   2.8380366e-01   1.2287162e-02   8.7802236e-02   4.1849719e-02   3.9895198e-02   8.5232920e-02   2.9098241e-02   2.7356966e-02   6.6460527e-02
   3.1094498e-01   2.1375873e-02   2.0149677e-01   1.1245819e-01   2.3995543e-02   1.0823061e-03   2.2545192e-02   1.6885472e-02   2.0587143e-01   7.6482733e-02   6.8615155e-03
   1.0000000e+00   0.0000000e+00   0.0000000e+00   0.0000000e+00   0.0000000e+00   0.0000000e+00   0.0000000e+00   0.0000000e+00   0.0000000e+00   0.0000000e+00   0.0000000e+00
