0 0 0 16 0 0 0 0 0 0 0 0 0 0 0 3 0 0 0 0 
1 0 16 16 0 0 0 0 0 0 0 0 0 0 0 3 0 0 0 0 
0 0 0 16 0 0 0 3 0 0 0 0 0 0 0 3 0 0 0 0 
0 0 16 16 0 0 3 0 0 0 0 0 0 0 0 3 0 0 0 0 
1 0 16 16 0 0 3 0 0 0 0 0 0 0 0 3 0 0 0 0 
3 0 0 16 0 0 0 3 0 0 0 0 0 0 0 3 0 0 0 0 
3 0 0 1 0 0 0 3 0 0 0 0 0 0 0 3 0 0 0 0 
3 0 0 1 0 0 0 3 0 0 0 1 0 0 0 3 0 0 0 0 
3 0 0 16 0 0 0 3 0 0 0 0 3 0 0 3 0 0 0 0 
3 0 0 16 0 0 0 3 0 0 0 0 3 0 0 3 0 0 0 0 
3 0 0 16 0 0 3 0 0 0 0 0 3 0 0 3 0 0 0 0 
3 0 0 16 0 0 3 0 0 0 0 0 3 0 0 3 0 0 0 0 
3 0 0 4 0 0 0 0 0 3 0 0 16 0 0 3 0 0 0 0 
3 0 0 4 0 0 0 0 0 3 0 16 16 0 0 3 0 0 0 0 
3 0 0 16 0 0 3 0 0 3 0 0 3 0 0 3 0 0 0 0 
3 0 0 4 0 0 0 0 0 3 0 0 3 0 0 3 0 0 0 0 
4 0 0 16 0 0 3 0 0 3 0 0 3 0 0 3 0 0 0 0 
4 0 0 16 0 0 3 0 0 3 0 0 3 0 0 3 0 0 0 0 
4 0 0 16 0 0 3 0 0 3 0 0 3 0 0 3 0 0 0 0 
3 0 0 3 0 0 2 0 0 3 0 0 3 0 0 3 0 0 0 0 
3 0 0 3 0 0 3 0 0 4 0 0 3 0 0 3 0 0 0 0 
3 0 0 4 0 0 2 0 0 3 0 0 3 0 0 3 0 0 0 0 
3 0 0 3 0 0 3 0 0 4 0 0 3 0 0 1 3 0 0 0 
3 0 0 3 0 0 3 0 0 4 0 0 3 0 0 1 3 0 0 0 
3 0 0 3 0 0 3 0 0 4 0 0 3 0 0 1 3 0 0 0 
3 0 0 3 0 0 3 0 0 4 0 0 3 0 0 1 3 0 0 0 
3 0 0 3 0 0 3 0 0 4 0 0 3 0 0 1 3 0 0 0 
3 0 0 3 0 0 4 0 0 3 0 0 3 0 0 1 3 0 0 0 
3 0 0 3 0 0 4 0 0 4 0 0 3 0 0 1 3 0 0 0 
3 0 0 3 0 0 4 0 0 3 0 0 3 0 0 3 0 0 3 0 
3 0 0 4 0 0 3 0 0 3 0 0 3 0 0 3 0 0 3 0 
3 0 0 4 0 0 3 0 0 3 0 0 3 0 0 3 0 0 3 0 
4 0 0 3 0 0 3 0 0 3 0 0 3 0 0 3 0 0 3 0 
4 0 0 3 0 0 3 0 0 3 0 0 3 0 0 3 0 0 3 0 
4 0 0 3 0 0 3 0 0 3 0 0 3 0 0 3 0 0 3 0 
4 0 0 3 0 0 3 0 0 3 0 0 3 0 0 3 0 0 3 0 
4 0 0 3 0 0 3 0 0 3 0 0 3 0 0 3 0 4 0 0 
4 0 0 3 0 0 3 0 0 4 0 0 3 0 0 3 0 0 3 0 
4 0 0 3 0 0 3 0 0 4 0 0 3 0 0 3 0 0 3 0 
4 0 0 3 0 0 3 0 0 4 0 0 3 0 0 3 0 4 0 0 
4 0 0 3 0 0 4 0 0 4 0 0 3 0 0 3 0 4 0 0 
4 0 0 3 0 0 3 0 0 3 0 2 3 0 0 3 0 4 0 0 
4 0 0 3 0 0 3 0 0 3 0 2 3 0 0 3 0 4 0 0 
4 0 0 3 0 0 3 0 0 3 0 3 3 0 0 3 0 3 3 0 
4 0 0 3 0 0 3 0 0 3 0 3 3 0 3 0 3 0 3 0 
4 0 0 3 0 0 3 0 0 3 0 3 3 0 3 0 3 0 3 0 
4 0 0 3 0 0 3 0 0 3 0 3 3 0 3 0 3 0 3 0 
4 0 0 3 0 0 3 0 0 3 0 2 3 0 3 0 3 0 3 0 
4 0 0 3 0 0 3 0 0 3 0 3 3 0 3 3 3 0 3 0 
4 0 3 3 0 0 3 0 0 3 0 3 3 0 3 0 3 0 3 0 
4 0 3 3 0 0 3 0 0 3 0 3 3 0 3 0 3 0 3 0 
4 0 3 3 0 0 3 0 0 3 0 2 3 0 3 0 3 0 3 0 
4 0 3 4 0 0 3 0 0 3 0 3 3 0 3 0 3 0 3 0 
4 0 3 4 0 0 3 0 0 3 0 3 3 0 3 0 3 0 3 0 
4 0 3 3 0 0 3 3 0 3 0 3 3 0 3 0 3 0 3 0 
4 0 3 3 0 3 16 3 0 3 0 3 3 0 3 0 3 0 3 0 
4 0 3 3 0 3 16 3 0 3 0 3 3 0 3 0 3 0 3 0 
4 0 3 3 0 3 16 3 0 3 0 3 3 0 3 0 3 0 3 0 
4 0 3 3 0 3 16 3 0 3 0 3 3 0 3 0 3 0 3 0 
4 0 3 3 0 3 16 3 0 3 0 3 3 0 3 0 3 0 3 0 
4 0 3 3 0 3 16 3 0 3 0 3 3 0 3 0 3 0 3 0 
4 0 3 3 0 3 16 3 0 3 0 3 3 0 3 0 3 0 3 0 
4 0 3 3 0 3 16 3 0 3 0 3 3 0 3 0 3 0 3 0 
4 0 3 3 0 3 16 3 0 3 0 3 3 0 3 0 3 0 3 0 
4 0 3 3 0 3 16 3 0 3 0 3 3 0 3 0 4 0 3 0 
4 0 3 3 0 3 16 3 0 4 0 3 3 0 3 0 3 0 3 0 
4 0 3 3 0 3 16 3 0 4 0 3 3 0 3 0 3 0 3 0 
4 0 3 3 0 3 3 3 0 4 0 3 3 0 3 0 3 0 3 0 
4 0 3 4 0 3 16 3 0 3 0 3 3 4 0 3 3 0 3 0 
4 0 3 4 0 3 16 3 0 3 0 3 3 4 0 3 3 0 3 1 
4 0 3 3 0 3 3 4 0 3 0 3 3 4 0 3 3 0 3 0 
4 0 3 3 0 3 3 4 0 3 0 3 3 4 0 3 3 0 3 0 
4 0 3 3 0 3 3 4 0 3 0 3 3 4 0 3 3 0 3 3 
4 0 3 4 0 3 3 4 0 3 0 3 4 3 0 3 3 0 3 3 
4 0 3 3 0 3 3 4 0 3 3 3 3 4 0 3 3 0 3 3 
4 0 3 3 0 3 3 4 0 3 3 3 3 4 0 3 3 0 3 3 
4 0 3 3 0 3 3 4 0 3 3 3 3 4 0 3 3 3 3 3 
4 0 3 4 0 3 3 4 0 3 3 3 3 4 0 3 3 3 3 3 
4 3 3 4 0 3 3 4 0 3 3 3 3 4 0 3 3 3 3 3 
4 3 3 4 0 3 3 4 0 3 3 3 4 3 4 0 3 3 3 3 
4 3 3 3 4 0 3 3 3 3 3 3 4 3 4 0 3 3 3 3 
4 3 3 3 4 0 3 4 3 3 3 3 4 3 4 0 3 3 3 3 
4 3 3 3 4 0 3 3 3 3 3 3 4 3 4 3 3 3 3 3 
4 3 3 3 4 0 3 4 3 3 3 3 4 3 4 3 3 3 3 3 
4 4 3 3 3 3 3 3 3 3 3 3 4 3 4 3 3 3 3 3 
4 4 3 3 3 3 3 3 3 3 3 3 4 3 4 3 3 3 3 3 
4 4 3 3 3 3 3 3 3 3 3 3 4 3 4 3 3 3 3 3 
4 4 3 3 3 3 3 3 3 3 3 3 4 3 4 3 3 3 3 3 
4 4 3 3 3 3 3 3 3 3 3 3 4 3 4 3 3 3 3 3 
4 4 3 3 3 3 3 3 3 3 3 3 4 3 4 3 3 3 3 3 
4 4 3 3 3 3 3 3 3 3 3 3 4 3 4 3 3 3 3 3 
4 4 3 3 3 3 3 3 3 3 3 3 4 3 4 3 3 3 3 3 
4 4 3 3 3 3 3 3 3 3 3 3 4 3 4 3 3 3 3 3 
4 4 3 3 3 3 3 3 3 3 3 3 4 3 4 3 3 3 3 3 
4 4 3 3 3 3 3 3 3 3 3 3 4 3 4 3 3 3 3 3 
4 4 3 3 3 3 3 3 3 3 3 3 4 3 4 3 3 3 3 3 
4 4 3 3 3 3 3 3 3 3 3 3 4 3 4 3 3 3 3 3 
4 7 3 3 4 3 3 3 3 3 3 3 4 3 4 3 3 3 3 3 
4 8 3 3 10 3 3 4 3 10 3 3 4 4 4 6 5 3 3 3 
6 9 3 8 10 3 12 8 11 12 11 10 9 14 4 5 7 11 7 12 
