2.4520 2.6589 2.8674 3.0335 3.2302 1.6802 1.7350 1.7651 1.8303 1.9277 2.0428 2.1480 2.2847 2.4400 2.5859 2.7356 2.8465 2.9967 3.1319 3.2514 
2.4520 2.6589 2.8655 3.0315 3.2282 1.6607 1.7155 1.7456 1.8284 1.9257 2.0409 2.1461 2.2828 2.4380 2.5839 2.7336 2.8445 2.9948 3.1300 3.2495 
1.5703 1.5967 1.6457 1.7629 1.9750 1.6358 1.6923 1.7324 1.7679 1.8343 2.0188 2.1279 2.2569 2.3929 2.5388 2.6885 2.7994 2.9497 3.0868 3.2063 
2.4520 2.6589 2.8655 1.6207 1.6543 1.6922 1.8088 1.9229 2.1154 2.2282 2.4127 2.5180 2.6354 1.7920 1.8324 1.8577 1.8781 1.9179 2.0046 2.1395 
1.5703 1.5967 1.6457 1.7629 1.9750 1.6358 1.6923 1.7324 1.7679 1.8343 2.0188 2.1279 2.2666 1.7840 1.8250 1.8503 1.8707 1.9154 1.9968 2.1336 
1.5703 1.5967 1.6457 1.7629 1.9750 1.6358 1.6923 1.7324 1.7679 1.8343 2.0188 2.1279 2.2666 1.7840 1.8250 1.8503 1.8707 1.9154 1.9968 2.1336 
1.5703 1.5967 1.6457 1.7629 1.9750 1.6358 1.6923 1.7324 1.7679 1.8343 2.0188 2.1279 2.2569 1.7840 1.8250 1.8503 1.8707 1.9154 1.9968 2.1336 
1.5703 1.5967 1.6457 1.7629 1.9750 1.6358 1.6923 1.7324 1.7679 1.8343 2.0188 1.7398 1.7699 1.8106 1.8481 1.7753 1.8006 1.8420 1.8852 1.9296 
1.5703 1.5967 1.6457 1.7629 1.9750 1.6358 1.6923 1.7324 1.7679 1.8343 2.0188 1.7398 1.7699 1.8106 1.8481 1.7753 1.8006 1.8420 1.8852 1.9296 
1.5703 1.5967 1.6457 1.7629 1.9750 1.6358 1.6923 1.7324 1.7679 1.8343 2.0188 1.7398 1.7699 1.8106 1.8481 1.7753 1.8006 1.8420 1.8852 1.9296 
1.5703 1.5967 1.6457 1.7629 1.9750 1.2737 1.4026 1.5064 1.6565 1.7693 1.9532 1.2822 1.3591 1.5085 1.6563 1.2681 1.3616 1.5003 1.6683 1.8168 
1.2293 1.3835 1.5382 1.6985 1.9107 1.2744 1.4032 1.5077 1.6578 1.7706 1.9545 1.2835 1.3604 1.5098 1.6576 1.2694 1.3629 1.5016 1.6696 1.8181 
1.2293 1.3835 1.5382 1.6985 1.9107 1.2679 1.3967 1.5012 1.6513 1.7641 1.9480 1.2770 1.3539 1.5033 1.6511 1.2629 1.3564 1.4951 1.6631 1.8116 
1.2293 1.3835 1.5382 1.6985 1.9107 1.2679 1.3967 1.5012 1.6513 1.7641 1.9480 1.2770 1.3539 1.5033 1.6511 1.2629 1.3564 1.4951 1.6631 1.8116 
1.2293 1.3835 1.5382 1.6985 1.9107 1.2744 1.4032 1.5077 1.2616 1.3667 1.5351 1.6544 1.7834 1.2488 1.4235 1.5326 1.6281 1.7842 1.2733 1.4500 
1.2293 1.3835 1.5382 1.6985 1.9107 1.2744 1.4032 1.5077 1.6578 1.2719 1.4326 1.2449 1.3449 1.5040 1.6537 1.2790 1.3648 1.5035 1.6715 1.8200 
1.5703 1.5967 1.6457 1.7629 1.6258 1.6288 1.6854 1.7257 1.6908 1.7181 1.7534 1.7907 1.8471 1.7523 1.7933 1.8238 1.8496 1.8944 1.8078 1.8503 
1.5703 1.5967 1.6457 1.7629 1.7362 1.2737 1.4026 1.5070 1.6572 1.2712 1.4320 1.5513 1.6706 1.2481 1.4325 1.5417 1.6314 1.7875 1.2726 1.4494 
1.5703 1.5967 1.6457 1.7629 1.7362 1.2737 1.4026 1.5070 1.6572 1.2712 1.4320 1.5513 1.6706 1.2481 1.4325 1.5417 1.6314 1.7875 1.2726 1.4494 
1.5703 1.5967 1.6457 1.7629 1.7362 1.2737 1.4026 1.5070 1.2609 1.3660 1.5344 1.6538 1.7828 1.2481 1.4228 1.5320 1.6275 1.7836 1.2726 1.4494 
1.5703 1.5967 1.6457 1.2518 1.4332 1.2351 1.3640 1.4704 1.2609 1.3660 1.5344 1.6538 1.7828 1.2481 1.4228 1.5320 1.6275 1.7836 1.2726 1.4494 
1.2293 1.3835 1.5382 1.6985 1.7310 1.2685 1.3974 1.5018 1.2557 1.3608 1.5292 1.6486 1.7776 1.2429 1.4176 1.5268 1.6223 1.7784 1.2674 1.4442 
1.5703 1.5967 1.6457 1.7629 1.7362 1.2737 1.4026 1.5070 1.6572 1.2712 1.4320 1.5513 1.6706 1.2481 1.4325 1.2591 1.3603 1.5106 1.2533 1.4397 
1.5703 1.5967 1.6457 1.7629 1.7362 1.2737 1.4026 1.5070 1.6572 1.2712 1.4320 1.2442 1.3443 1.5033 1.6531 1.2784 1.3642 1.5029 1.2533 1.4397 
1.5703 1.5967 1.6457 1.2518 1.4332 1.2351 1.3640 1.4704 1.6590 1.2712 1.4320 1.5513 1.6706 1.2481 1.4325 1.2591 1.3603 1.5106 1.2533 1.4397 
1.5703 1.5967 1.6457 1.2518 1.4332 1.2351 1.3640 1.4704 1.6590 1.2712 1.4320 1.5513 1.6706 1.2481 1.4325 1.2591 1.3603 1.5106 1.2533 1.4397 
1.5703 1.5967 1.6457 1.2518 1.4332 1.2351 1.3640 1.4704 1.6590 1.2712 1.4320 1.5513 1.6706 1.2481 1.4325 1.2591 1.3603 1.5106 1.2533 1.4397 
1.5703 1.5967 1.6457 1.2518 1.4332 1.2351 1.3640 1.4704 1.6590 1.2712 1.4320 1.2442 1.3443 1.5033 1.6531 1.2784 1.3642 1.5029 1.2533 1.4397 
1.5703 1.5967 1.6457 1.2518 1.4332 1.2351 1.3640 1.4704 1.2609 1.3660 1.5344 1.2442 1.3443 1.5014 1.6492 1.2687 1.3622 1.5009 1.2533 1.4397 
1.5703 1.5967 1.6457 1.2518 1.4332 1.2351 1.3640 1.4704 1.2609 1.3660 1.5344 1.2442 1.3443 1.5014 1.6492 1.2687 1.3622 1.5009 1.2533 1.4397 
1.2293 1.3835 1.5382 1.2525 1.4339 1.2293 1.3581 1.4645 1.2551 1.3602 1.5286 1.2384 1.3384 1.4955 1.6433 1.2629 1.3564 1.4951 1.2475 1.4338 
1.2293 1.3835 1.5382 1.2525 1.4339 1.2293 1.3581 1.4645 1.2538 1.3589 1.5273 1.2371 1.3371 1.4942 1.6420 1.2616 1.3551 1.4938 1.2462 1.4332 
1.2293 1.3835 1.5382 1.2525 1.4339 1.2358 1.3646 1.4710 1.2616 1.3667 1.5351 1.2449 1.3449 1.2488 1.4254 1.2597 1.3609 1.5112 1.2540 1.4403 
1.2293 1.3835 1.5382 1.2525 1.4339 1.2358 1.3646 1.4710 1.2616 1.3667 1.5351 1.2449 1.3449 1.2488 1.4254 1.5346 1.2604 1.3972 1.2540 1.4307 
1.2293 1.3835 1.5382 1.2525 1.4339 1.2358 1.3646 1.4710 1.2616 1.3667 1.5351 1.2449 1.3449 1.2488 1.4254 1.5346 1.2604 1.3972 1.2540 1.4307 
1.2293 1.3835 1.5382 1.2525 1.4339 1.2358 1.3646 1.4710 1.2616 1.3667 1.5351 1.2449 1.3449 1.2488 1.4254 1.5346 1.2604 1.3972 1.2540 1.4307 
1.2293 1.3835 1.5382 1.2525 1.4339 1.2358 1.3646 1.4710 1.2616 1.3667 1.5351 1.2449 1.3449 1.2488 1.4254 1.5346 1.2604 1.3972 1.2540 1.4307 
1.2293 1.3835 1.5382 1.2525 1.4339 1.2358 1.3646 1.4710 1.2616 1.3667 1.5351 1.2449 1.3449 1.2488 1.4254 1.5346 1.2604 1.3972 1.2540 1.4307 
1.2293 1.3835 1.5382 1.2525 1.4339 1.2358 1.3646 1.4710 1.2616 1.3667 1.5351 1.2449 1.3449 1.2488 1.4254 1.2597 1.3609 1.5112 1.2540 1.4403 
1.2293 1.3835 1.5362 1.2505 1.4319 1.2338 1.3627 1.4691 1.2596 1.3647 1.5331 1.2429 1.3430 1.2468 1.4234 1.5326 1.2584 1.3952 1.2520 1.4287 
1.2293 1.3835 1.5362 1.2505 1.4319 1.2338 1.3627 1.4691 1.2596 1.3647 1.5331 1.2429 1.3430 1.2468 1.4234 1.5326 1.2584 1.3952 1.2520 1.4287 
1.2293 1.3835 1.2312 1.2428 1.4319 1.2358 1.3743 1.4807 1.2616 1.3667 1.5351 1.2449 1.3449 1.2488 1.4254 1.2597 1.3609 1.5112 1.2540 1.4403 
1.2293 1.3835 1.2312 1.2428 1.4319 1.2358 1.3743 1.4807 1.2616 1.3667 1.5351 1.2449 1.3449 1.2488 1.4254 1.2597 1.3609 1.5112 1.2540 1.4403 
1.2293 1.3835 1.2312 1.2428 1.4319 1.2293 1.3678 1.4742 1.2551 1.3602 1.5286 1.2384 1.3384 1.2423 1.4189 1.2532 1.3544 1.5047 1.2475 1.4338 
1.2293 1.3835 1.2312 1.2428 1.4319 1.2293 1.3678 1.4742 1.2551 1.3602 1.5286 1.2384 1.2397 1.3872 1.5252 1.2532 1.3544 1.4951 1.2475 1.4338 
1.2293 1.3835 1.2312 1.2428 1.4319 1.2358 1.3743 1.2410 1.4329 1.2423 1.4261 1.2442 1.3443 1.2481 1.4344 1.2591 1.3603 1.5106 1.2533 1.4397 
1.2293 1.3835 1.2312 1.2428 1.4319 1.2358 1.3743 1.2410 1.4329 1.2423 1.4261 1.2442 1.3443 1.2481 1.4344 1.2591 1.3603 1.5106 1.2533 1.4397 
1.2293 1.3835 1.2312 1.2428 1.4319 1.2358 1.3743 1.4807 1.2616 1.3667 1.4930 1.2319 1.3319 1.2358 1.4124 1.2467 1.3479 1.4982 1.2410 1.4280 
1.2293 1.3835 1.2312 1.2428 1.4319 1.2358 1.3743 1.4807 1.2616 1.2429 1.4268 1.2306 1.3306 1.2345 1.4207 1.2454 1.3466 1.4969 1.2397 1.4267 
1.2293 1.3835 1.2312 1.2428 1.4319 1.2358 1.3743 1.4807 1.2616 1.3667 1.4930 1.2319 1.3319 1.2293 1.4059 1.2402 1.3414 1.4917 1.2345 1.4221 
1.2293 1.3835 1.2312 1.2428 1.4319 1.2358 1.3743 1.4807 1.2616 1.2429 1.4268 1.2449 1.3449 1.2488 1.4350 1.2597 1.2507 1.3875 1.2540 1.4403 
1.2293 1.3835 1.2312 1.2428 1.4319 1.2358 1.3743 1.2410 1.4329 1.2423 1.4261 1.2442 1.3443 1.2481 1.4344 1.2591 1.2501 1.3869 1.2533 1.4397 
1.2293 1.3835 1.2312 1.2428 1.4319 1.2358 1.3743 1.2410 1.4329 1.2423 1.4261 1.2442 1.3443 1.2481 1.4344 1.2591 1.2501 1.3869 1.2533 1.4397 
1.2293 1.3835 1.2312 1.2428 1.4319 1.2358 1.3743 1.2410 1.4329 1.2423 1.4261 1.2442 1.3443 1.2481 1.4344 1.2591 1.2501 1.3869 1.2533 1.4397 
1.2293 1.3835 1.2312 1.2428 1.4319 1.2358 1.3743 1.2410 1.4329 1.2423 1.4261 1.2442 1.3443 1.2481 1.4344 1.2591 1.2501 1.3869 1.2533 1.4397 
1.2293 1.3835 1.2312 1.2428 1.4319 1.2358 1.3743 1.2410 1.4329 1.2423 1.4261 1.2442 1.3443 1.2481 1.4344 1.2591 1.2501 1.3869 1.2533 1.4397 
1.2293 1.3835 1.2312 1.2428 1.4319 1.2358 1.3743 1.2410 1.4329 1.2423 1.4261 1.2442 1.3443 1.2481 1.2584 1.3753 1.2501 1.3869 1.2533 1.4300 
1.2293 1.3835 1.2312 1.2428 1.4319 1.2358 1.3743 1.2410 1.4329 1.2423 1.4261 1.2442 1.3443 1.2481 1.2584 1.3753 1.2501 1.3869 1.2533 1.4300 
1.2293 1.3835 1.2312 1.2389 1.4280 1.2319 1.3704 1.2371 1.4290 1.2384 1.4222 1.2403 1.3404 1.2442 1.2545 1.3714 1.2462 1.3830 1.2494 1.4261 
1.2293 1.3835 1.2312 1.3762 1.2389 1.2299 1.3684 1.2351 1.4271 1.2364 1.4203 1.2384 1.3384 1.2423 1.2526 1.3695 1.2442 1.3810 1.2475 1.4242 
1.2293 1.3835 1.2312 1.3762 1.2389 1.2299 1.3684 1.2351 1.4271 1.2364 1.4203 1.2384 1.3384 1.2423 1.2526 1.3695 1.2299 1.3667 1.2332 1.4112 
1.2293 1.3835 1.2312 1.3762 1.2448 1.2358 1.2390 1.3454 1.2519 1.3570 1.2306 1.2319 1.3319 1.2358 1.2461 1.3630 1.2377 1.3745 1.2410 1.4183 
1.2293 1.3835 1.2312 1.3762 1.2448 1.2358 1.2390 1.3454 1.2519 1.3570 1.2306 1.2319 1.3319 1.2358 1.2461 1.3630 1.2377 1.3745 1.2410 1.4183 
1.2293 1.3835 1.2312 1.3762 1.2448 1.2358 1.2390 1.3454 1.2519 1.3570 1.2306 1.2319 1.3319 1.2358 1.2461 1.3630 1.2293 1.3661 1.2325 1.4105 
1.2293 1.3835 1.2312 1.3762 1.2448 1.2358 1.2390 1.3454 1.2519 1.3570 1.2306 1.2319 1.3319 1.2358 1.2461 1.3630 1.2377 1.3745 1.2410 1.2423 
1.2293 1.3835 1.2312 1.3762 1.2448 1.2358 1.2390 1.3454 1.2519 1.3570 1.2306 1.2319 1.3319 1.2358 1.2461 1.3630 1.2377 1.3745 1.2410 1.2423 
1.2293 1.3835 1.2312 1.3762 1.2448 1.2358 1.2390 1.3454 1.2519 1.3570 1.2306 1.2319 1.3319 1.2358 1.2461 1.3630 1.2377 1.3745 1.2410 1.2423 
1.2293 1.3835 1.2312 1.3762 1.2448 1.2358 1.2390 1.3454 1.2519 1.3570 1.2306 1.2319 1.3319 1.2358 1.2461 1.3630 1.2377 1.3745 1.2410 1.2423 
1.2293 1.3835 1.2312 1.3762 1.2428 1.2338 1.2371 1.3434 1.2500 1.3551 1.2306 1.2319 1.3319 1.2358 1.2461 1.3630 1.2377 1.3745 1.2410 1.2423 
1.2293 1.3835 1.2312 1.3762 1.2389 1.2299 1.2332 1.3395 1.2461 1.3512 1.2299 1.2312 1.3313 1.2351 1.2454 1.3623 1.2371 1.3739 1.2403 1.2416 
1.2293 1.2293 1.2312 1.3762 1.2448 1.2358 1.2390 1.3454 1.2519 1.3570 1.2306 1.2319 1.3319 1.2358 1.2461 1.3630 1.2377 1.3745 1.2410 1.2423 
1.2293 1.2293 1.2312 1.3762 1.2428 1.2338 1.2371 1.3434 1.2500 1.3551 1.2306 1.2319 1.3319 1.2358 1.2461 1.3630 1.2377 1.3745 1.2410 1.2423 
1.2293 1.2293 1.2312 1.2428 1.2351 1.2358 1.2390 1.3551 1.2519 1.3570 1.2306 1.2319 1.3319 1.2358 1.2461 1.3630 1.2377 1.3745 1.2410 1.2423 
1.2293 1.2293 1.2312 1.2428 1.2351 1.2358 1.2390 1.3551 1.2519 1.3570 1.2306 1.2319 1.3319 1.2358 1.2461 1.3630 1.2293 1.3661 1.2325 1.2345 
1.2293 1.2293 1.2312 1.2428 1.2351 1.2358 1.2390 1.3551 1.2519 1.3570 1.2436 1.2449 1.3449 1.2488 1.2591 1.2501 1.3590 1.2520 1.2540 1.2546 
1.2293 1.2293 1.2312 1.2428 1.2351 1.2358 1.2390 1.3551 1.2519 1.3570 1.2436 1.2449 1.3449 1.2488 1.2591 1.2501 1.3590 1.2520 1.2540 1.2546 
1.2293 1.2293 1.2312 1.2428 1.2351 1.2358 1.2390 1.3551 1.2519 1.3570 1.2436 1.2449 1.3449 1.2488 1.2591 1.2312 1.3401 1.2319 1.2338 1.2358 
1.2293 1.2293 1.2312 1.2428 1.2351 1.2358 1.2390 1.2410 1.2416 1.3467 1.2429 1.2442 1.3443 1.2481 1.2584 1.2306 1.3395 1.2312 1.2332 1.2351 
1.2293 1.2293 1.2312 1.2428 1.2351 1.2358 1.2390 1.2410 1.2416 1.3467 1.2429 1.2442 1.3443 1.2481 1.2584 1.2306 1.3395 1.2312 1.2332 1.2351 
1.2293 1.2293 1.2312 1.2428 1.2293 1.2299 1.2332 1.2351 1.2358 1.3408 1.2371 1.2384 1.3384 1.2397 1.2500 1.2293 1.3382 1.2299 1.2319 1.2338 
1.2293 1.2293 1.2312 1.2389 1.2293 1.2299 1.2332 1.2351 1.2358 1.3408 1.2371 1.2384 1.3384 1.2423 1.2526 1.2299 1.3388 1.2306 1.2325 1.2345 
1.2293 1.2293 1.2312 1.2428 1.2351 1.2358 1.2390 1.2410 1.2416 1.2299 1.2306 1.2319 1.3319 1.2332 1.2435 1.2293 1.3382 1.2299 1.2319 1.2338 
1.2293 1.2293 1.2312 1.2428 1.2351 1.2358 1.2390 1.2410 1.2416 1.2299 1.2306 1.2319 1.3319 1.2358 1.2461 1.2293 1.2293 1.2306 1.2325 1.2345 
1.2293 1.2293 1.2312 1.2428 1.2351 1.2358 1.2390 1.2410 1.2416 1.2299 1.2306 1.2293 1.3293 1.2332 1.2435 1.2293 1.2293 1.2306 1.2325 1.2345 
1.2293 1.2293 1.2312 1.2428 1.2351 1.2358 1.2390 1.2410 1.2416 1.2299 1.2306 1.2319 1.2332 1.2358 1.2461 1.2293 1.2293 1.2306 1.2325 1.2345 
1.2293 1.2293 1.2312 1.2428 1.2351 1.2358 1.2390 1.2410 1.2416 1.2299 1.2306 1.2319 1.2332 1.2358 1.2461 1.2293 1.2293 1.2306 1.2325 1.2345 
1.2293 1.2293 1.2312 1.2428 1.2351 1.2358 1.2390 1.2410 1.2416 1.2299 1.2306 1.2319 1.2332 1.2358 1.2461 1.2293 1.2293 1.2306 1.2325 1.2345 
1.2293 1.2293 1.2312 1.2428 1.2351 1.2358 1.2390 1.2410 1.2416 1.2299 1.2306 1.2319 1.2332 1.2358 1.2461 1.2293 1.2293 1.2306 1.2325 1.2345 
1.2293 1.2293 1.2312 1.2428 1.2351 1.2358 1.2390 1.2410 1.2416 1.2299 1.2306 1.2319 1.2332 1.2358 1.2461 1.2293 1.2293 1.2306 1.2325 1.2345 
1.2293 1.2293 1.2312 1.2428 1.2351 1.2358 1.2390 1.2410 1.2416 1.2299 1.2306 1.2319 1.2332 1.2358 1.2461 1.2293 1.2293 1.2306 1.2325 1.2345 
1.2293 1.2293 1.2312 1.2428 1.2351 1.2358 1.2390 1.2410 1.2416 1.2299 1.2306 1.2319 1.2332 1.2358 1.2461 1.2293 1.2293 1.2306 1.2325 1.2345 
1.2293 1.2293 1.2312 1.2428 1.2351 1.2358 1.2390 1.2410 1.2416 1.2299 1.2306 1.2319 1.2332 1.2358 1.2461 1.2293 1.2293 1.2306 1.2325 1.2345 
1.2293 1.2293 1.2312 1.2428 1.2351 1.2358 1.2390 1.2410 1.2416 1.2299 1.2306 1.2319 1.2332 1.2358 1.2461 1.2293 1.2293 1.2306 1.2325 1.2345 
1.2293 1.2293 1.2312 1.2428 1.2351 1.2358 1.2390 1.2410 1.2416 1.2299 1.2306 1.2319 1.2332 1.2358 1.2461 1.2293 1.2293 1.2306 1.2325 1.2345 
1.2293 1.2293 1.2312 1.2428 1.2351 1.2358 1.2390 1.2410 1.2416 1.2299 1.2306 1.2319 1.2332 1.2358 1.2461 1.2293 1.2293 1.2306 1.2325 1.2345 
1.2293 1.2293 1.2312 1.2428 1.2351 1.2358 1.2390 1.2410 1.2416 1.2299 1.2306 1.2319 1.2332 1.2358 1.2461 1.2293 1.2293 1.2306 1.2325 1.2345 
1.2293 1.2293 1.2312 1.2428 1.2351 1.2358 1.2390 1.2410 1.2416 1.2299 1.2306 1.2293 1.2306 1.2332 1.2435 1.2293 1.2293 1.2306 1.2325 1.2345 
1.2293 1.2293 1.2312 1.2389 1.2312 1.2319 1.2351 1.2371 1.2377 1.2293 1.2299 1.2312 1.2325 1.2351 1.2389 1.2293 1.2293 1.2306 1.2325 1.2345 
1.2293 1.2293 1.2312 1.2293 1.2312 1.2319 1.2351 1.2371 1.2377 1.2293 1.2299 1.2293 1.2306 1.2332 1.2293 1.2293 1.2293 1.2306 1.2325 1.2345 
1.2293 1.2293 1.2293 1.2293 1.2293 1.2293 1.2293 1.2293 1.2293 1.2293 1.2293 1.2293 1.2293 1.2293 1.2293 1.2293 1.2293 1.2293 1.2293 1.2293 
