1.5703 1.6246 1.6692 1.7471 1.8812 2.0410 2.1926 2.3014 2.4215 2.5094 2.6491 2.7794 2.8508 2.9720 3.1356 3.2839 3.3839 1.9395 1.9650 1.9899 
1.5703 1.6246 1.6692 1.7471 1.8812 2.0410 2.1926 2.3014 1.7296 1.7543 1.7967 1.8433 1.8717 1.9570 2.1114 2.2770 2.4001 2.5270 2.6552 2.7824 
1.5703 1.6246 1.6692 1.7471 1.8812 2.0410 2.1926 2.3014 1.7296 1.7543 1.7967 1.8433 1.8717 1.9570 2.1114 2.2770 2.4001 1.8596 1.8907 1.9191 
1.5703 1.6246 1.6692 1.7471 1.8812 2.0410 2.1926 2.3014 1.7296 1.7543 1.7967 1.8433 1.8717 1.7836 1.8178 1.8565 1.8861 1.9207 2.0535 2.2826 
1.5703 1.6246 1.6692 1.7471 1.8812 2.0410 2.1926 1.7003 1.7450 1.7668 1.8109 1.8733 1.9570 1.7961 1.8305 1.8655 1.8952 1.9285 2.0618 2.2525 
1.5703 1.6246 1.6692 1.7471 1.8812 2.0410 1.3074 1.4137 1.5665 1.6734 1.7861 1.9181 2.0091 1.3494 1.4647 1.6110 1.7283 1.8307 2.0033 2.2325 
1.5703 1.6246 1.6692 1.7471 1.8812 2.0410 1.3074 1.4137 1.5665 1.6734 1.7861 1.9181 2.0091 1.3494 1.4647 1.6110 1.7283 1.8211 1.9937 2.1844 
1.5703 1.6246 1.6692 1.7471 1.8812 2.0410 1.6886 1.7087 1.7515 1.7788 1.8504 1.9825 2.0728 1.7978 1.8322 1.8673 1.8969 1.9290 1.8381 1.8692 
1.5703 1.6246 1.6692 1.7471 1.8812 2.0410 1.6886 1.7087 1.7515 1.7788 1.8485 1.9536 2.0439 1.7978 1.8322 1.8673 1.8969 1.9290 1.8381 1.8692 
1.5703 1.6246 1.6692 1.7471 1.8812 2.0410 1.3074 1.4137 1.5665 1.6734 1.7861 1.9181 2.0091 1.3494 1.4647 1.6110 1.7283 1.8307 1.3269 1.4861 
1.5703 1.6246 1.6692 1.7471 1.8812 2.0218 1.3074 1.4137 1.5665 1.6734 1.7861 1.9181 2.0091 1.3494 1.4647 1.6110 1.7283 1.8307 1.3269 1.4861 
1.5703 1.6246 1.6692 1.7471 1.8812 2.0218 1.3074 1.4137 1.5665 1.6734 1.7861 1.9181 2.0091 1.3494 1.4647 1.6110 1.7283 1.8307 1.3269 1.4861 
1.5703 1.6246 1.6692 1.6323 1.6604 1.6980 1.7446 1.6748 1.7202 1.7458 1.7917 1.8710 1.9620 1.7892 1.8237 1.8587 1.8883 1.9204 1.8295 1.8607 
1.5703 1.6246 1.6692 1.6323 1.6604 1.6980 1.7446 1.6748 1.7202 1.7458 1.7917 1.8564 1.9427 1.7892 1.8237 1.8587 1.8883 1.9204 1.8295 1.8607 
1.5703 1.6246 1.6692 1.6323 1.6604 1.6980 1.7446 1.2776 1.4420 1.5741 1.6887 1.8073 1.8983 1.3479 1.4632 1.6095 1.7268 1.8292 1.3254 1.4846 
1.5703 1.6246 1.6692 1.6323 1.6604 1.6980 1.7446 1.2776 1.4420 1.5741 1.6887 1.8073 1.8983 1.3479 1.4632 1.6095 1.7268 1.8292 1.3254 1.4846 
1.5703 1.6246 1.6692 1.6323 1.6604 1.6980 1.7446 1.2776 1.4420 1.5741 1.6887 1.2964 1.3796 1.4904 1.6385 1.2823 1.4093 1.4956 1.6509 1.8917 
1.5703 1.6246 1.6692 1.6323 1.6604 1.6980 1.7446 1.6748 1.7202 1.7458 1.7917 1.7545 1.7908 1.8187 1.8583 1.8030 1.8344 1.8640 1.8255 1.8655 
1.5703 1.6246 1.6692 1.6323 1.6604 1.6980 1.7446 1.6748 1.7202 1.7458 1.7917 1.7545 1.7908 1.8187 1.8583 1.8030 1.8344 1.8640 1.8255 1.8655 
1.5703 1.6246 1.6692 1.6323 1.6604 1.6980 1.7446 1.6748 1.7202 1.7458 1.7917 1.7545 1.7908 1.8187 1.8583 1.8030 1.8344 1.8640 1.8255 1.8655 
1.5703 1.6246 1.6692 1.6323 1.6604 1.6980 1.7446 1.2776 1.4420 1.5741 1.6887 1.2964 1.3796 1.4904 1.6385 1.2823 1.4093 1.4956 1.6509 1.3061 
1.5703 1.6246 1.6692 1.6323 1.6604 1.6980 1.7446 1.2776 1.4420 1.5741 1.6887 1.2964 1.3796 1.4904 1.6385 1.2823 1.4093 1.4956 1.6509 1.3061 
1.5703 1.6246 1.6692 1.6323 1.6604 1.6980 1.7446 1.2776 1.4420 1.5741 1.6887 1.2964 1.3796 1.4904 1.6385 1.2823 1.4093 1.4956 1.6509 1.3061 
1.5703 1.6246 1.6692 1.6323 1.6604 1.6980 1.7446 1.2776 1.4420 1.5741 1.6887 1.2964 1.3796 1.4904 1.6385 1.2823 1.4093 1.4956 1.6509 1.3061 
1.5703 1.6246 1.6692 1.6323 1.6604 1.6980 1.7446 1.2776 1.4420 1.5741 1.6887 1.2964 1.3796 1.4904 1.6385 1.2823 1.4093 1.4956 1.2662 1.4813 
1.5703 1.6246 1.6692 1.6323 1.6604 1.6980 1.7446 1.2776 1.4420 1.5741 1.6887 1.2964 1.3796 1.4904 1.6385 1.2823 1.4093 1.4956 1.2662 1.4813 
1.5703 1.6246 1.6692 1.6323 1.6604 1.6850 1.7316 1.2763 1.4407 1.5728 1.6874 1.2951 1.3783 1.4891 1.6372 1.2810 1.4080 1.4943 1.6496 1.3048 
1.5703 1.6246 1.6562 1.6193 1.6474 1.6850 1.7316 1.2770 1.4414 1.5735 1.6880 1.2957 1.3790 1.4898 1.6378 1.2816 1.4086 1.4950 1.6503 1.3055 
1.5703 1.6246 1.6692 1.6323 1.6604 1.4877 1.6065 1.2776 1.4420 1.5742 1.6887 1.2964 1.3796 1.4911 1.6391 1.2829 1.4099 1.4963 1.6516 1.3068 
1.5703 1.6246 1.6692 1.6323 1.6604 1.4877 1.6065 1.2776 1.4420 1.5742 1.6887 1.2964 1.3796 1.4911 1.6391 1.2829 1.4099 1.4963 1.6516 1.3068 
1.5703 1.6246 1.6692 1.6323 1.6604 1.4877 1.6065 1.2776 1.4420 1.5742 1.6887 1.2964 1.3796 1.4911 1.6391 1.2829 1.4099 1.4963 1.2669 1.4819 
1.5703 1.6246 1.6692 1.6323 1.6604 1.2364 1.3745 1.4981 1.2603 1.4078 1.5204 1.2578 1.3410 1.4679 1.6313 1.2733 1.4003 1.4943 1.2669 1.4819 
1.5703 1.6246 1.6692 1.6323 1.6604 1.2364 1.3745 1.4981 1.2603 1.4078 1.5204 1.2578 1.3410 1.4679 1.6313 1.2733 1.4003 1.4943 1.2669 1.4819 
1.5703 1.6246 1.6692 1.6323 1.6604 1.2364 1.3745 1.4981 1.2603 1.4078 1.5204 1.2578 1.3410 1.4679 1.6313 1.2733 1.4003 1.4943 1.2669 1.4819 
1.5703 1.6246 1.6692 1.6323 1.6604 1.2364 1.3745 1.4981 1.2603 1.4078 1.5204 1.2578 1.3410 1.4679 1.6313 1.2733 1.4003 1.4943 1.2669 1.4819 
1.5703 1.3576 1.5213 1.2544 1.3925 1.5118 1.6460 1.2796 1.4440 1.5761 1.2648 1.3815 1.4648 1.2527 1.4065 1.2649 1.3919 1.4937 1.2682 1.4832 
1.5703 1.3576 1.5213 1.2544 1.3925 1.5118 1.6460 1.2796 1.4440 1.5761 1.2648 1.3815 1.4648 1.2527 1.4065 1.2649 1.3919 1.4937 1.2682 1.4832 
1.5703 1.3576 1.5213 1.2544 1.3925 1.2371 1.3752 1.4994 1.2616 1.4091 1.5217 1.2591 1.3423 1.4685 1.6320 1.2739 1.4009 1.4950 1.2675 1.4826 
1.2293 1.3566 1.5203 1.2531 1.3912 1.2358 1.3739 1.4981 1.2603 1.4078 1.5204 1.2578 1.3410 1.4672 1.6307 1.2726 1.3996 1.4937 1.2662 1.4813 
1.2293 1.3566 1.5203 1.2531 1.3912 1.2358 1.3739 1.4981 1.2603 1.4059 1.5165 1.2578 1.3410 1.4672 1.6307 1.2726 1.3996 1.4937 1.2662 1.4813 
1.5703 1.3576 1.5213 1.2544 1.3925 1.2293 1.3674 1.4916 1.2538 1.4013 1.5139 1.2513 1.3345 1.4614 1.6248 1.2668 1.3938 1.4878 1.2604 1.4754 
1.5703 1.3576 1.5213 1.2544 1.3925 1.2293 1.3674 1.4916 1.2538 1.4013 1.5139 1.2513 1.3345 1.4614 1.6248 1.2668 1.3938 1.4878 1.2604 1.4754 
1.5703 1.3576 1.5213 1.2544 1.3925 1.5118 1.2493 1.3755 1.2519 1.3995 1.2449 1.3789 1.4622 1.2520 1.4058 1.2643 1.3913 1.4930 1.2675 1.4826 
1.5703 1.3576 1.5213 1.2544 1.3925 1.5118 1.2493 1.3755 1.2519 1.3995 1.2449 1.3789 1.4622 1.2520 1.4058 1.2643 1.3913 1.4930 1.2675 1.4826 
1.5703 1.3576 1.5213 1.2544 1.3925 1.5118 1.2493 1.3755 1.2519 1.3995 1.2449 1.3789 1.4622 1.2520 1.4058 1.2643 1.3913 1.4930 1.2675 1.4826 
1.5703 1.3576 1.5213 1.2544 1.3925 1.5118 1.2493 1.3755 1.2519 1.3995 1.2449 1.3789 1.4622 1.2520 1.4058 1.2643 1.3913 1.4930 1.2675 1.4826 
1.5703 1.3576 1.5213 1.2544 1.3925 1.5118 1.2493 1.3755 1.2519 1.3995 1.2449 1.3789 1.4622 1.2520 1.4058 1.2643 1.3913 1.4930 1.2675 1.4826 
1.5703 1.3576 1.5213 1.2544 1.3925 1.5118 1.2493 1.3755 1.2519 1.3995 1.2449 1.3789 1.4622 1.2520 1.4058 1.2643 1.3913 1.4930 1.2675 1.4826 
1.2293 1.3566 1.5203 1.2531 1.3912 1.5105 1.2480 1.3742 1.2506 1.3982 1.2436 1.3776 1.4609 1.2507 1.4045 1.2630 1.3900 1.4917 1.2662 1.4813 
1.2293 1.3566 1.5203 1.2531 1.3912 1.5105 1.2480 1.3742 1.2506 1.3982 1.2436 1.3776 1.4609 1.2507 1.4045 1.2630 1.3900 1.4917 1.2662 1.4813 
1.2293 1.3566 1.5203 1.2531 1.3912 1.5105 1.2480 1.3742 1.2506 1.3982 1.2436 1.3776 1.4609 1.2507 1.4045 1.2630 1.3900 1.4917 1.2662 1.4813 
1.2293 1.3566 1.5203 1.2531 1.3912 1.5105 1.2480 1.3742 1.2506 1.3982 1.2436 1.3776 1.4609 1.2507 1.4045 1.2630 1.3900 1.4917 1.2662 1.4813 
1.2293 1.3566 1.5203 1.2531 1.3912 1.5105 1.2480 1.3742 1.2506 1.3982 1.2436 1.3776 1.4609 1.2507 1.4045 1.2630 1.3900 1.4917 1.2662 1.4813 
1.2293 1.3566 1.5203 1.2531 1.3912 1.5105 1.2480 1.3742 1.2506 1.3982 1.2436 1.3776 1.4609 1.2507 1.4045 1.2630 1.3900 1.4917 1.2662 1.4813 
1.2293 1.3566 1.5203 1.2531 1.3912 1.2358 1.3739 1.4981 1.2603 1.4078 1.2436 1.3776 1.4609 1.2507 1.4045 1.2630 1.3900 1.4917 1.2662 1.4813 
1.2293 1.3566 1.5203 1.2531 1.3912 1.2358 1.3739 1.4981 1.2603 1.4059 1.2436 1.3776 1.4609 1.2507 1.4045 1.2630 1.3900 1.4917 1.2662 1.4813 
1.2293 1.3566 1.5203 1.2531 1.3912 1.2358 1.3739 1.4981 1.2583 1.4059 1.2416 1.3756 1.4589 1.2488 1.4026 1.2610 1.3880 1.4898 1.2643 1.4793 
1.2293 1.3566 1.2512 1.2338 1.3718 1.5066 1.2480 1.3742 1.2506 1.3982 1.2436 1.3776 1.4609 1.2507 1.4045 1.2630 1.3900 1.4917 1.2662 1.4813 
1.2293 1.3566 1.2512 1.2338 1.3718 1.5066 1.2480 1.3742 1.2506 1.3982 1.2436 1.3776 1.4609 1.2507 1.4045 1.2630 1.3900 1.4917 1.2662 1.4813 
1.2293 1.3566 1.2512 1.2338 1.3718 1.2358 1.3739 1.4981 1.2603 1.4078 1.2436 1.3776 1.4609 1.2507 1.4045 1.2630 1.3900 1.4917 1.2662 1.4813 
1.2293 1.3566 1.2512 1.2338 1.3718 1.2358 1.3739 1.4981 1.2603 1.4078 1.2436 1.3776 1.4609 1.2507 1.4045 1.2630 1.3900 1.4917 1.2662 1.4813 
1.2293 1.2499 1.4136 1.2338 1.3718 1.2358 1.3739 1.4981 1.2603 1.4059 1.2436 1.3776 1.4609 1.2507 1.4045 1.2630 1.3900 1.4917 1.2662 1.4813 
1.2293 1.2499 1.4136 1.2338 1.3718 1.2293 1.3674 1.4916 1.2538 1.4013 1.2371 1.3711 1.4544 1.2449 1.3987 1.2571 1.3841 1.4859 1.2604 1.4754 
1.2293 1.2499 1.4136 1.2338 1.3718 1.2293 1.3674 1.4916 1.2538 1.3994 1.2371 1.3711 1.4544 1.2449 1.3987 1.2571 1.3841 1.4859 1.2604 1.4754 
1.2293 1.2499 1.4136 1.2338 1.3718 1.2293 1.3674 1.4916 1.2538 1.3994 1.2371 1.3711 1.4544 1.2449 1.3987 1.2571 1.3841 1.4859 1.2604 1.4754 
1.2293 1.2499 1.4136 1.2338 1.3718 1.2358 1.3739 1.2583 1.2410 1.3885 1.2436 1.3776 1.4609 1.2507 1.4045 1.2428 1.3698 1.4716 1.2461 1.4618 
1.2293 1.2499 1.4136 1.2338 1.3718 1.2358 1.3739 1.2583 1.2410 1.3885 1.2436 1.3776 1.4609 1.2507 1.4045 1.2428 1.3698 1.4716 1.2461 1.4618 
1.2293 1.2499 1.4136 1.2338 1.3718 1.2358 1.3739 1.2583 1.2410 1.3885 1.2436 1.3776 1.4609 1.2507 1.4045 1.2428 1.3698 1.4716 1.2461 1.4618 
1.2293 1.2499 1.4136 1.2338 1.3718 1.2358 1.3739 1.2583 1.2410 1.3885 1.2436 1.3776 1.4609 1.2507 1.4045 1.2428 1.3698 1.4716 1.2461 1.4618 
1.2293 1.2499 1.4136 1.2338 1.3718 1.2358 1.3739 1.2583 1.2410 1.3885 1.2436 1.3776 1.4609 1.2507 1.4045 1.2428 1.3698 1.4716 1.2461 1.4618 
1.2293 1.3566 1.2512 1.2338 1.3718 1.2358 1.3739 1.2583 1.2410 1.3885 1.2436 1.3776 1.4609 1.2507 1.4045 1.2630 1.3900 1.2559 1.3920 1.2862 
1.2293 1.3566 1.2512 1.2338 1.3718 1.2358 1.3739 1.2583 1.2410 1.3885 1.2436 1.3776 1.4609 1.2507 1.4045 1.2630 1.3900 1.2559 1.3920 1.2862 
1.2293 1.3566 1.2512 1.2338 1.3718 1.2358 1.3739 1.2583 1.2410 1.3885 1.2312 1.3652 1.4485 1.2397 1.3935 1.2519 1.3789 1.2449 1.3809 1.2751 
1.2293 1.3566 1.2512 1.2338 1.3718 1.2358 1.3739 1.2583 1.2410 1.3885 1.2312 1.3652 1.4485 1.2397 1.3935 1.2519 1.3789 1.2449 1.3809 1.2751 
1.2293 1.3566 1.2512 1.2338 1.3718 1.2358 1.3739 1.2583 1.2410 1.3885 1.2312 1.3652 1.4485 1.2397 1.3935 1.2519 1.3789 1.2449 1.3809 1.2751 
1.2293 1.3566 1.2512 1.2338 1.3718 1.2358 1.3739 1.2583 1.2410 1.3885 1.2436 1.3776 1.2501 1.3667 1.2520 1.2630 1.3900 1.2559 1.3920 1.2862 
1.2293 1.3566 1.2512 1.2338 1.3718 1.2358 1.3739 1.2583 1.2410 1.3885 1.2436 1.3776 1.2501 1.3667 1.2520 1.2630 1.3900 1.2559 1.3920 1.2862 
1.2293 1.3566 1.2512 1.2338 1.3718 1.2358 1.3739 1.2583 1.2410 1.3885 1.2436 1.3776 1.2501 1.3667 1.2520 1.2630 1.3900 1.2559 1.3920 1.2862 
1.2293 1.3566 1.2512 1.2338 1.3718 1.2358 1.3739 1.2583 1.2410 1.3885 1.2436 1.3776 1.2501 1.3667 1.2520 1.2630 1.3900 1.2559 1.3920 1.2862 
1.2293 1.3566 1.2512 1.2338 1.3718 1.2358 1.3739 1.2583 1.2410 1.3885 1.2436 1.3776 1.2501 1.3667 1.2520 1.2630 1.3900 1.2559 1.3920 1.2862 
1.2293 1.3566 1.2512 1.2338 1.3718 1.2358 1.3739 1.2583 1.2410 1.3885 1.2436 1.3776 1.2501 1.3667 1.2520 1.2630 1.3900 1.2559 1.3920 1.2862 
1.2293 1.3566 1.2512 1.2338 1.3718 1.2358 1.3739 1.2583 1.2410 1.3885 1.2436 1.3776 1.2501 1.3667 1.2520 1.2630 1.3900 1.2559 1.3920 1.2862 
1.2293 1.3566 1.2512 1.2338 1.3718 1.2358 1.3739 1.2583 1.2410 1.3885 1.2436 1.3776 1.2501 1.3667 1.2520 1.2630 1.3900 1.2559 1.3920 1.2862 
1.2293 1.3566 1.2512 1.2338 1.3718 1.2358 1.3739 1.2583 1.2410 1.3885 1.2436 1.3776 1.2501 1.3667 1.2520 1.2630 1.3900 1.2559 1.3920 1.2862 
1.2293 1.3566 1.2512 1.2338 1.3718 1.2358 1.3739 1.2583 1.2410 1.3885 1.2436 1.3776 1.2501 1.3667 1.2520 1.2630 1.3900 1.2559 1.3920 1.2862 
1.2293 1.3566 1.2512 1.2338 1.3718 1.2358 1.3739 1.2583 1.2410 1.3885 1.2436 1.3776 1.2501 1.3667 1.2520 1.2630 1.3900 1.2559 1.3920 1.2862 
1.2293 1.3566 1.2512 1.2338 1.3718 1.2358 1.3739 1.2583 1.2410 1.3885 1.2436 1.3776 1.2501 1.3667 1.2520 1.2630 1.3900 1.2559 1.3920 1.2862 
1.2293 1.3566 1.2512 1.2338 1.3718 1.2358 1.3739 1.2583 1.2410 1.3885 1.2436 1.3776 1.2501 1.3667 1.2520 1.2630 1.3900 1.2559 1.3920 1.2862 
1.2293 1.3566 1.2512 1.2338 1.3718 1.2358 1.3739 1.2583 1.2299 1.3775 1.2325 1.3665 1.2390 1.3569 1.2423 1.2532 1.3802 1.2462 1.3822 1.2764 
1.2293 1.3566 1.2512 1.2338 1.3718 1.2358 1.3739 1.2583 1.2299 1.3775 1.2325 1.3665 1.2390 1.3569 1.2423 1.2532 1.3802 1.2462 1.3822 1.2764 
1.2293 1.3566 1.2512 1.2338 1.3718 1.2358 1.3739 1.2583 1.2299 1.3775 1.2325 1.3665 1.2390 1.3569 1.2306 1.2415 1.3685 1.2351 1.3712 1.2660 
1.2293 1.3566 1.2512 1.2338 1.3718 1.2358 1.3739 1.2583 1.2299 1.3775 1.2325 1.3665 1.2390 1.3569 1.2306 1.2415 1.3685 1.2351 1.3712 1.2660 
1.2293 1.3566 1.2512 1.2338 1.3718 1.2358 1.3739 1.2583 1.2299 1.2306 1.2325 1.3665 1.2390 1.3569 1.2306 1.2415 1.3685 1.2351 1.3712 1.2660 
1.2293 1.3566 1.2512 1.2338 1.3718 1.2293 1.3674 1.2518 1.2293 1.2299 1.2319 1.3659 1.2384 1.3563 1.2306 1.2415 1.3685 1.2351 1.3712 1.2660 
1.2293 1.3566 1.2486 1.2312 1.3692 1.2293 1.3674 1.2525 1.2293 1.2299 1.2293 1.3633 1.2358 1.3537 1.2293 1.2402 1.3672 1.2338 1.3699 1.2647 
1.2293 1.3566 1.2486 1.2293 1.3673 1.2293 1.3674 1.2525 1.2293 1.2299 1.2319 1.3659 1.2384 1.3563 1.2306 1.2415 1.3685 1.2293 1.3653 1.2589 
1.2293 1.3566 1.2486 1.2293 1.3673 1.2293 1.3674 1.2525 1.2293 1.2299 1.2319 1.3659 1.2384 1.3563 1.2306 1.2293 1.3563 1.2293 1.3653 1.2589 
1.2293 1.3566 1.2486 1.2312 1.2293 1.2293 1.2293 1.2402 1.2293 1.2299 1.2319 1.2293 1.2312 1.3485 1.2293 1.2293 1.3563 1.2293 1.3653 1.2589 
1.2293 1.3566 1.2486 1.2312 1.2293 1.2293 1.2293 1.2389 1.2293 1.2299 1.2319 1.2293 1.2312 1.3485 1.2293 1.2293 1.3563 1.2293 1.3549 1.2595 
1.2293 1.2505 1.2293 1.3510 1.2389 1.2293 1.2293 1.2396 1.2293 1.2293 1.2293 1.2293 1.2312 1.2293 1.2306 1.2293 1.2293 1.2293 1.2293 1.2293 
