2.4585 2.6434 2.8992 3.0340 3.1106 3.2278 1.7199 1.7630 1.8047 1.8527 1.9289 2.0785 2.2118 2.3477 2.5127 2.6624 2.8166 2.9899 3.1613 3.3025 
2.4585 2.6434 2.8992 3.0303 3.1007 3.2137 1.6874 1.7305 1.7722 1.8202 1.9257 2.0752 2.2085 2.3445 2.5094 2.6592 2.8133 2.9866 3.1581 3.2993 
2.4585 2.6434 1.6020 1.6380 1.6764 1.7302 1.8887 2.0698 2.1924 2.3087 2.4356 2.5852 1.8581 1.8935 1.9166 1.9581 2.0012 2.1113 2.3140 2.4751 
2.4585 2.6434 1.6020 1.6380 1.6761 1.7287 1.8791 2.0601 2.1828 2.2991 2.4260 2.5756 1.8581 1.8935 1.9166 1.9581 2.0012 2.1113 2.3140 2.4751 
2.4585 2.6434 1.6020 1.6380 1.6764 1.7302 1.8887 2.0698 2.1924 2.3087 2.4356 2.5852 1.8581 1.8935 1.9166 1.9581 2.0012 2.1113 2.3140 2.4751 
1.5703 1.6143 1.6826 1.7755 1.9020 2.0765 1.6775 1.7328 1.7848 1.8336 1.9120 2.0616 1.8253 1.8607 1.8868 1.9409 1.9851 2.1021 2.3042 2.4653 
1.5703 1.6143 1.6826 1.7755 1.9020 2.0765 1.6775 1.7328 1.7848 1.8336 1.9120 2.0616 1.8253 1.8607 1.8868 1.9409 1.9851 2.0732 2.2657 2.4268 
1.5703 1.6143 1.6826 1.7755 1.9020 2.0765 1.6775 1.7328 1.7848 1.8336 1.9120 2.0616 1.8253 1.8607 1.8868 1.9409 1.9851 1.8855 1.9222 1.9616 
1.5703 1.6143 1.6826 1.7755 1.9020 2.0765 1.6775 1.7328 1.7848 1.8336 1.9120 2.0616 1.8253 1.8607 1.8868 1.9409 1.9851 1.8855 1.9222 1.9616 
1.5703 1.6143 1.6826 1.7755 1.9020 2.0765 1.6775 1.7328 1.7848 1.8336 1.9120 2.0616 1.8253 1.8607 1.8868 1.9409 1.9851 1.8855 1.9222 1.9616 
1.5703 1.6143 1.6826 1.7755 1.8924 2.0669 1.6775 1.7328 1.7848 1.8336 1.9120 2.0616 1.8253 1.8607 1.8868 1.9409 1.9851 1.8855 1.9222 1.9616 
1.5703 1.6143 1.6826 1.7755 1.8924 2.0669 1.6775 1.7328 1.7848 1.8336 1.9120 2.0616 1.8253 1.8607 1.8868 1.9409 1.9851 1.8855 1.9222 1.9616 
1.5703 1.6143 1.6820 1.7748 1.8917 2.0662 1.6710 1.7263 1.7783 1.8271 1.9114 2.0609 1.8188 1.8542 1.8803 1.9344 1.9786 1.8790 1.9157 1.9551 
1.5703 1.6143 1.6826 1.7755 1.9020 1.6648 1.6678 1.7291 1.7816 1.8303 1.9041 2.0557 1.8208 1.8562 1.8847 1.9388 1.9830 1.8828 1.9206 1.9600 
1.5703 1.6143 1.6826 1.7755 1.9020 1.7891 1.2873 1.4394 1.5697 1.7167 1.8475 1.9971 1.2939 1.4490 1.5452 1.7275 1.8848 1.3100 1.4698 1.5994 
1.5703 1.6143 1.6826 1.7755 1.9020 1.6648 1.7020 1.2416 1.3719 1.4990 1.6318 1.7737 1.2636 1.4188 1.5380 1.7204 1.8777 1.2894 1.4652 1.5949 
1.5703 1.6143 1.6826 1.7755 1.9020 1.6648 1.7020 1.2416 1.3719 1.4990 1.6318 1.7737 1.2636 1.4188 1.5380 1.7204 1.8777 1.2894 1.4652 1.5949 
1.5703 1.6143 1.5898 1.6274 1.6705 1.7292 1.8811 1.2920 1.4051 1.5225 1.6359 1.7758 1.2851 1.4403 1.5441 1.7264 1.8837 1.3012 1.4687 1.5984 
1.5703 1.6143 1.5898 1.6274 1.6705 1.7292 1.8811 1.2920 1.4051 1.5225 1.6359 1.7758 1.2851 1.4403 1.5441 1.7264 1.8741 1.3012 1.4687 1.5984 
1.2293 1.3872 1.2312 1.3247 1.4408 1.6172 1.8166 1.2790 1.3921 1.5102 1.6236 1.7635 1.2727 1.4279 1.5317 1.7141 1.8617 1.2889 1.4570 1.5867 
1.2293 1.3872 1.2312 1.3247 1.4408 1.6172 1.8166 1.2790 1.3921 1.5102 1.6236 1.7635 1.2727 1.4279 1.5317 1.7141 1.8617 1.2889 1.4570 1.5867 
1.5703 1.6143 1.2312 1.3241 1.4402 1.6167 1.2771 1.4408 1.5770 1.2579 1.3829 1.5247 1.6586 1.2863 1.4209 1.5956 1.7432 1.2921 1.4673 1.5970 
1.5703 1.6143 1.2312 1.3241 1.4402 1.6167 1.2771 1.4408 1.5770 1.2579 1.3829 1.5247 1.6586 1.2863 1.4209 1.5956 1.7432 1.2921 1.4673 1.5970 
1.5703 1.6143 1.2312 1.3241 1.4402 1.6167 1.2771 1.4408 1.5770 1.2579 1.3829 1.5247 1.6586 1.2863 1.4209 1.5956 1.7432 1.2921 1.4673 1.5970 
1.5703 1.6143 1.2312 1.3241 1.4402 1.6167 1.2771 1.4408 1.5770 1.2579 1.3829 1.5247 1.6586 1.2863 1.4209 1.5956 1.7432 1.2921 1.4673 1.5970 
1.5703 1.6143 1.2312 1.3241 1.4402 1.6167 1.2771 1.4408 1.5770 1.2579 1.3829 1.5247 1.6586 1.2863 1.4209 1.5956 1.7336 1.2921 1.4673 1.5970 
1.5703 1.6143 1.2312 1.3241 1.4402 1.6167 1.2771 1.4408 1.5770 1.2579 1.3829 1.5247 1.6586 1.2863 1.4209 1.5956 1.7336 1.2921 1.4673 1.5970 
1.5703 1.6143 1.2312 1.3241 1.4402 1.6167 1.2771 1.4408 1.5770 1.2579 1.3829 1.5247 1.6586 1.2863 1.4209 1.5956 1.7336 1.2921 1.4673 1.5970 
1.5703 1.6143 1.2312 1.3241 1.4402 1.6167 1.2771 1.4408 1.5770 1.2579 1.3829 1.5343 1.6683 1.2863 1.4209 1.2805 1.4128 1.2825 1.4653 1.5950 
1.5703 1.6143 1.2312 1.3241 1.4402 1.6167 1.2771 1.4408 1.5770 1.2579 1.3829 1.5343 1.6683 1.2863 1.4209 1.2805 1.4128 1.2825 1.4653 1.5950 
1.5703 1.6143 1.2312 1.3241 1.4402 1.6167 1.2771 1.4408 1.5770 1.2579 1.3829 1.5343 1.2760 1.4331 1.5523 1.2805 1.4128 1.2825 1.4653 1.5950 
1.5703 1.6143 1.2312 1.3241 1.4402 1.6167 1.2771 1.4408 1.5770 1.2579 1.3829 1.5343 1.2760 1.4331 1.5523 1.2805 1.4128 1.2825 1.4653 1.5950 
1.5703 1.6143 1.2312 1.3241 1.4402 1.6167 1.2771 1.4408 1.5770 1.2579 1.3829 1.5343 1.2760 1.4331 1.5523 1.2805 1.4128 1.2825 1.4653 1.5950 
1.5703 1.6143 1.2312 1.3241 1.4402 1.6167 1.2771 1.4408 1.5770 1.2579 1.3829 1.5343 1.2760 1.4331 1.5523 1.2805 1.4128 1.2825 1.4653 1.5950 
1.2293 1.3872 1.2312 1.3247 1.4312 1.6076 1.2777 1.4415 1.5776 1.2585 1.3835 1.5350 1.2766 1.4337 1.5530 1.2812 1.4134 1.2831 1.4660 1.5956 
1.2293 1.3872 1.2312 1.3247 1.4312 1.6076 1.2777 1.4415 1.5776 1.2585 1.3835 1.5350 1.2766 1.4337 1.5530 1.2812 1.4134 1.2831 1.4660 1.5956 
1.2293 1.3872 1.2312 1.3247 1.4312 1.6076 1.2777 1.4415 1.5776 1.2585 1.3835 1.5350 1.2766 1.4337 1.5530 1.2812 1.4134 1.2831 1.4660 1.5956 
1.2293 1.3872 1.2312 1.3247 1.4408 1.2577 1.4320 1.2442 1.3804 1.2488 1.3815 1.5330 1.2669 1.4240 1.5509 1.2811 1.4133 1.2830 1.4659 1.5955 
1.2293 1.3872 1.2312 1.3247 1.4408 1.2577 1.4320 1.2442 1.3804 1.2488 1.3815 1.5330 1.2669 1.4240 1.5509 1.2811 1.4133 1.2830 1.4659 1.5955 
1.2293 1.3872 1.2312 1.3247 1.4408 1.2577 1.4320 1.2442 1.3804 1.2488 1.3815 1.5330 1.2669 1.4240 1.5509 1.2538 1.3860 1.2557 1.4392 1.5689 
1.2293 1.3872 1.2312 1.3247 1.4408 1.2577 1.4320 1.2442 1.3804 1.2488 1.3815 1.5330 1.2669 1.4240 1.5509 1.2538 1.3860 1.2557 1.4392 1.5689 
1.2293 1.3872 1.2312 1.3247 1.4408 1.2577 1.4320 1.2442 1.3804 1.2488 1.3815 1.5330 1.2422 1.3993 1.5256 1.2557 1.3880 1.2577 1.4412 1.5708 
1.2293 1.3872 1.2312 1.3247 1.4408 1.2577 1.4320 1.2442 1.3804 1.2488 1.3815 1.5330 1.2669 1.4240 1.5509 1.2811 1.4133 1.2830 1.4659 1.3008 
1.2293 1.3872 1.2312 1.3247 1.4408 1.2577 1.4320 1.2442 1.3804 1.2488 1.3815 1.5330 1.2669 1.4240 1.5509 1.2811 1.4133 1.2830 1.4659 1.3008 
1.2293 1.3872 1.2312 1.3247 1.4408 1.2577 1.4320 1.2442 1.3804 1.2488 1.3815 1.5330 1.2669 1.4240 1.5509 1.2811 1.4133 1.2830 1.4659 1.3008 
1.2293 1.3872 1.2312 1.3247 1.4408 1.2577 1.4320 1.2442 1.3804 1.2488 1.3815 1.5330 1.2422 1.3993 1.5256 1.2557 1.3880 1.2577 1.4412 1.2616 
1.2293 1.3872 1.2312 1.3247 1.4408 1.2577 1.4320 1.2442 1.3804 1.2488 1.3815 1.5330 1.2422 1.3993 1.5256 1.2557 1.3880 1.2577 1.4412 1.2616 
1.2293 1.3872 1.2312 1.3247 1.4408 1.2577 1.4320 1.2442 1.3804 1.2306 1.3633 1.5148 1.2389 1.3960 1.5223 1.2525 1.3847 1.2544 1.4379 1.2583 
1.2293 1.3872 1.2312 1.3247 1.4408 1.2577 1.4320 1.2442 1.3804 1.2306 1.3633 1.5148 1.2389 1.3960 1.5223 1.2525 1.3847 1.2544 1.4379 1.2583 
1.2293 1.3872 1.2312 1.3247 1.4408 1.2577 1.4320 1.2442 1.3804 1.2488 1.3815 1.2623 1.3925 1.2579 1.4156 1.2811 1.4133 1.2830 1.4659 1.3008 
1.2293 1.3872 1.2312 1.3247 1.4408 1.2577 1.4320 1.2442 1.3804 1.2488 1.3815 1.2623 1.3925 1.2579 1.4156 1.2811 1.4133 1.2830 1.4659 1.3008 
1.2293 1.3872 1.2312 1.3247 1.4408 1.2577 1.4320 1.2442 1.3804 1.2488 1.3815 1.2623 1.3925 1.2579 1.4156 1.2811 1.4133 1.2830 1.4659 1.3008 
1.2293 1.3872 1.2312 1.3247 1.4408 1.2577 1.4320 1.2442 1.3804 1.2488 1.3815 1.2623 1.3925 1.2579 1.4156 1.2811 1.4133 1.2830 1.4659 1.3008 
1.2293 1.3872 1.2312 1.3247 1.4408 1.2577 1.4320 1.2442 1.3804 1.2488 1.3815 1.2623 1.3925 1.2579 1.4156 1.2811 1.4133 1.2830 1.4659 1.3008 
1.2293 1.3872 1.2312 1.3247 1.4408 1.2577 1.4320 1.2442 1.3804 1.2488 1.3815 1.2623 1.3925 1.2579 1.4156 1.2811 1.4133 1.2830 1.2778 1.4043 
1.2293 1.3872 1.2312 1.3247 1.4408 1.2577 1.4320 1.2442 1.3804 1.2488 1.3815 1.2623 1.3925 1.2579 1.4156 1.2811 1.4133 1.2830 1.2778 1.4043 
1.2293 1.3872 1.2312 1.3247 1.4408 1.2577 1.4320 1.2442 1.3804 1.2488 1.3815 1.2623 1.3925 1.2579 1.4156 1.2811 1.4133 1.2830 1.2778 1.4043 
1.2293 1.3872 1.2312 1.3247 1.4312 1.2577 1.4320 1.2442 1.3804 1.2488 1.3815 1.2623 1.3925 1.2579 1.4156 1.2811 1.4133 1.2830 1.2778 1.4043 
1.2293 1.3872 1.2312 1.3247 1.4312 1.2577 1.4320 1.2442 1.3804 1.2488 1.3815 1.2623 1.3925 1.2579 1.4156 1.2811 1.4133 1.2830 1.2778 1.4043 
1.2293 1.3872 1.2312 1.3247 1.4312 1.2577 1.4320 1.2442 1.3804 1.2306 1.3633 1.2441 1.3743 1.2397 1.3974 1.2629 1.3951 1.2648 1.2475 1.3868 
1.2293 1.3872 1.2312 1.3247 1.4312 1.2486 1.4229 1.2351 1.3712 1.2293 1.3620 1.2428 1.3730 1.2384 1.3961 1.2616 1.3938 1.2635 1.2462 1.3855 
1.2293 1.3872 1.2312 1.3247 1.2454 1.4064 1.2487 1.2442 1.3804 1.2306 1.3633 1.2441 1.3743 1.2397 1.3974 1.2629 1.3951 1.2648 1.2475 1.3868 
1.2293 1.3872 1.2312 1.3247 1.2454 1.4064 1.2487 1.2442 1.3804 1.2306 1.3633 1.2441 1.3743 1.2397 1.3974 1.2629 1.3951 1.2648 1.2475 1.3868 
1.2293 1.3872 1.2312 1.3247 1.2454 1.4064 1.2487 1.2442 1.3804 1.2306 1.3633 1.2441 1.3743 1.2397 1.3974 1.2629 1.3951 1.2648 1.2475 1.3868 
1.2293 1.3872 1.2312 1.3247 1.2454 1.4064 1.2487 1.2442 1.3804 1.2306 1.3633 1.2441 1.3743 1.2397 1.3974 1.2629 1.3951 1.2648 1.2475 1.3868 
1.2293 1.3872 1.2312 1.3247 1.2454 1.4064 1.2487 1.2442 1.3804 1.2306 1.3633 1.2441 1.3743 1.2397 1.3974 1.2629 1.3951 1.2648 1.2475 1.3868 
1.2293 1.3872 1.2312 1.3247 1.2454 1.2384 1.2390 1.2442 1.3804 1.2306 1.3633 1.2441 1.3743 1.2397 1.3974 1.2629 1.3951 1.2648 1.2475 1.3868 
1.2293 1.3872 1.2312 1.3247 1.2454 1.2384 1.2390 1.2442 1.3804 1.2306 1.3633 1.2441 1.3743 1.2397 1.3974 1.2629 1.3951 1.2648 1.2475 1.3868 
1.2293 1.3872 1.2312 1.3247 1.2454 1.2384 1.2390 1.2442 1.3804 1.2306 1.3633 1.2441 1.3743 1.2293 1.3864 1.2518 1.3841 1.2538 1.2364 1.3757 
1.2293 1.3872 1.2312 1.3247 1.2454 1.2384 1.2390 1.2442 1.3804 1.2306 1.3633 1.2441 1.3743 1.2293 1.3864 1.2518 1.3841 1.2538 1.2364 1.3757 
1.2293 1.3872 1.2312 1.3247 1.2454 1.2384 1.2390 1.2442 1.3804 1.2306 1.3633 1.2441 1.3743 1.2293 1.3864 1.2518 1.3841 1.2538 1.2364 1.3757 
1.2293 1.2306 1.2312 1.3247 1.2454 1.2384 1.2390 1.2442 1.3804 1.2306 1.3633 1.2441 1.3743 1.2293 1.3864 1.2518 1.3841 1.2538 1.2364 1.3757 
1.2293 1.2306 1.2312 1.3247 1.2454 1.2384 1.2390 1.2442 1.3804 1.2306 1.3633 1.2441 1.3743 1.2293 1.3864 1.2518 1.3841 1.2538 1.2364 1.3757 
1.2293 1.2306 1.2312 1.3247 1.2454 1.2384 1.2390 1.2442 1.3804 1.2306 1.3633 1.2441 1.3743 1.2293 1.3864 1.2518 1.3841 1.2538 1.2364 1.3757 
1.2293 1.2306 1.2312 1.3247 1.2454 1.2384 1.2390 1.2442 1.3804 1.2306 1.3633 1.2441 1.3743 1.2390 1.2500 1.2429 1.2299 1.2312 1.2325 1.3718 
1.2293 1.2306 1.2312 1.3247 1.2454 1.2384 1.2390 1.2442 1.3804 1.2306 1.3633 1.2441 1.3743 1.2390 1.2500 1.2429 1.2299 1.2312 1.2325 1.3718 
1.2293 1.2306 1.2312 1.3247 1.2454 1.2384 1.2390 1.2306 1.3668 1.2293 1.3620 1.2428 1.3730 1.2377 1.2487 1.2416 1.2423 1.2436 1.2299 1.3692 
1.2293 1.2306 1.2312 1.3247 1.2454 1.2384 1.2390 1.2306 1.3668 1.2293 1.3620 1.2428 1.2377 1.2384 1.2493 1.2423 1.2299 1.2312 1.2332 1.3725 
1.2293 1.2306 1.2312 1.3247 1.2454 1.2384 1.2390 1.2306 1.3668 1.2293 1.3620 1.2428 1.2377 1.2384 1.2493 1.2423 1.2429 1.2442 1.2299 1.3692 
1.2293 1.2306 1.2312 1.3247 1.2454 1.2384 1.2390 1.2442 1.3446 1.2293 1.3620 1.2428 1.2377 1.2384 1.2493 1.2423 1.2429 1.2442 1.2462 1.2578 
1.2293 1.2306 1.2312 1.3247 1.2454 1.2384 1.2390 1.2442 1.2468 1.2488 1.2501 1.2623 1.2572 1.2579 1.2688 1.2618 1.2624 1.2648 1.2778 1.2990 
1.2293 1.2306 1.2312 1.3247 1.2454 1.2384 1.2390 1.2442 1.2468 1.2488 1.2501 1.2623 1.2572 1.2579 1.2688 1.2618 1.2624 1.2648 1.2778 1.2990 
1.2293 1.2306 1.2312 1.3247 1.2454 1.2384 1.2390 1.2442 1.2468 1.2488 1.2501 1.2623 1.2572 1.2579 1.2688 1.2618 1.2624 1.2648 1.2778 1.2990 
1.2293 1.2306 1.2312 1.3247 1.2454 1.2384 1.2390 1.2442 1.2468 1.2488 1.2501 1.2623 1.2572 1.2579 1.2688 1.2618 1.2624 1.2648 1.2778 1.2990 
1.2293 1.2306 1.2312 1.3247 1.2454 1.2384 1.2390 1.2442 1.2468 1.2488 1.2501 1.2623 1.2572 1.2579 1.2688 1.2618 1.2624 1.2648 1.2778 1.2990 
1.2293 1.2306 1.2312 1.3247 1.2454 1.2384 1.2390 1.2442 1.2468 1.2488 1.2501 1.2623 1.2572 1.2579 1.2688 1.2618 1.2624 1.2648 1.2358 1.2474 
1.2293 1.2306 1.2312 1.2293 1.2409 1.2338 1.2345 1.2397 1.2306 1.2325 1.2338 1.2461 1.2410 1.2416 1.2526 1.2455 1.2462 1.2475 1.2494 1.2610 
1.2293 1.2306 1.2312 1.2293 1.2409 1.2338 1.2345 1.2397 1.2306 1.2325 1.2338 1.2461 1.2410 1.2416 1.2526 1.2455 1.2306 1.2319 1.2332 1.2448 
1.2293 1.2306 1.2312 1.2293 1.2409 1.2338 1.2345 1.2397 1.2306 1.2325 1.2338 1.2461 1.2410 1.2416 1.2526 1.2455 1.2306 1.2319 1.2332 1.2448 
1.2293 1.2306 1.2312 1.2293 1.2409 1.2338 1.2345 1.2397 1.2306 1.2325 1.2338 1.2461 1.2410 1.2416 1.2526 1.2455 1.2306 1.2319 1.2332 1.2448 
1.2293 1.2306 1.2312 1.2293 1.2409 1.2338 1.2345 1.2397 1.2306 1.2325 1.2338 1.2461 1.2410 1.2416 1.2526 1.2455 1.2306 1.2319 1.2332 1.2448 
1.2293 1.2306 1.2312 1.2293 1.2409 1.2338 1.2345 1.2397 1.2306 1.2325 1.2338 1.2461 1.2410 1.2416 1.2526 1.2455 1.2306 1.2319 1.2332 1.2448 
1.2293 1.2306 1.2312 1.2293 1.2409 1.2338 1.2345 1.2397 1.2306 1.2325 1.2338 1.2461 1.2410 1.2416 1.2526 1.2455 1.2306 1.2319 1.2332 1.2448 
1.2293 1.2306 1.2312 1.2293 1.2409 1.2338 1.2345 1.2397 1.2306 1.2325 1.2338 1.2461 1.2410 1.2416 1.2526 1.2455 1.2306 1.2319 1.2332 1.2448 
1.2293 1.2306 1.2312 1.2293 1.2409 1.2338 1.2345 1.2397 1.2306 1.2325 1.2338 1.2461 1.2410 1.2416 1.2526 1.2455 1.2306 1.2319 1.2332 1.2448 
1.2293 1.2306 1.2312 1.2293 1.2409 1.2338 1.2345 1.2397 1.2306 1.2325 1.2338 1.2461 1.2410 1.2416 1.2526 1.2455 1.2306 1.2319 1.2332 1.2448 
1.2293 1.2306 1.2312 1.2293 1.2409 1.2338 1.2345 1.2397 1.2306 1.2325 1.2338 1.2461 1.2410 1.2416 1.2402 1.2332 1.2293 1.2306 1.2325 1.2441 
1.2293 1.2306 1.2312 1.2293 1.2389 1.2293 1.2299 1.2351 1.2293 1.2312 1.2325 1.2448 1.2397 1.2403 1.2402 1.2332 1.2293 1.2293 1.2312 1.2428 
1.2293 1.2306 1.2312 1.2293 1.2389 1.2293 1.2299 1.2351 1.2293 1.2293 1.2306 1.2293 1.2293 1.2299 1.2402 1.2332 1.2293 1.2293 1.2293 1.2409 
1.2293 1.2293 1.2293 1.2293 1.2293 1.2293 1.2293 1.2293 1.2293 1.2293 1.2293 1.2293 1.2293 1.2299 1.2293 1.2293 1.2293 1.2306 1.2293 1.2293 
