2.2620 2.3054 2.3795 2.4286 2.4816 2.5593 2.6285 2.6610 2.6846 2.7796 2.9003 3.0228 3.1265 3.3333 1.9027 1.9223 1.9644 2.0868 2.2136 2.2686 
2.2620 2.3054 2.3795 2.4286 2.4816 2.5535 2.6188 2.6494 2.6711 1.7502 1.7881 1.8175 1.8444 1.9769 2.1760 2.2870 2.3820 2.5795 2.7353 2.8616 
2.2620 2.3054 2.3795 2.4286 2.4816 2.5535 2.6188 2.6494 2.6711 1.7502 1.7881 1.8175 1.8444 1.9769 2.1760 2.2870 2.3820 2.5795 2.7353 2.8231 
2.2620 2.3054 2.3795 2.4286 2.4816 1.6643 1.6853 1.7266 1.7464 1.9226 2.0740 2.2390 1.7460 1.8079 1.8635 1.8863 1.9724 2.2066 2.3624 2.4888 
2.2620 2.3054 2.3795 2.4286 2.4816 1.6643 1.6853 1.7263 1.7448 1.9130 2.0644 2.2294 1.7460 1.8079 1.8635 1.8863 1.9724 2.2066 2.3624 2.4599 
2.2620 2.3028 2.3769 2.4260 2.4790 1.6383 1.6593 1.7006 1.7204 1.9200 2.0714 2.2364 1.7200 1.7819 1.8375 1.8673 1.9698 2.2040 2.3598 2.4573 
2.2620 2.3054 2.3795 1.6232 1.6458 1.6984 1.7692 1.8443 1.6778 1.7327 1.7768 1.8130 1.9002 2.1358 1.7983 1.8234 1.8447 1.8800 1.9373 1.9918 
1.2293 1.3530 1.5382 1.6933 1.8253 1.9904 2.1990 2.2627 1.2776 1.4420 1.5587 1.7064 1.8275 2.0631 1.2900 1.4126 1.5132 1.6646 1.8005 1.9268 
1.2293 1.3530 1.5382 1.6933 1.8253 1.9904 2.1990 2.2530 1.2776 1.4420 1.5587 1.7064 1.8275 2.0631 1.2900 1.4126 1.5132 1.6646 1.8005 1.9268 
1.2293 1.3530 1.5382 1.6933 1.8253 1.9904 2.1701 2.2242 1.2776 1.4420 1.5587 1.7064 1.8275 2.0631 1.2900 1.4126 1.5132 1.6646 1.8005 1.9268 
1.2293 1.3530 1.5382 1.6933 1.8253 1.9904 2.1701 2.2242 1.2776 1.4420 1.5587 1.7064 1.8275 2.0631 1.2900 1.4126 1.5132 1.6646 1.8005 1.9268 
1.2293 1.3530 1.5382 1.6933 1.8253 1.9904 1.2647 1.3436 1.4000 1.2506 1.3693 1.5093 1.6111 1.8313 1.2900 1.4126 1.5132 1.6646 1.8005 1.9268 
1.2293 1.3530 1.5382 1.6933 1.8253 1.9904 1.2647 1.3436 1.4000 1.2506 1.3693 1.5093 1.6111 1.8313 1.2900 1.4126 1.5132 1.6646 1.8005 1.9268 
1.2293 1.3530 1.5382 1.6933 1.8253 1.9904 1.2647 1.3436 1.4000 1.2506 1.3693 1.5093 1.6111 1.8313 1.2900 1.4126 1.5132 1.6646 1.8005 1.9268 
1.2293 1.3530 1.5382 1.6933 1.8253 1.2538 1.4172 1.4922 1.6142 1.2506 1.3693 1.5093 1.6111 1.8313 1.2900 1.4126 1.5132 1.6646 1.8005 1.9268 
1.2293 1.3530 1.5382 1.6933 1.8253 1.2538 1.4172 1.4922 1.6142 1.2506 1.3693 1.5093 1.6111 1.8313 1.2900 1.4126 1.5132 1.6646 1.8005 1.9268 
1.2293 1.3530 1.5382 1.6933 1.8253 1.2538 1.4172 1.4889 1.6109 1.2474 1.3661 1.5060 1.6079 1.8281 1.2867 1.4093 1.5100 1.6614 1.7972 1.9236 
1.2293 1.3530 1.5382 1.6933 1.8253 1.2538 1.4172 1.4889 1.6109 1.2474 1.3661 1.5060 1.6079 1.8281 1.2867 1.4093 1.5100 1.6614 1.7972 1.9236 
1.2293 1.3530 1.5382 1.6933 1.8253 1.2538 1.4172 1.4922 1.6142 1.2506 1.3693 1.5093 1.6111 1.8313 1.2900 1.4126 1.5132 1.6646 1.2939 1.3837 
1.2293 1.3530 1.5382 1.6933 1.8253 1.2538 1.4172 1.4922 1.6142 1.2506 1.3693 1.5093 1.6111 1.8313 1.2900 1.4126 1.5132 1.6646 1.2939 1.3837 
1.2293 1.3530 1.5382 1.6933 1.8253 1.2538 1.4172 1.4922 1.6142 1.2506 1.3693 1.5093 1.6111 1.8313 1.2900 1.4126 1.5132 1.6646 1.2939 1.3837 
1.2293 1.3530 1.5382 1.6933 1.8253 1.2538 1.4172 1.4922 1.6142 1.2506 1.3674 1.4996 1.6015 1.8217 1.2900 1.4126 1.5132 1.6646 1.2939 1.3837 
1.2293 1.3530 1.5382 1.6933 1.8253 1.2538 1.4172 1.4922 1.6142 1.2506 1.3674 1.4996 1.6015 1.8217 1.2900 1.4126 1.5132 1.6646 1.2939 1.3837 
1.2293 1.3530 1.5382 1.2319 1.3446 1.4996 1.6997 1.7747 1.2583 1.4400 1.5683 1.7160 1.2552 1.4503 1.2514 1.3739 1.4746 1.6337 1.2939 1.3837 
1.2293 1.3530 1.5382 1.2319 1.3446 1.4996 1.6997 1.7747 1.2583 1.4400 1.5683 1.7160 1.2552 1.4503 1.2514 1.3739 1.4746 1.6337 1.2939 1.3837 
1.2293 1.3530 1.5382 1.2319 1.3446 1.4996 1.6997 1.7747 1.2583 1.4400 1.5683 1.7160 1.2552 1.4503 1.2514 1.3739 1.4746 1.6337 1.2939 1.3837 
1.2293 1.3530 1.5382 1.2319 1.3446 1.4996 1.6997 1.7651 1.2583 1.4400 1.5683 1.7160 1.2552 1.4503 1.2514 1.3739 1.4746 1.6337 1.2939 1.3837 
1.2293 1.3530 1.5382 1.2319 1.3446 1.4996 1.6997 1.7651 1.2583 1.4400 1.5683 1.7160 1.2552 1.4503 1.2514 1.3739 1.4746 1.6337 1.2939 1.3837 
1.2293 1.3530 1.5382 1.2319 1.3446 1.4976 1.6977 1.7631 1.2564 1.4381 1.5664 1.7141 1.2532 1.4484 1.2494 1.3720 1.4727 1.6318 1.2919 1.3817 
1.2293 1.3530 1.5382 1.6933 1.2422 1.4106 1.2454 1.3243 1.3961 1.2506 1.3693 1.5093 1.2552 1.4503 1.2514 1.3739 1.4746 1.6337 1.2939 1.3837 
1.2293 1.3530 1.5382 1.6933 1.2422 1.4106 1.2454 1.3243 1.3961 1.2506 1.3693 1.5093 1.2552 1.4503 1.2514 1.3739 1.4746 1.6337 1.2939 1.3837 
1.2293 1.3530 1.5382 1.6933 1.2422 1.4106 1.2454 1.3243 1.3961 1.2506 1.3693 1.5093 1.2552 1.4503 1.2514 1.3739 1.4746 1.6337 1.2939 1.3837 
1.2293 1.3530 1.5382 1.2319 1.3446 1.4996 1.2454 1.3243 1.3961 1.2506 1.3693 1.5093 1.2552 1.4503 1.2514 1.3739 1.4746 1.6337 1.2939 1.3837 
1.2293 1.3530 1.5382 1.2319 1.3446 1.4996 1.2454 1.3243 1.3961 1.2506 1.3693 1.5093 1.2552 1.4503 1.2514 1.3739 1.4746 1.6337 1.2939 1.3837 
1.2293 1.3530 1.5382 1.2319 1.3446 1.4996 1.2454 1.3243 1.3961 1.2506 1.3693 1.5093 1.2552 1.4503 1.2514 1.3739 1.4746 1.6337 1.2939 1.3837 
1.2293 1.3530 1.5382 1.2319 1.3446 1.4996 1.2454 1.3243 1.3961 1.2506 1.3693 1.5093 1.2552 1.4503 1.2514 1.3739 1.4746 1.6337 1.2939 1.3837 
1.2293 1.3530 1.5382 1.2319 1.3446 1.4996 1.2454 1.3243 1.3961 1.2506 1.3693 1.5093 1.2552 1.4503 1.2325 1.3551 1.4558 1.6149 1.2750 1.3648 
1.2293 1.3530 1.5382 1.2319 1.3446 1.4996 1.2454 1.3243 1.3961 1.2506 1.3693 1.5093 1.2552 1.4503 1.2325 1.3551 1.4558 1.6149 1.2750 1.3648 
1.2293 1.3530 1.5382 1.2319 1.3446 1.4996 1.2454 1.3243 1.3961 1.2389 1.3576 1.4976 1.2435 1.4386 1.2312 1.3538 1.4545 1.6136 1.2737 1.3635 
1.2293 1.3530 1.5382 1.2319 1.3446 1.4996 1.2454 1.3243 1.3961 1.2506 1.3693 1.5093 1.2552 1.4503 1.2514 1.3739 1.2713 1.4535 1.2553 1.3759 
1.2293 1.3530 1.5382 1.2319 1.3446 1.4996 1.2454 1.3243 1.3961 1.2506 1.3693 1.5093 1.2552 1.4503 1.2514 1.3739 1.2713 1.4535 1.2553 1.3759 
1.2293 1.3530 1.5382 1.2319 1.3446 1.4996 1.2454 1.3243 1.3961 1.2506 1.3693 1.5093 1.2552 1.4503 1.2514 1.3739 1.2713 1.4535 1.2553 1.3759 
1.2293 1.3530 1.5382 1.2319 1.3446 1.4996 1.2454 1.3243 1.3961 1.2506 1.3693 1.5093 1.2552 1.4503 1.2514 1.3739 1.2713 1.4535 1.2553 1.3759 
1.2293 1.3530 1.5382 1.2319 1.3446 1.4996 1.2454 1.3243 1.3961 1.2506 1.3693 1.5093 1.2552 1.4503 1.2514 1.3739 1.2713 1.4535 1.2553 1.3759 
1.2293 1.3530 1.5382 1.2319 1.3446 1.4996 1.2454 1.3243 1.3961 1.2506 1.3693 1.5093 1.2552 1.4503 1.2514 1.3739 1.2713 1.4535 1.2553 1.3759 
1.2293 1.3530 1.5382 1.2319 1.3446 1.4996 1.2454 1.3243 1.3961 1.2506 1.3693 1.5093 1.2552 1.4503 1.2514 1.3739 1.2713 1.4535 1.2553 1.3759 
1.2293 1.3530 1.5382 1.2319 1.3446 1.4996 1.2454 1.3243 1.3961 1.2506 1.3693 1.5093 1.2552 1.4503 1.2514 1.3739 1.2713 1.4535 1.2553 1.3759 
1.2293 1.3530 1.2312 1.3863 1.2325 1.4009 1.2454 1.3243 1.3961 1.2506 1.3693 1.5093 1.2552 1.4503 1.2514 1.3739 1.2713 1.4535 1.2553 1.3759 
1.2293 1.3530 1.2312 1.3863 1.2325 1.4009 1.2454 1.3243 1.3961 1.2506 1.3693 1.5093 1.2552 1.4503 1.2514 1.3739 1.2713 1.4535 1.2553 1.3759 
1.2293 1.3530 1.2312 1.3863 1.2325 1.4009 1.2454 1.3243 1.3961 1.2506 1.3693 1.5093 1.2552 1.4503 1.2514 1.3739 1.2713 1.4535 1.2553 1.3759 
1.2293 1.3530 1.2312 1.3863 1.4990 1.2345 1.2358 1.3146 1.3942 1.2506 1.3693 1.5093 1.2552 1.4503 1.2514 1.3739 1.2713 1.4535 1.2553 1.3759 
1.2293 1.3530 1.2312 1.3863 1.4990 1.2345 1.2358 1.3146 1.3942 1.2389 1.3576 1.4976 1.2435 1.4386 1.2397 1.3622 1.2596 1.4418 1.2436 1.3642 
1.2293 1.3530 1.2312 1.3863 1.2325 1.4009 1.2454 1.3243 1.3961 1.2389 1.3576 1.4976 1.2435 1.4386 1.2397 1.3622 1.2596 1.4418 1.2436 1.3642 
1.2293 1.3530 1.2312 1.3863 1.2325 1.4009 1.2454 1.3243 1.3961 1.2389 1.3576 1.4976 1.2435 1.4386 1.2312 1.3538 1.4545 1.2615 1.2351 1.3557 
1.2293 1.3530 1.2312 1.3863 1.2325 1.4009 1.2454 1.3243 1.3961 1.2506 1.3693 1.2442 1.3383 1.2591 1.2514 1.3739 1.4746 1.2816 1.2553 1.3759 
1.2293 1.3530 1.2312 1.3863 1.2325 1.4009 1.2454 1.3243 1.3961 1.2506 1.3693 1.2442 1.3383 1.2591 1.2514 1.3739 1.4746 1.2816 1.2553 1.3759 
1.2293 1.3530 1.2312 1.3863 1.2325 1.4009 1.2454 1.3243 1.3961 1.2506 1.3693 1.2442 1.3383 1.2591 1.2514 1.3739 1.2713 1.4535 1.2553 1.3759 
1.2293 1.3530 1.2312 1.3863 1.2325 1.4009 1.2454 1.3243 1.3961 1.2506 1.3693 1.2442 1.3383 1.2591 1.2514 1.3739 1.2713 1.4535 1.2553 1.3759 
1.2293 1.3530 1.2312 1.3863 1.2325 1.4009 1.2454 1.3243 1.3961 1.2506 1.3693 1.2442 1.3383 1.2591 1.2514 1.3739 1.2713 1.4535 1.2553 1.3759 
1.2293 1.3530 1.2312 1.3863 1.2325 1.4009 1.2454 1.3243 1.3961 1.2506 1.3693 1.2442 1.3383 1.2591 1.2514 1.3739 1.2518 1.4340 1.2358 1.3564 
1.2293 1.3530 1.2312 1.3863 1.2325 1.4009 1.2454 1.3243 1.3961 1.2506 1.3693 1.2442 1.3383 1.2591 1.2514 1.3739 1.2518 1.4340 1.2358 1.3564 
1.2293 1.3530 1.2312 1.3863 1.2325 1.4009 1.2454 1.3243 1.3961 1.2506 1.3693 1.2442 1.3383 1.2591 1.2514 1.3739 1.2518 1.4340 1.2358 1.3564 
1.2293 1.3530 1.2312 1.3863 1.2325 1.4009 1.2454 1.3243 1.3961 1.2506 1.3693 1.2442 1.3383 1.2591 1.2325 1.3551 1.2486 1.4307 1.2325 1.3531 
1.2293 1.3530 1.2312 1.3863 1.2325 1.4009 1.2454 1.3243 1.3961 1.2506 1.3693 1.2442 1.3383 1.2591 1.2514 1.3739 1.2713 1.2527 1.2553 1.3759 
1.2293 1.3530 1.2312 1.3863 1.2325 1.4009 1.2454 1.3243 1.3961 1.2506 1.3693 1.2442 1.3383 1.2591 1.2514 1.3739 1.2713 1.2527 1.2553 1.3759 
1.2293 1.3530 1.2312 1.3863 1.2325 1.4009 1.2454 1.3243 1.3961 1.2506 1.3693 1.2442 1.3383 1.2591 1.2514 1.3739 1.2713 1.2527 1.2553 1.3759 
1.2293 1.3530 1.2312 1.3863 1.2325 1.4009 1.2454 1.3243 1.3961 1.2506 1.3693 1.2442 1.3383 1.2591 1.2514 1.3739 1.2713 1.2527 1.2553 1.3759 
1.2293 1.3530 1.2312 1.3863 1.2325 1.4009 1.2454 1.3243 1.3961 1.2506 1.3693 1.2442 1.3383 1.2591 1.2514 1.3739 1.2713 1.2527 1.2553 1.3759 
1.2293 1.3530 1.2312 1.3863 1.2325 1.4009 1.2454 1.3243 1.3961 1.2506 1.3693 1.2442 1.3383 1.2591 1.2325 1.3551 1.2525 1.2338 1.2364 1.3570 
1.2293 1.3530 1.2312 1.2319 1.3446 1.2345 1.2358 1.3146 1.3942 1.2506 1.3693 1.2442 1.3383 1.2591 1.2514 1.3739 1.2713 1.2527 1.2553 1.3759 
1.2293 1.3530 1.2312 1.2319 1.3446 1.2325 1.2338 1.3127 1.3922 1.2487 1.3674 1.2423 1.3364 1.2571 1.2494 1.3720 1.2694 1.2507 1.2533 1.3739 
1.2293 1.3530 1.2312 1.2319 1.3446 1.2345 1.2358 1.3146 1.2390 1.2410 1.3597 1.2442 1.3384 1.2591 1.2514 1.3739 1.2713 1.2527 1.2553 1.3759 
1.2293 1.3530 1.2312 1.2319 1.3446 1.2345 1.2358 1.3146 1.2390 1.2410 1.3597 1.2442 1.3384 1.2591 1.2514 1.3739 1.2713 1.2527 1.2553 1.3759 
1.2293 1.3530 1.2312 1.2319 1.3446 1.2325 1.2338 1.3127 1.2371 1.2390 1.3577 1.2423 1.3364 1.2571 1.2494 1.3720 1.2694 1.2507 1.2533 1.3739 
1.2293 1.3530 1.2312 1.2319 1.3446 1.2325 1.2338 1.3127 1.2371 1.2390 1.3577 1.2423 1.3364 1.2571 1.2494 1.3720 1.2694 1.2507 1.2533 1.3739 
1.2293 1.3530 1.2312 1.2319 1.3446 1.2325 1.2338 1.3127 1.2371 1.2390 1.3577 1.2423 1.3364 1.2571 1.2319 1.3544 1.2518 1.2332 1.2358 1.3564 
1.2293 1.3530 1.2312 1.2319 1.3446 1.2325 1.2338 1.3127 1.2371 1.2390 1.3577 1.2423 1.3364 1.2571 1.2319 1.3544 1.2518 1.2332 1.2358 1.3564 
1.2293 1.3530 1.2312 1.2319 1.3446 1.2325 1.2338 1.3127 1.2371 1.2390 1.3577 1.2423 1.3364 1.2571 1.2319 1.3544 1.2518 1.2332 1.2358 1.3564 
1.2293 1.3530 1.2312 1.2319 1.3446 1.2325 1.2338 1.3127 1.2293 1.2312 1.3499 1.2345 1.3286 1.2493 1.2312 1.2389 1.3493 1.2396 1.2325 1.3531 
1.2293 1.3530 1.2312 1.2319 1.3446 1.2325 1.2338 1.3127 1.2293 1.2312 1.3499 1.2345 1.3286 1.2493 1.2312 1.2389 1.3493 1.2389 1.2319 1.3525 
1.2293 1.3413 1.2293 1.2299 1.3427 1.2325 1.2338 1.3127 1.2293 1.2312 1.3499 1.2345 1.3286 1.2493 1.2312 1.2389 1.3493 1.2389 1.2319 1.3525 
1.2293 1.3413 1.2293 1.2299 1.3427 1.2325 1.2338 1.3127 1.2293 1.2312 1.3499 1.2345 1.3286 1.2493 1.2312 1.2389 1.3493 1.2396 1.2293 1.3499 
1.2293 1.2312 1.2312 1.2319 1.3446 1.2345 1.2358 1.3146 1.2390 1.2410 1.2436 1.2442 1.3384 1.2591 1.2514 1.2617 1.2520 1.2325 1.2351 1.2377 
1.2293 1.2312 1.2312 1.2319 1.2325 1.2345 1.2358 1.3146 1.2390 1.2410 1.2436 1.2442 1.3384 1.2591 1.2514 1.2617 1.2520 1.2325 1.2351 1.2377 
1.2293 1.2312 1.2312 1.2319 1.2325 1.2345 1.2358 1.3146 1.2390 1.2410 1.2436 1.2442 1.3384 1.2591 1.2514 1.2617 1.2520 1.2325 1.2351 1.2377 
1.2293 1.2312 1.2312 1.2319 1.2325 1.2345 1.2358 1.3146 1.2390 1.2410 1.2436 1.2442 1.2552 1.2494 1.2514 1.2617 1.2520 1.2325 1.2351 1.2377 
1.2293 1.2312 1.2312 1.2319 1.2325 1.2345 1.2358 1.3146 1.2390 1.2410 1.2436 1.2442 1.2552 1.2494 1.2514 1.2617 1.2520 1.2325 1.2351 1.2377 
1.2293 1.2312 1.2312 1.2319 1.2325 1.2345 1.2358 1.3146 1.2390 1.2410 1.2436 1.2442 1.2552 1.2494 1.2514 1.2617 1.2520 1.2325 1.2351 1.2377 
1.2293 1.2312 1.2312 1.2319 1.2325 1.2293 1.2306 1.3094 1.2338 1.2358 1.2384 1.2390 1.2500 1.2442 1.2462 1.2565 1.2468 1.2319 1.2345 1.2371 
1.2293 1.2293 1.2293 1.2299 1.2306 1.2325 1.2338 1.2371 1.2371 1.2390 1.2416 1.2423 1.2532 1.2475 1.2494 1.2597 1.2501 1.2325 1.2351 1.2377 
1.2293 1.2293 1.2293 1.2299 1.2306 1.2325 1.2338 1.2371 1.2371 1.2390 1.2416 1.2423 1.2532 1.2475 1.2494 1.2597 1.2501 1.2325 1.2351 1.2377 
1.2293 1.2293 1.2293 1.2299 1.2306 1.2325 1.2338 1.2371 1.2371 1.2390 1.2416 1.2423 1.2532 1.2475 1.2494 1.2597 1.2501 1.2325 1.2351 1.2377 
1.2293 1.2293 1.2293 1.2299 1.2306 1.2325 1.2338 1.2371 1.2371 1.2390 1.2416 1.2423 1.2532 1.2475 1.2494 1.2597 1.2501 1.2325 1.2351 1.2377 
1.2293 1.2293 1.2293 1.2299 1.2306 1.2325 1.2338 1.2371 1.2371 1.2390 1.2416 1.2423 1.2532 1.2475 1.2494 1.2597 1.2501 1.2325 1.2351 1.2377 
1.2293 1.2293 1.2293 1.2299 1.2306 1.2325 1.2338 1.2371 1.2371 1.2390 1.2416 1.2423 1.2532 1.2475 1.2494 1.2597 1.2501 1.2325 1.2351 1.2377 
1.2293 1.2293 1.2293 1.2299 1.2306 1.2325 1.2338 1.2371 1.2371 1.2390 1.2416 1.2299 1.2409 1.2351 1.2371 1.2474 1.2377 1.2306 1.2332 1.2358 
1.2293 1.2293 1.2293 1.2299 1.2306 1.2325 1.2338 1.2371 1.2371 1.2390 1.2416 1.2299 1.2409 1.2351 1.2371 1.2474 1.2377 1.2306 1.2332 1.2358 
1.2293 1.2293 1.2293 1.2299 1.2306 1.2325 1.2338 1.2371 1.2371 1.2390 1.2416 1.2299 1.2409 1.2351 1.2371 1.2402 1.2306 1.2293 1.2319 1.2293 
1.2293 1.2293 1.2293 1.2299 1.2306 1.2325 1.2293 1.2325 1.2325 1.2345 1.2371 1.2293 1.2293 1.2332 1.2299 1.2389 1.2293 1.2293 1.2319 1.2293 
1.2293 1.2293 1.2293 1.2293 1.2299 1.2293 1.2306 1.2293 1.2293 1.2293 1.2293 1.2293 1.2293 1.2293 1.2293 1.2293 1.2293 1.2299 1.2293 1.2293 
