2.2659 2.3449 2.3942 2.4613 2.5124 2.5913 2.6448 2.7178 2.7607 2.8072 2.8745 3.0173 3.1341 3.2739 3.4117 3.5082 1.9917 2.0202 2.0423 2.1275 
2.2659 2.3449 2.3942 2.4613 2.5124 2.5913 2.6448 2.7178 2.7607 2.8072 2.8745 3.0173 3.1341 3.2739 3.4117 3.5082 1.9917 2.0202 2.0423 2.1275 
2.2659 2.3449 2.3942 2.4613 2.5124 2.5913 2.6448 2.7178 2.7607 2.8072 2.8745 1.8593 1.8946 1.9251 1.9681 2.0437 1.9072 1.9398 1.9688 2.0199 
2.2659 2.3449 2.3942 2.4613 2.5124 2.5913 2.6448 1.7395 1.7651 1.8119 1.8577 1.9299 2.0652 2.2422 2.4125 2.5420 1.9040 1.9366 1.9657 2.0167 
2.2659 2.3449 2.3942 2.4613 2.5124 2.5913 2.6448 1.7395 1.7651 1.8119 1.8577 1.9299 2.0652 2.2422 2.4125 2.5420 1.9040 1.9366 1.9657 2.0167 
2.2659 2.3449 2.3942 2.4561 2.5032 2.5801 2.6275 1.7200 1.7456 1.7924 1.8382 1.9279 2.0633 2.2403 2.4105 2.5401 1.8845 1.9171 1.9462 1.9972 
2.2659 2.3449 1.6215 1.6582 1.7065 1.7921 1.9070 2.0311 2.1677 2.2909 1.7938 1.8243 1.8639 1.9013 1.9556 2.0462 1.8851 1.9262 1.9638 2.0149 
2.2659 2.3449 1.6215 1.6582 1.7065 1.7921 1.9070 2.0311 2.1677 2.2909 1.7938 1.8243 1.8639 1.9013 1.9556 2.0462 1.8851 1.9262 1.9638 2.0149 
2.2659 2.3449 1.6215 1.6582 1.7065 1.7921 1.9070 2.0311 2.1677 2.2909 1.7938 1.8243 1.8639 1.9013 1.9540 2.0269 1.8851 1.9262 1.9638 2.0149 
2.2659 2.3449 1.6215 1.6582 1.7065 1.7921 1.9070 2.0311 2.1677 2.2909 1.3653 1.4461 1.5448 1.6737 1.8478 1.9805 1.2696 1.4556 1.6338 1.8380 
2.2659 2.3449 1.6215 1.6582 1.7065 1.7921 1.9070 2.0311 2.1677 2.2909 1.3653 1.4461 1.5448 1.6737 1.8478 1.9805 1.2696 1.4556 1.6338 1.8380 
1.5703 1.6124 1.6577 1.7429 1.8905 2.0887 2.2036 1.6975 1.7252 1.7782 1.8380 1.9091 2.0464 1.8058 1.8452 1.8759 1.8266 1.8680 1.9056 1.9566 
1.5703 1.6124 1.6577 1.7429 1.8905 2.0887 2.2036 1.6975 1.7252 1.7782 1.8380 1.9091 2.0464 1.8058 1.8452 1.8759 1.8266 1.8680 1.9056 1.9566 
1.5703 1.6124 1.6577 1.6193 1.6698 1.7193 1.7486 1.8720 1.9990 2.1222 1.7820 1.8181 1.8580 1.8994 1.9531 2.0725 1.8803 1.9202 1.9578 2.0089 
1.5703 1.6124 1.6577 1.6193 1.6698 1.7193 1.7486 1.8720 1.9990 2.1222 1.7820 1.8181 1.8580 1.8994 1.9531 2.0725 1.8803 1.9202 1.9578 2.0089 
1.5703 1.6124 1.6577 1.7429 1.2654 1.4251 1.5496 1.6986 1.8121 1.9468 1.3164 1.4281 1.5385 1.7000 1.8722 2.0049 1.2786 1.4569 1.6351 1.8393 
1.5703 1.6124 1.6577 1.7429 1.2654 1.4251 1.5496 1.6986 1.8121 1.9468 1.3164 1.4281 1.5385 1.7000 1.8722 2.0049 1.2786 1.4569 1.6351 1.8393 
1.5703 1.6124 1.6577 1.7429 1.2654 1.4251 1.5496 1.6986 1.8121 1.9468 1.3164 1.4281 1.5385 1.7000 1.8722 2.0049 1.2786 1.4569 1.6351 1.8393 
1.5703 1.6124 1.6577 1.7429 1.2654 1.4251 1.5496 1.6986 1.8121 1.9468 1.3164 1.4281 1.5385 1.7000 1.8722 2.0049 1.2786 1.4569 1.6351 1.8393 
1.5703 1.6124 1.6045 1.6425 1.6970 1.7838 1.8987 1.6923 1.7200 1.7747 1.8375 1.7698 1.8129 1.8527 1.8942 1.9586 1.8543 1.8942 1.9318 1.9829 
1.5703 1.6124 1.6045 1.6425 1.6970 1.7838 1.8987 1.6923 1.7200 1.7747 1.8375 1.7698 1.8129 1.8527 1.8942 1.9586 1.8543 1.8942 1.9318 1.9829 
1.5703 1.6124 1.6577 1.7429 1.2654 1.4251 1.5496 1.6986 1.8121 1.9468 1.3164 1.4281 1.5385 1.2534 1.4275 1.5141 1.2593 1.4531 1.6313 1.8354 
1.5703 1.6124 1.6045 1.6425 1.6970 1.7838 1.8987 1.6923 1.7200 1.7747 1.8375 1.2682 1.3843 1.5286 1.7046 1.8374 1.2773 1.4556 1.6338 1.8380 
1.5703 1.6124 1.6577 1.7429 1.2654 1.4251 1.5496 1.2693 1.3653 1.5193 1.6989 1.2790 1.3952 1.5317 1.7077 1.8405 1.2785 1.4568 1.6350 1.8392 
1.5703 1.6124 1.6577 1.7429 1.2654 1.4251 1.5496 1.2693 1.3653 1.5193 1.6989 1.2790 1.3952 1.5317 1.7077 1.8405 1.2785 1.4568 1.6350 1.8392 
1.5703 1.6124 1.6577 1.7429 1.2654 1.4251 1.5496 1.2693 1.3653 1.5193 1.6989 1.2790 1.3952 1.5317 1.7077 1.8405 1.2785 1.4568 1.6350 1.8392 
1.5703 1.6124 1.6577 1.7429 1.2654 1.4251 1.5496 1.2693 1.3653 1.5193 1.6989 1.2790 1.3932 1.5221 1.6981 1.8309 1.2785 1.4568 1.6350 1.8392 
1.5703 1.6124 1.6577 1.7429 1.2654 1.4251 1.5496 1.2693 1.3653 1.5193 1.6989 1.2608 1.3770 1.5135 1.6895 1.8223 1.2603 1.4386 1.6175 1.8216 
1.5703 1.6124 1.6577 1.7429 1.2654 1.4251 1.5496 1.2693 1.3653 1.5193 1.6989 1.2608 1.3770 1.5135 1.6895 1.8223 1.2603 1.4386 1.6175 1.8216 
1.5703 1.6124 1.6577 1.7429 1.2654 1.4251 1.5496 1.2693 1.3653 1.5193 1.6989 1.2790 1.3952 1.2533 1.4274 1.5140 1.6499 1.2791 1.4342 1.6191 
1.5703 1.6124 1.6577 1.7429 1.2654 1.4251 1.5496 1.2693 1.3653 1.5193 1.2584 1.3855 1.5113 1.2533 1.4274 1.5140 1.6499 1.2791 1.4342 1.6191 
1.5703 1.6124 1.6577 1.7429 1.2654 1.4251 1.5496 1.2693 1.3653 1.5193 1.2584 1.3855 1.5113 1.2533 1.4274 1.5140 1.6499 1.2791 1.4342 1.6191 
1.2293 1.3927 1.5413 1.2531 1.3757 1.5778 1.6830 1.2886 1.3692 1.5213 1.2584 1.3855 1.5113 1.2533 1.4274 1.5140 1.6499 1.2791 1.4342 1.6191 
1.2293 1.3927 1.5413 1.2531 1.3757 1.5778 1.6830 1.2886 1.3692 1.5213 1.2584 1.3855 1.5113 1.2533 1.4274 1.5140 1.6499 1.2791 1.4342 1.6191 
1.2293 1.3927 1.5413 1.2531 1.3757 1.5778 1.6830 1.2886 1.3692 1.5213 1.2584 1.3855 1.5113 1.2533 1.4274 1.5140 1.6499 1.2791 1.4342 1.6191 
1.2293 1.3927 1.5413 1.2531 1.3757 1.5778 1.6830 1.2886 1.3692 1.5213 1.2584 1.3855 1.5113 1.2533 1.4274 1.5140 1.6499 1.2791 1.4342 1.6191 
1.2293 1.3927 1.5413 1.2531 1.3757 1.5778 1.6830 1.2886 1.3692 1.5213 1.2584 1.3855 1.5113 1.2533 1.4274 1.5140 1.6499 1.2791 1.4342 1.6191 
1.2293 1.3927 1.5413 1.6779 1.2582 1.4179 1.5425 1.2621 1.3582 1.5122 1.2513 1.3784 1.5041 1.2462 1.4203 1.5068 1.6428 1.2720 1.4271 1.6119 
1.5703 1.6124 1.6577 1.6005 1.2654 1.4251 1.5496 1.2693 1.3653 1.5193 1.2584 1.3855 1.5113 1.2533 1.4274 1.5140 1.6499 1.2791 1.4342 1.6191 
1.5703 1.6124 1.6577 1.6005 1.2654 1.4251 1.5496 1.2693 1.3653 1.5193 1.2584 1.3855 1.5113 1.2533 1.4274 1.5140 1.6499 1.2791 1.4342 1.6191 
1.5703 1.6124 1.6045 1.6425 1.2461 1.4212 1.5380 1.2693 1.3653 1.5193 1.2584 1.3855 1.5113 1.2533 1.4274 1.5140 1.6499 1.2791 1.4342 1.6191 
1.2293 1.3927 1.5413 1.5959 1.2608 1.4205 1.5451 1.2647 1.3608 1.5148 1.2539 1.3810 1.5067 1.2488 1.4229 1.5094 1.6454 1.2746 1.4297 1.6145 
1.2293 1.3927 1.5413 1.5959 1.2608 1.4205 1.5451 1.2647 1.3608 1.5148 1.2539 1.3810 1.5067 1.2488 1.4229 1.5094 1.6454 1.2746 1.4297 1.6145 
1.2293 1.2306 1.3599 1.4965 1.2486 1.4160 1.5328 1.2621 1.3582 1.5122 1.2513 1.3784 1.5041 1.2462 1.4203 1.5068 1.6332 1.2720 1.4271 1.6119 
1.2293 1.2306 1.3599 1.4965 1.2486 1.4160 1.5328 1.2621 1.3582 1.5122 1.2513 1.3784 1.5041 1.2462 1.4203 1.5068 1.6332 1.2720 1.4271 1.6119 
1.2293 1.2306 1.3599 1.4965 1.2486 1.4160 1.5328 1.2621 1.3582 1.5122 1.2513 1.3784 1.5041 1.2462 1.4203 1.5068 1.6332 1.2720 1.4271 1.6119 
1.2293 1.2306 1.3599 1.4965 1.2486 1.4160 1.5328 1.2621 1.3582 1.5122 1.2513 1.3784 1.5041 1.2462 1.4203 1.5068 1.2520 1.4458 1.2553 1.4324 
1.2293 1.2306 1.3599 1.4965 1.2486 1.4160 1.5328 1.2621 1.3582 1.5122 1.2513 1.3784 1.5041 1.2462 1.4203 1.5068 1.2520 1.4458 1.2553 1.4324 
1.2293 1.2306 1.3599 1.4965 1.2486 1.4160 1.5328 1.2621 1.3582 1.5122 1.2513 1.3784 1.5041 1.2462 1.4203 1.5068 1.2520 1.4458 1.2553 1.4324 
1.2293 1.2306 1.3599 1.4965 1.2486 1.4160 1.5328 1.2621 1.3582 1.5122 1.2513 1.3784 1.5041 1.2462 1.4203 1.5068 1.2520 1.4458 1.2553 1.4324 
1.2293 1.2306 1.3599 1.4965 1.2486 1.4160 1.5328 1.2621 1.3582 1.5122 1.2513 1.3784 1.5041 1.2462 1.4203 1.5068 1.2520 1.4458 1.2553 1.4324 
1.2293 1.2306 1.3599 1.4965 1.2486 1.4160 1.5328 1.2621 1.3582 1.5122 1.2513 1.3784 1.5041 1.2462 1.4203 1.5068 1.2520 1.4458 1.2553 1.4324 
1.2293 1.2306 1.3599 1.4965 1.2486 1.4160 1.5328 1.2621 1.3582 1.5122 1.2513 1.3784 1.5041 1.2462 1.4203 1.5068 1.2520 1.4458 1.2553 1.4324 
1.2293 1.2306 1.3599 1.4965 1.2486 1.4160 1.5328 1.2621 1.3582 1.5122 1.2513 1.3784 1.5041 1.2462 1.4203 1.5068 1.2520 1.4458 1.2553 1.4324 
1.2293 1.2306 1.3599 1.4965 1.2486 1.4160 1.5309 1.2621 1.3582 1.5122 1.2513 1.3784 1.5041 1.2462 1.4203 1.5068 1.2520 1.4458 1.2553 1.4324 
1.2293 1.2306 1.3599 1.2435 1.3737 1.2474 1.4201 1.2500 1.3614 1.5154 1.2584 1.3855 1.5113 1.2533 1.4274 1.5140 1.2592 1.4530 1.2624 1.4396 
1.2293 1.2306 1.3599 1.2435 1.3737 1.2474 1.4201 1.2500 1.3614 1.5154 1.2584 1.3855 1.5113 1.2533 1.4274 1.5140 1.2592 1.4530 1.2624 1.4396 
1.2293 1.2306 1.3599 1.2435 1.3737 1.2474 1.4201 1.2500 1.3614 1.5154 1.2584 1.3855 1.5113 1.2533 1.4274 1.5140 1.2592 1.4530 1.2624 1.4396 
1.2293 1.2306 1.3599 1.4965 1.2486 1.4160 1.2312 1.3879 1.4859 1.2474 1.2416 1.3764 1.5022 1.2462 1.4203 1.5068 1.2520 1.4458 1.2553 1.4324 
1.2293 1.2306 1.3599 1.4965 1.2486 1.4160 1.2312 1.3879 1.4859 1.2474 1.2416 1.3764 1.5022 1.2462 1.4203 1.5068 1.2520 1.4458 1.2553 1.4324 
1.2293 1.2306 1.3599 1.4965 1.2486 1.4160 1.2312 1.3879 1.4859 1.2474 1.2312 1.3660 1.4918 1.2358 1.4099 1.4964 1.2416 1.4354 1.2455 1.4227 
1.2293 1.2306 1.3599 1.4965 1.2486 1.4160 1.2312 1.3879 1.4859 1.2474 1.2312 1.3660 1.4918 1.2358 1.4099 1.4964 1.2416 1.4354 1.2455 1.4227 
1.2293 1.2306 1.3599 1.4965 1.2486 1.4160 1.2312 1.3879 1.4859 1.2402 1.2293 1.3641 1.4898 1.2338 1.4079 1.4945 1.2397 1.4335 1.2436 1.4207 
1.2293 1.2306 1.3599 1.2435 1.3737 1.2474 1.4201 1.2500 1.3614 1.2449 1.2488 1.3836 1.2520 1.4117 1.2553 1.3495 1.2592 1.4626 1.2624 1.4396 
1.2293 1.2306 1.3599 1.2435 1.3737 1.2474 1.4201 1.2500 1.3614 1.2449 1.2488 1.3836 1.2520 1.4117 1.2553 1.3495 1.2592 1.4626 1.2624 1.4396 
1.2293 1.2306 1.3599 1.2435 1.3737 1.2474 1.4201 1.2500 1.3614 1.2449 1.2488 1.3836 1.2520 1.4117 1.2553 1.3495 1.2592 1.4626 1.2624 1.4396 
1.2293 1.2306 1.3599 1.2435 1.3737 1.2474 1.4201 1.2500 1.3614 1.2449 1.2488 1.3836 1.2520 1.4117 1.2553 1.3495 1.2592 1.4626 1.2624 1.4396 
1.2293 1.2306 1.3599 1.2435 1.3737 1.2474 1.4201 1.2500 1.3614 1.2449 1.2488 1.3836 1.2520 1.4117 1.2332 1.3274 1.2371 1.4405 1.2410 1.4181 
1.2293 1.2306 1.3599 1.2435 1.3737 1.2474 1.4201 1.2500 1.3614 1.2449 1.2488 1.3836 1.2520 1.4117 1.2332 1.3274 1.2371 1.4405 1.2410 1.4181 
1.2293 1.2306 1.3599 1.2435 1.3737 1.2474 1.4201 1.2500 1.3614 1.2449 1.2488 1.3836 1.2520 1.4117 1.2332 1.3274 1.2371 1.4405 1.2410 1.4181 
1.2293 1.2306 1.3599 1.2435 1.3737 1.2474 1.4201 1.2500 1.3614 1.2449 1.2488 1.3836 1.2520 1.4117 1.2332 1.3274 1.2293 1.4327 1.2332 1.4103 
1.2293 1.2306 1.3599 1.2435 1.3737 1.2474 1.4201 1.2500 1.3614 1.2449 1.2488 1.3836 1.2520 1.4117 1.2332 1.3274 1.2293 1.4327 1.2332 1.4103 
1.2293 1.2306 1.3599 1.2435 1.3737 1.2474 1.4201 1.2500 1.3614 1.2449 1.2488 1.3836 1.2520 1.4117 1.2332 1.3274 1.2371 1.2377 1.4128 1.2519 
1.2293 1.2306 1.3599 1.2435 1.3737 1.2474 1.4201 1.2500 1.3614 1.2449 1.2488 1.3836 1.2520 1.4117 1.2332 1.3274 1.2371 1.2377 1.4128 1.2519 
1.2293 1.2306 1.3599 1.2435 1.3737 1.2474 1.4201 1.2500 1.3614 1.2449 1.2488 1.3836 1.2325 1.3922 1.2358 1.3300 1.2397 1.2403 1.4154 1.2545 
1.2293 1.2306 1.3599 1.2435 1.3737 1.2474 1.4082 1.2422 1.3536 1.2371 1.2410 1.3758 1.2442 1.4039 1.2312 1.3255 1.2351 1.2358 1.4108 1.2500 
1.2293 1.2306 1.3599 1.2435 1.3737 1.2474 1.4082 1.2422 1.3536 1.2371 1.2410 1.3758 1.2442 1.4039 1.2475 1.3417 1.2514 1.2520 1.2546 1.2656 
1.2293 1.2306 1.3599 1.2435 1.3737 1.2474 1.2306 1.2325 1.3517 1.2371 1.2410 1.3758 1.2442 1.4039 1.2475 1.3417 1.2514 1.2520 1.2546 1.2656 
1.2293 1.2306 1.3599 1.2435 1.3737 1.2474 1.2306 1.2325 1.3517 1.2371 1.2410 1.3758 1.2312 1.3909 1.2345 1.3287 1.2384 1.2390 1.2423 1.2532 
1.2293 1.2306 1.3599 1.2435 1.3737 1.2474 1.2306 1.2325 1.3517 1.2371 1.2410 1.3758 1.2312 1.3909 1.2345 1.3287 1.2384 1.2390 1.2423 1.2532 
1.2293 1.2306 1.3599 1.2435 1.3737 1.2474 1.2306 1.2325 1.3517 1.2371 1.2410 1.3758 1.2312 1.2325 1.2345 1.3287 1.2384 1.2390 1.2423 1.2532 
1.2293 1.2306 1.3599 1.2435 1.3737 1.2474 1.2306 1.2325 1.3517 1.2371 1.2410 1.3758 1.2312 1.2325 1.2345 1.3287 1.2384 1.2390 1.2423 1.2532 
1.2293 1.2306 1.3599 1.2435 1.3737 1.2474 1.2306 1.2325 1.3517 1.2371 1.2306 1.3654 1.2293 1.2306 1.2325 1.3268 1.2364 1.2371 1.2403 1.2513 
1.2293 1.2306 1.3599 1.2435 1.2364 1.2377 1.2384 1.2403 1.3595 1.2449 1.2319 1.2332 1.3493 1.2351 1.2371 1.3313 1.2410 1.2416 1.2449 1.2558 
1.2293 1.2306 1.3599 1.2435 1.2364 1.2377 1.2384 1.2403 1.3595 1.2449 1.2319 1.2332 1.3493 1.2351 1.2371 1.3313 1.2410 1.2416 1.2449 1.2558 
1.2293 1.2306 1.2325 1.2338 1.2364 1.2377 1.2306 1.2325 1.3517 1.2371 1.2306 1.2319 1.3480 1.2351 1.2371 1.3313 1.2410 1.2416 1.2449 1.2558 
1.2293 1.2306 1.2325 1.2338 1.2364 1.2377 1.2306 1.2325 1.3517 1.2371 1.2306 1.2319 1.3480 1.2338 1.2358 1.3300 1.2397 1.2403 1.2436 1.2545 
1.2293 1.2306 1.2325 1.2338 1.2364 1.2377 1.2384 1.2403 1.2306 1.2338 1.2377 1.2390 1.2306 1.2319 1.2338 1.3281 1.2377 1.2384 1.2416 1.2526 
1.2293 1.2306 1.2325 1.2338 1.2364 1.2377 1.2384 1.2403 1.2306 1.2338 1.2377 1.2390 1.2306 1.2319 1.2338 1.3281 1.2377 1.2384 1.2416 1.2526 
1.2293 1.2306 1.2325 1.2338 1.2364 1.2377 1.2384 1.2403 1.2306 1.2338 1.2299 1.2312 1.2293 1.2306 1.2325 1.3268 1.2364 1.2371 1.2403 1.2513 
1.2293 1.2306 1.2325 1.2338 1.2364 1.2377 1.2384 1.2403 1.2306 1.2338 1.2377 1.2390 1.2410 1.2423 1.2442 1.2475 1.2481 1.2488 1.2514 1.2623 
1.2293 1.2306 1.2325 1.2338 1.2364 1.2377 1.2384 1.2403 1.2306 1.2338 1.2377 1.2390 1.2410 1.2423 1.2442 1.2475 1.2481 1.2488 1.2514 1.2623 
1.2293 1.2306 1.2325 1.2338 1.2364 1.2377 1.2384 1.2403 1.2306 1.2338 1.2377 1.2390 1.2410 1.2423 1.2442 1.2475 1.2481 1.2488 1.2514 1.2623 
1.2293 1.2306 1.2325 1.2338 1.2364 1.2377 1.2384 1.2403 1.2306 1.2338 1.2377 1.2390 1.2410 1.2423 1.2442 1.2475 1.2481 1.2488 1.2514 1.2623 
1.2293 1.2306 1.2325 1.2338 1.2364 1.2377 1.2384 1.2403 1.2306 1.2338 1.2377 1.2390 1.2410 1.2423 1.2442 1.2475 1.2481 1.2488 1.2514 1.2623 
1.2293 1.2306 1.2325 1.2338 1.2364 1.2377 1.2384 1.2403 1.2306 1.2338 1.2377 1.2390 1.2410 1.2423 1.2442 1.2475 1.2481 1.2488 1.2514 1.2623 
1.2293 1.2306 1.2325 1.2338 1.2364 1.2377 1.2384 1.2403 1.2306 1.2338 1.2377 1.2390 1.2410 1.2423 1.2442 1.2475 1.2481 1.2488 1.2306 1.2415 
1.2293 1.2306 1.2325 1.2338 1.2364 1.2377 1.2384 1.2403 1.2306 1.2338 1.2377 1.2390 1.2306 1.2319 1.2338 1.2371 1.2377 1.2384 1.2293 1.2402 
1.2293 1.2306 1.2325 1.2338 1.2364 1.2293 1.2299 1.2319 1.2293 1.2325 1.2299 1.2312 1.2293 1.2306 1.2325 1.2358 1.2364 1.2371 1.2293 1.2402 
1.2293 1.2306 1.2293 1.2293 1.2293 1.2306 1.2299 1.2293 1.2293 1.2299 1.2293 1.2293 1.2293 1.2306 1.2293 1.2293 1.2293 1.2293 1.2293 1.2293 
