2.1923 2.3753 2.4863 2.6390 2.7653 2.9471 3.0906 1.3375 1.4092 1.4940 1.6518 1.7776 1.9144 2.0272 2.2588 2.3999 2.5377 2.7232 2.8628 3.0518 
2.1923 2.3753 2.4863 2.6390 2.7653 2.9471 3.0906 1.3375 1.4092 1.4940 1.6518 1.7776 1.9144 2.0272 2.2588 2.3999 2.5377 2.7232 2.8628 3.0518 
2.1923 2.3753 2.4863 2.6390 2.7653 2.9471 3.0906 1.3375 1.4092 1.4940 1.6518 1.7776 1.9144 2.0272 2.2588 2.3999 2.5377 2.7232 2.8628 3.0518 
2.1923 2.3753 2.4863 2.6390 1.2724 1.3969 1.5156 1.6335 1.7574 1.8692 2.0406 2.1432 2.3087 2.4215 1.4078 1.5181 1.6116 1.7257 1.8881 2.0961 
2.1923 2.3753 2.4863 2.6390 1.2724 1.3969 1.5156 1.6335 1.7574 1.8692 2.0406 2.1432 2.3087 2.4215 1.4078 1.5181 1.6116 1.7257 1.8881 2.0961 
2.1923 2.3753 2.4863 2.6390 1.2724 1.3969 1.5156 1.6335 1.7574 1.8692 2.0406 2.1432 2.3087 2.4215 1.4078 1.5181 1.6116 1.7257 1.8881 2.0961 
2.1923 2.3753 1.2602 1.3840 1.4989 1.6445 1.7612 1.3085 1.3900 1.4748 1.6326 1.7584 1.9106 2.0234 1.3402 1.4600 1.5536 1.7139 1.8763 2.0843 
1.2293 1.3872 1.4694 1.6182 1.7445 1.9167 2.0313 1.3375 1.4092 1.4940 1.6518 1.7776 1.9144 2.0272 1.3402 1.4600 1.5536 1.7139 1.8763 2.0843 
1.2293 1.3872 1.4694 1.6182 1.7445 1.9167 2.0313 1.3375 1.4092 1.4940 1.6518 1.7776 1.9144 2.0272 1.3402 1.4600 1.5536 1.7139 1.8763 2.0843 
1.2293 1.3872 1.4694 1.6182 1.7445 1.9167 2.0313 1.3375 1.4092 1.4940 1.6518 1.7776 1.9144 2.0272 1.3402 1.4600 1.5536 1.7139 1.8763 2.0843 
1.2293 1.3872 1.4694 1.6182 1.7445 1.9167 2.0313 1.3375 1.4092 1.4940 1.6518 1.7776 1.9144 2.0272 1.3402 1.4543 1.5478 1.6850 1.8474 2.0458 
1.2293 1.3872 1.4694 1.6182 1.7445 1.9167 2.0313 1.3375 1.4092 1.4940 1.6518 1.7776 1.9144 2.0272 1.3402 1.4543 1.5478 1.6850 1.8474 2.0458 
1.2293 1.3872 1.4694 1.6182 1.7445 1.9167 2.0313 1.3258 1.3975 1.4823 1.6401 1.7659 1.9028 2.0183 1.3278 1.4419 1.5355 1.6727 1.8351 2.0341 
1.2293 1.3872 1.4694 1.6182 1.7445 1.9167 2.0313 1.3375 1.4092 1.4940 1.6518 1.7776 1.9144 2.0272 1.3402 1.4543 1.5478 1.6850 1.8474 2.0458 
1.2293 1.3872 1.4694 1.6182 1.7445 1.9167 2.0313 1.3375 1.4092 1.4940 1.6518 1.7776 1.3183 1.3848 1.5830 1.7202 1.2553 1.4080 1.5704 1.7687 
1.2293 1.3872 1.4694 1.6182 1.7445 1.9167 2.0120 1.3375 1.4092 1.4940 1.6518 1.7776 1.3183 1.3848 1.5830 1.7202 1.2553 1.4080 1.5704 1.7687 
1.2293 1.3872 1.4694 1.6182 1.7445 1.9167 2.0120 1.3375 1.4092 1.4940 1.6518 1.7776 1.3183 1.3848 1.5830 1.7202 1.2553 1.4080 1.5704 1.7687 
1.2293 1.3872 1.4694 1.6182 1.7445 1.9167 2.0120 1.3375 1.4092 1.4940 1.6518 1.7776 1.3183 1.3848 1.5830 1.7202 1.2553 1.4080 1.5704 1.7687 
1.2293 1.3872 1.4694 1.6182 1.7445 1.2750 1.3937 1.2603 1.3591 1.4535 1.6269 1.7450 1.2990 1.3655 1.5791 1.7163 1.2553 1.4080 1.5704 1.7687 
1.2293 1.3872 1.4694 1.6182 1.7445 1.2750 1.3937 1.2603 1.3591 1.4535 1.6269 1.7450 1.2990 1.3655 1.5791 1.7163 1.2553 1.4080 1.5704 1.7687 
1.2293 1.3872 1.4694 1.6182 1.7445 1.2750 1.3937 1.2603 1.3591 1.4535 1.6269 1.7450 1.2990 1.3655 1.5791 1.7163 1.2553 1.4080 1.5704 1.7687 
1.2293 1.3872 1.4694 1.6182 1.7445 1.2750 1.3937 1.2603 1.3591 1.4535 1.6269 1.7450 1.2990 1.3655 1.5791 1.7163 1.2553 1.4080 1.5704 1.7687 
1.2293 1.3872 1.4694 1.6182 1.7445 1.2750 1.3937 1.2603 1.3591 1.4535 1.6269 1.7450 1.2990 1.3655 1.5791 1.7163 1.2553 1.4080 1.5704 1.7687 
1.2293 1.3872 1.4694 1.6182 1.7445 1.2750 1.3937 1.2603 1.3591 1.4535 1.6269 1.7450 1.2990 1.3655 1.5791 1.7163 1.2553 1.4080 1.5704 1.7687 
1.2293 1.3872 1.4694 1.6182 1.7445 1.2750 1.3937 1.2603 1.3591 1.4535 1.6269 1.7450 1.2990 1.3655 1.5791 1.7163 1.2553 1.4080 1.5704 1.7687 
1.2293 1.3872 1.4694 1.6182 1.7445 1.2750 1.3937 1.2603 1.3591 1.4535 1.6269 1.7450 1.2990 1.3655 1.5791 1.7163 1.2553 1.3694 1.5318 1.7302 
1.2293 1.3872 1.4694 1.6182 1.7445 1.2750 1.3937 1.2603 1.3591 1.4535 1.6269 1.7450 1.2990 1.3655 1.5791 1.7163 1.2553 1.3694 1.5318 1.7302 
1.2293 1.3872 1.4694 1.6182 1.7445 1.2750 1.3937 1.2603 1.3591 1.4535 1.6269 1.7450 1.2990 1.3655 1.5791 1.7163 1.2553 1.3694 1.5318 1.7302 
1.2293 1.3872 1.4694 1.6182 1.7445 1.2750 1.3937 1.2583 1.3571 1.4516 1.6249 1.7430 1.2970 1.3636 1.5771 1.7144 1.2533 1.3675 1.5299 1.7282 
1.2293 1.3872 1.4694 1.6182 1.2724 1.3969 1.5156 1.2796 1.3610 1.4554 1.6288 1.2880 1.3978 1.4798 1.2527 1.3822 1.5239 1.2765 1.4370 1.5949 
1.2293 1.3872 1.4694 1.6182 1.2724 1.3969 1.5156 1.2796 1.3610 1.4554 1.6288 1.2880 1.3978 1.4798 1.2527 1.3822 1.5239 1.2765 1.4370 1.5949 
1.2293 1.3872 1.4694 1.6182 1.2724 1.3969 1.5156 1.2796 1.3610 1.4554 1.6288 1.2880 1.3978 1.4798 1.2527 1.3822 1.5239 1.2765 1.4370 1.5949 
1.2293 1.3872 1.4694 1.6182 1.2724 1.3969 1.5156 1.2796 1.3610 1.4554 1.6288 1.2880 1.3978 1.4798 1.2527 1.3822 1.5239 1.2765 1.4370 1.5949 
1.2293 1.3872 1.4694 1.6182 1.2724 1.3969 1.5156 1.2796 1.3610 1.4554 1.6288 1.2880 1.3978 1.4798 1.2527 1.3822 1.5239 1.2765 1.4370 1.5949 
1.2293 1.3872 1.4694 1.6182 1.2724 1.3969 1.5156 1.2796 1.3610 1.4554 1.6288 1.2880 1.3978 1.4798 1.2527 1.3822 1.5239 1.2765 1.4370 1.5949 
1.2293 1.3872 1.4694 1.6182 1.2724 1.3969 1.5156 1.2796 1.3610 1.4554 1.6288 1.2880 1.3978 1.4798 1.2527 1.3822 1.5239 1.2765 1.4370 1.5949 
1.2293 1.3872 1.4694 1.6182 1.2724 1.3969 1.5156 1.2796 1.3610 1.4554 1.6288 1.2880 1.3978 1.4798 1.2527 1.3822 1.5239 1.2765 1.4370 1.5949 
1.2293 1.3872 1.4694 1.6182 1.2724 1.3969 1.5156 1.2796 1.3610 1.4554 1.2499 1.3891 1.4892 1.5577 1.2435 1.3730 1.5050 1.2577 1.4278 1.5780 
1.2293 1.3872 1.4694 1.6182 1.2724 1.3969 1.5156 1.2796 1.3610 1.4554 1.2499 1.3891 1.4892 1.5577 1.2435 1.3730 1.5050 1.2577 1.4278 1.5780 
1.2293 1.3872 1.4694 1.6182 1.2724 1.3969 1.5156 1.2796 1.3610 1.4554 1.2499 1.3891 1.4892 1.5577 1.2435 1.3730 1.5050 1.2577 1.4278 1.5780 
1.2293 1.3872 1.4694 1.6182 1.2724 1.3969 1.5156 1.2796 1.3610 1.4554 1.2499 1.3891 1.4892 1.5577 1.2435 1.3730 1.5050 1.2577 1.4278 1.5780 
1.2293 1.3872 1.4694 1.6182 1.2724 1.3969 1.5156 1.2796 1.3610 1.4554 1.2499 1.3891 1.4892 1.5577 1.2435 1.3730 1.5050 1.2577 1.4278 1.5780 
1.2293 1.3872 1.4694 1.2718 1.2435 1.3910 1.5097 1.2699 1.3591 1.4535 1.2499 1.3891 1.4892 1.5577 1.2435 1.3730 1.5050 1.2577 1.4278 1.5780 
1.2293 1.3872 1.4694 1.2718 1.2435 1.3910 1.5097 1.2699 1.3591 1.4535 1.2499 1.3891 1.4892 1.5577 1.2435 1.3730 1.5050 1.2577 1.4278 1.5780 
1.2293 1.3872 1.2602 1.3840 1.2531 1.3930 1.5136 1.2796 1.3610 1.4554 1.2499 1.3891 1.4892 1.5577 1.2435 1.3730 1.5050 1.2577 1.4278 1.5780 
1.2293 1.3872 1.2602 1.3840 1.2531 1.3930 1.5136 1.2796 1.3610 1.4554 1.2499 1.3891 1.4892 1.5577 1.2435 1.3730 1.5050 1.2577 1.4278 1.5780 
1.2293 1.3872 1.2602 1.3840 1.2531 1.3930 1.5136 1.2796 1.3610 1.4554 1.2499 1.3891 1.4892 1.5577 1.2435 1.3730 1.5050 1.2577 1.4278 1.5780 
1.2293 1.3872 1.2602 1.3840 1.2531 1.3930 1.5136 1.2796 1.3610 1.4554 1.2499 1.3891 1.4892 1.5577 1.2435 1.3730 1.5050 1.2577 1.4278 1.5780 
1.2293 1.3872 1.2602 1.3840 1.4989 1.2557 1.3841 1.2603 1.3610 1.4555 1.2499 1.3891 1.4892 1.5577 1.2435 1.3730 1.2364 1.3987 1.2500 1.4117 
1.2293 1.3872 1.2602 1.3840 1.4989 1.2557 1.3841 1.2603 1.3610 1.4555 1.2499 1.3891 1.4892 1.5577 1.2435 1.3730 1.2364 1.3987 1.2500 1.4117 
1.2293 1.3872 1.2602 1.3840 1.4989 1.2557 1.3841 1.2603 1.3610 1.4555 1.2499 1.3891 1.4892 1.5577 1.2435 1.3730 1.2364 1.3987 1.2500 1.4117 
1.2293 1.3872 1.2602 1.3840 1.4989 1.2557 1.3841 1.2603 1.3610 1.2462 1.4195 1.2591 1.3765 1.4856 1.2527 1.3822 1.5239 1.2765 1.2592 1.4286 
1.2293 1.3872 1.2602 1.3840 1.4989 1.2557 1.3841 1.2603 1.3610 1.2462 1.4195 1.2591 1.3765 1.4856 1.2527 1.3822 1.5239 1.2765 1.2592 1.4286 
1.2293 1.3872 1.4694 1.2718 1.2435 1.3910 1.5097 1.2699 1.3591 1.2462 1.4195 1.2591 1.3765 1.4856 1.2527 1.3822 1.2553 1.4176 1.2688 1.4305 
1.2293 1.3872 1.2602 1.3840 1.4989 1.2557 1.3841 1.2603 1.3610 1.2462 1.4195 1.2591 1.3765 1.4856 1.2527 1.3822 1.2553 1.4176 1.2688 1.4305 
1.2293 1.3872 1.2602 1.3840 1.4989 1.2557 1.3841 1.2603 1.3610 1.2462 1.4195 1.2591 1.3765 1.4856 1.2527 1.3822 1.2553 1.4176 1.2688 1.4305 
1.2293 1.3872 1.2602 1.3840 1.4989 1.2557 1.3841 1.2603 1.3610 1.2462 1.4195 1.2591 1.3765 1.4856 1.2527 1.3822 1.2553 1.4176 1.2688 1.4305 
1.2293 1.3872 1.2602 1.3840 1.2531 1.3930 1.2583 1.3936 1.4827 1.2423 1.4156 1.2552 1.3726 1.4817 1.2488 1.3783 1.2514 1.4137 1.2649 1.4260 
1.2293 1.3872 1.2602 1.3840 1.2531 1.3930 1.2583 1.3936 1.4827 1.2423 1.4156 1.2552 1.3726 1.4817 1.2488 1.3783 1.2514 1.4137 1.2649 1.4260 
1.2293 1.3872 1.2602 1.3840 1.2531 1.3930 1.2583 1.3936 1.4827 1.2423 1.4156 1.2552 1.3726 1.4817 1.2488 1.3783 1.2514 1.4137 1.2649 1.4260 
1.2293 1.3872 1.2602 1.3840 1.2525 1.3923 1.2577 1.3930 1.4821 1.2416 1.4150 1.2545 1.3720 1.4810 1.2481 1.3777 1.2507 1.4130 1.2643 1.4253 
1.2293 1.3872 1.2595 1.3834 1.2518 1.3917 1.2570 1.3923 1.4814 1.2410 1.4143 1.2539 1.3713 1.4804 1.2475 1.3770 1.2501 1.4124 1.2636 1.4247 
1.2293 1.3872 1.2595 1.3834 1.2518 1.3917 1.2570 1.3923 1.4814 1.2410 1.4143 1.2539 1.3713 1.4804 1.2475 1.3770 1.2501 1.4124 1.2636 1.4247 
1.2293 1.3872 1.2602 1.3840 1.2531 1.3930 1.2583 1.3936 1.2449 1.3483 1.2584 1.2488 1.2501 1.3591 1.2520 1.3816 1.2546 1.4169 1.2682 1.4299 
1.2293 1.3872 1.2602 1.3840 1.2531 1.3930 1.2583 1.3936 1.2449 1.3483 1.2584 1.2488 1.2501 1.3591 1.2520 1.3816 1.2546 1.4169 1.2682 1.4299 
1.2293 1.3872 1.2602 1.3840 1.2531 1.3930 1.2583 1.3936 1.2449 1.3483 1.2584 1.2488 1.2501 1.3591 1.2520 1.3816 1.2546 1.4169 1.2682 1.4299 
1.2293 1.3872 1.2602 1.3840 1.2531 1.3930 1.2583 1.3936 1.2449 1.3483 1.2584 1.2488 1.2501 1.3591 1.2520 1.3816 1.2546 1.4169 1.2682 1.4299 
1.2293 1.3872 1.2602 1.3840 1.2531 1.3930 1.2583 1.3936 1.2449 1.3483 1.2584 1.2488 1.2501 1.3591 1.2520 1.3816 1.2546 1.4169 1.2682 1.4299 
1.2293 1.3872 1.2602 1.3840 1.2531 1.3930 1.2583 1.3936 1.2449 1.3483 1.2584 1.2488 1.2501 1.3591 1.2520 1.3816 1.2546 1.4169 1.2682 1.4299 
1.2293 1.3872 1.2602 1.3840 1.2531 1.3930 1.2583 1.3936 1.2449 1.3483 1.2584 1.2488 1.3739 1.2312 1.2325 1.3621 1.2351 1.3974 1.2487 1.4104 
1.2293 1.3872 1.2602 1.3840 1.2531 1.3930 1.2583 1.3936 1.2449 1.3483 1.2584 1.2488 1.3739 1.2312 1.2325 1.3621 1.2351 1.3974 1.2487 1.4104 
1.2293 1.3872 1.2602 1.3840 1.2531 1.3930 1.2583 1.3936 1.2449 1.3483 1.2584 1.2488 1.3739 1.2312 1.2325 1.3621 1.2351 1.3974 1.2487 1.4104 
1.2293 1.3872 1.2602 1.3840 1.2531 1.3930 1.2583 1.3936 1.2449 1.3483 1.2584 1.2488 1.3739 1.2312 1.2325 1.3621 1.2351 1.3974 1.2396 1.4013 
1.2293 1.3872 1.2602 1.3840 1.2531 1.3930 1.2583 1.3936 1.2449 1.3483 1.2584 1.2488 1.3739 1.2312 1.2325 1.3621 1.2351 1.3974 1.2396 1.4013 
1.2293 1.3872 1.2602 1.3840 1.2531 1.3930 1.2583 1.3936 1.2410 1.3450 1.2552 1.2455 1.3707 1.2299 1.2312 1.3608 1.2338 1.3961 1.2389 1.4006 
1.2293 1.3872 1.2602 1.3840 1.2531 1.3930 1.2583 1.3936 1.2449 1.3483 1.2584 1.2488 1.2501 1.3591 1.2520 1.3816 1.2546 1.2662 1.2585 1.2618 
1.2293 1.3872 1.2602 1.3840 1.2531 1.3930 1.2583 1.3936 1.2449 1.3483 1.2584 1.2488 1.2501 1.3591 1.2520 1.3816 1.2546 1.2662 1.2585 1.2618 
1.2293 1.3872 1.2602 1.3840 1.2531 1.3930 1.2583 1.3936 1.2410 1.3450 1.2552 1.2455 1.3707 1.2299 1.2312 1.3608 1.2338 1.2454 1.2377 1.2416 
1.2293 1.3872 1.2602 1.3840 1.2531 1.2364 1.3648 1.2603 1.3610 1.2462 1.2494 1.2306 1.3557 1.2293 1.2306 1.3601 1.2332 1.2448 1.2371 1.2410 
1.2293 1.3872 1.2602 1.3840 1.2531 1.2364 1.3648 1.2603 1.3610 1.2462 1.2494 1.2306 1.3557 1.2293 1.2306 1.3601 1.2332 1.2448 1.2371 1.2410 
1.2293 1.2499 1.3320 1.2525 1.2338 1.2364 1.3648 1.2603 1.3610 1.2462 1.2494 1.2306 1.3557 1.2293 1.2306 1.3601 1.2332 1.2448 1.2371 1.2410 
1.2293 1.2499 1.3320 1.2486 1.2299 1.2325 1.3609 1.2564 1.3571 1.2423 1.2455 1.2306 1.3557 1.2293 1.2306 1.3601 1.2332 1.2448 1.2371 1.2410 
1.2293 1.2499 1.3320 1.2525 1.2338 1.2364 1.3648 1.2603 1.3610 1.2462 1.2494 1.2306 1.3557 1.2293 1.2306 1.3601 1.2332 1.2448 1.2371 1.2410 
1.2293 1.2499 1.3320 1.2486 1.2299 1.2325 1.3609 1.2564 1.2410 1.3444 1.2545 1.2299 1.3551 1.2293 1.2306 1.3601 1.2332 1.2448 1.2371 1.2410 
1.2293 1.2499 1.3320 1.2486 1.2299 1.2325 1.3609 1.2564 1.3571 1.2423 1.2455 1.2306 1.3557 1.2293 1.2306 1.3601 1.2332 1.2448 1.2371 1.2410 
1.2293 1.2499 1.3320 1.2486 1.2299 1.2325 1.2351 1.2371 1.2410 1.3444 1.2545 1.2449 1.2306 1.3396 1.2325 1.2293 1.2299 1.2415 1.2338 1.2377 
1.2293 1.2499 1.3320 1.2486 1.2299 1.2325 1.2351 1.2371 1.2410 1.3444 1.2545 1.2449 1.2306 1.3396 1.2325 1.2293 1.2299 1.2415 1.2338 1.2377 
1.2293 1.2499 1.3320 1.2486 1.2299 1.2325 1.2351 1.2293 1.2332 1.3366 1.2467 1.2371 1.2384 1.2390 1.2403 1.2306 1.2312 1.2428 1.2351 1.2384 
1.2293 1.2499 1.3320 1.2486 1.2299 1.2325 1.2351 1.2293 1.2332 1.3366 1.2467 1.2371 1.2384 1.2390 1.2403 1.2306 1.2312 1.2428 1.2351 1.2384 
1.2293 1.2499 1.3320 1.2486 1.2299 1.2325 1.2351 1.2371 1.2410 1.2416 1.2299 1.2299 1.2312 1.2319 1.2332 1.2293 1.2299 1.2415 1.2338 1.2377 
1.2293 1.2499 1.2409 1.2389 1.2299 1.2325 1.2351 1.2371 1.2410 1.2416 1.2299 1.2299 1.2312 1.2319 1.2332 1.2293 1.2299 1.2415 1.2338 1.2377 
1.2293 1.2499 1.2409 1.2389 1.2299 1.2325 1.2351 1.2371 1.2410 1.2416 1.2299 1.2299 1.2312 1.2319 1.2332 1.2293 1.2299 1.2415 1.2338 1.2377 
1.2293 1.2499 1.2409 1.2389 1.2299 1.2325 1.2351 1.2371 1.2410 1.2416 1.2299 1.2299 1.2312 1.2319 1.2332 1.2293 1.2299 1.2415 1.2338 1.2377 
1.2293 1.2499 1.2409 1.2389 1.2299 1.2325 1.2351 1.2371 1.2410 1.2416 1.2299 1.2299 1.2312 1.2319 1.2332 1.2293 1.2299 1.2415 1.2338 1.2377 
1.2293 1.2499 1.2409 1.2389 1.2299 1.2325 1.2351 1.2371 1.2410 1.2416 1.2299 1.2299 1.2312 1.2319 1.2332 1.2293 1.2299 1.2415 1.2338 1.2377 
1.2293 1.2499 1.2409 1.2389 1.2299 1.2325 1.2351 1.2371 1.2410 1.2416 1.2299 1.2299 1.2312 1.2319 1.2332 1.2293 1.2299 1.2415 1.2338 1.2377 
1.2293 1.2499 1.2409 1.2389 1.2299 1.2325 1.2351 1.2371 1.2410 1.2416 1.2299 1.2299 1.2312 1.2319 1.2332 1.2293 1.2299 1.2415 1.2338 1.2377 
1.2293 1.2499 1.2409 1.2389 1.2299 1.2325 1.2351 1.2371 1.2410 1.2416 1.2299 1.2299 1.2312 1.2319 1.2332 1.2293 1.2299 1.2415 1.2338 1.2377 
1.2293 1.2293 1.2299 1.2389 1.2299 1.2325 1.2351 1.2371 1.2410 1.2416 1.2299 1.2299 1.2312 1.2319 1.2332 1.2293 1.2299 1.2415 1.2338 1.2377 
1.2293 1.2293 1.2293 1.2389 1.2299 1.2293 1.2319 1.2293 1.2293 1.2293 1.2293 1.2293 1.2306 1.2293 1.2306 1.2293 1.2299 1.2389 1.2293 1.2293 
