1.5703 1.6186 1.6859 1.7916 1.8955 2.0604 2.1646 2.2526 2.4407 2.6133 2.7134 2.8428 2.9695 3.0399 3.1027 3.1826 3.3181 1.9882 2.0090 2.0357 
1.5703 1.6186 1.6859 1.7916 1.8955 2.0604 2.1646 2.2526 2.4407 1.8071 1.8311 1.8735 1.9046 1.9462 1.9736 2.0231 2.1817 2.2952 2.4220 2.5239 
1.5703 1.6186 1.6859 1.7916 1.8955 2.0508 2.1357 2.2237 2.4118 1.8071 1.8311 1.8735 1.9046 1.9462 1.9736 2.0231 2.1817 2.2952 2.4220 2.5239 
1.5703 1.6186 1.6859 1.7916 1.8955 2.0604 2.1646 2.2526 1.7950 1.8375 1.8617 1.9035 1.9544 1.9948 1.8760 1.8991 1.9451 1.9806 2.0220 2.0625 
1.5703 1.6186 1.6859 1.7916 1.8955 2.0508 2.1357 2.2237 1.7950 1.8375 1.8617 1.9035 1.9544 1.9948 1.8760 1.8991 1.9451 1.9806 2.0220 2.0625 
1.5703 1.6186 1.6859 1.7916 1.8955 2.0508 2.1357 2.2216 1.7755 1.8180 1.8422 1.8840 1.9349 1.9925 1.8565 1.8796 1.9256 1.9611 2.0025 2.0430 
1.5703 1.6186 1.6859 1.7916 1.6943 1.7301 1.7608 1.7997 1.7540 1.7967 1.8230 1.8685 1.9194 1.9763 1.8472 1.8703 1.9163 1.9531 1.9944 2.0350 
1.5703 1.6186 1.6859 1.7916 1.6943 1.7301 1.7608 1.7997 1.7540 1.7967 1.8230 1.8685 1.9194 1.9763 1.8472 1.8703 1.9163 1.9531 1.9944 2.0350 
1.5703 1.6186 1.6859 1.6600 1.7089 1.7429 1.7743 1.8213 1.7558 1.7984 1.8230 1.8685 1.9194 1.9763 1.8472 1.8703 1.9163 1.9531 1.9929 2.0335 
1.5703 1.6186 1.6859 1.7916 1.6943 1.7301 1.7608 1.7997 1.2571 1.4490 1.5426 1.6855 1.8074 1.9106 1.3132 1.3989 1.5343 1.6605 1.8163 1.9606 
1.5703 1.6186 1.6859 1.7916 1.6943 1.7301 1.7608 1.7997 1.2571 1.4490 1.5426 1.6855 1.8074 1.9106 1.3132 1.3989 1.5343 1.6605 1.8066 1.9509 
1.5703 1.6186 1.6859 1.6600 1.7089 1.7429 1.7743 1.8213 1.2668 1.4587 1.5426 1.6855 1.8074 1.9106 1.3132 1.3989 1.5343 1.6605 1.8066 1.9509 
1.5703 1.6186 1.6859 1.6600 1.7089 1.7429 1.7743 1.8213 1.2668 1.4587 1.5426 1.6855 1.8074 1.9106 1.3132 1.3989 1.5343 1.6605 1.8066 1.9509 
1.5703 1.6186 1.6859 1.7916 1.6943 1.7301 1.7608 1.7997 1.2571 1.4490 1.5426 1.6855 1.8074 1.9106 1.3132 1.3989 1.5343 1.2971 1.4279 1.5600 
1.5703 1.6186 1.6859 1.7916 1.6943 1.7301 1.7608 1.7997 1.2571 1.4490 1.5426 1.6855 1.3003 1.3842 1.5105 1.5808 1.7393 1.3454 1.4761 1.5986 
1.5703 1.6186 1.6859 1.7916 1.6943 1.7301 1.7608 1.7997 1.2571 1.4490 1.5426 1.6855 1.3003 1.3842 1.5105 1.5808 1.7393 1.3454 1.4761 1.5986 
1.5703 1.6186 1.6859 1.2667 1.3802 1.4841 1.5921 1.6853 1.2674 1.4593 1.5439 1.6869 1.3016 1.3855 1.5118 1.5821 1.7406 1.3467 1.4774 1.5999 
1.5703 1.6186 1.6859 1.2667 1.3802 1.4841 1.5921 1.6853 1.2674 1.4593 1.5439 1.6869 1.3016 1.3855 1.5118 1.5821 1.7406 1.3467 1.4774 1.5999 
1.5703 1.6186 1.6859 1.2667 1.3802 1.4841 1.5921 1.6853 1.2674 1.4593 1.5439 1.6869 1.3016 1.3855 1.5118 1.5821 1.7310 1.3467 1.4774 1.5999 
1.5703 1.6186 1.6859 1.2667 1.3802 1.4841 1.5921 1.6853 1.2505 1.4424 1.5270 1.6699 1.2847 1.3686 1.4949 1.5652 1.7237 1.3304 1.4612 1.5843 
1.5703 1.6186 1.6859 1.2667 1.3802 1.4841 1.5921 1.6853 1.2505 1.4424 1.5270 1.6699 1.2847 1.3686 1.4949 1.5652 1.7237 1.3304 1.4612 1.5843 
1.5703 1.6186 1.6859 1.2667 1.3802 1.4841 1.5921 1.6853 1.2674 1.4593 1.5439 1.6869 1.3016 1.3855 1.2759 1.3712 1.5393 1.2888 1.4195 1.5516 
1.5703 1.6186 1.6859 1.2667 1.3802 1.4841 1.5921 1.6853 1.2674 1.4593 1.5439 1.6869 1.3016 1.3855 1.2759 1.3712 1.5393 1.2888 1.4195 1.5516 
1.5703 1.6186 1.6859 1.2667 1.3802 1.4841 1.5921 1.6853 1.2674 1.4593 1.5439 1.6869 1.3016 1.3855 1.2759 1.3712 1.5393 1.2888 1.4195 1.5516 
1.5703 1.6186 1.6859 1.2667 1.3802 1.4841 1.5921 1.6853 1.2674 1.4593 1.5439 1.6869 1.3016 1.3855 1.2759 1.3712 1.5393 1.2888 1.4195 1.5516 
1.5703 1.6186 1.6469 1.2628 1.3763 1.4802 1.5882 1.6814 1.2635 1.4554 1.5400 1.6830 1.2977 1.3816 1.2720 1.3673 1.5354 1.2849 1.4156 1.5477 
1.5703 1.6186 1.6469 1.2628 1.3763 1.4802 1.5882 1.6793 1.2616 1.4535 1.5381 1.6810 1.2957 1.3796 1.2700 1.3654 1.5335 1.2829 1.4137 1.5458 
1.5703 1.6186 1.6469 1.2628 1.3763 1.4802 1.5882 1.6793 1.2616 1.4535 1.5381 1.6810 1.2957 1.3796 1.2700 1.3654 1.5335 1.2829 1.4137 1.5458 
1.5703 1.6186 1.6469 1.2602 1.3737 1.4776 1.5856 1.6767 1.2590 1.4509 1.5355 1.6784 1.2931 1.2571 1.3834 1.4942 1.6527 1.2996 1.4304 1.5625 
1.5703 1.6186 1.6469 1.2628 1.3763 1.4802 1.2590 1.3404 1.5016 1.2450 1.3373 1.4879 1.2881 1.3720 1.2721 1.3694 1.5375 1.2850 1.4157 1.5478 
1.5703 1.6186 1.6469 1.2628 1.3763 1.4802 1.2590 1.3404 1.5016 1.2450 1.3373 1.4879 1.2881 1.3720 1.2721 1.3694 1.5375 1.2850 1.4157 1.5478 
1.2293 1.3794 1.5263 1.2641 1.3776 1.4822 1.2609 1.3424 1.5036 1.2469 1.3393 1.4899 1.2901 1.3740 1.2740 1.3713 1.5394 1.2869 1.4177 1.5498 
1.2293 1.3794 1.5263 1.2641 1.3776 1.4822 1.2609 1.3424 1.5036 1.2469 1.3393 1.4899 1.2901 1.3740 1.2740 1.3713 1.5394 1.2869 1.4177 1.5498 
1.2293 1.3794 1.5263 1.2641 1.3776 1.4822 1.2609 1.3424 1.5036 1.2469 1.3393 1.4899 1.2901 1.3740 1.2740 1.3713 1.5394 1.2869 1.4177 1.5498 
1.2293 1.3794 1.5263 1.2641 1.3776 1.4822 1.2609 1.3424 1.5036 1.2469 1.3393 1.4899 1.2901 1.3740 1.2740 1.3713 1.5394 1.2869 1.4177 1.5498 
1.2293 1.3794 1.5263 1.2641 1.3776 1.4822 1.2609 1.3424 1.5036 1.2469 1.3393 1.4899 1.2901 1.3740 1.2740 1.3713 1.5394 1.2869 1.4177 1.5498 
1.2293 1.3794 1.5263 1.2641 1.3776 1.4822 1.2609 1.3424 1.5036 1.2469 1.3393 1.4899 1.2901 1.3740 1.2740 1.3713 1.5394 1.2869 1.4177 1.5498 
1.2293 1.3794 1.5263 1.2641 1.3776 1.4822 1.2609 1.3424 1.5036 1.2469 1.3393 1.4899 1.2901 1.3740 1.2740 1.3713 1.5394 1.2869 1.4177 1.5498 
1.2293 1.3794 1.5263 1.2641 1.3776 1.4822 1.2609 1.3424 1.5036 1.2469 1.3393 1.4899 1.2901 1.3740 1.2740 1.3713 1.5394 1.2863 1.4170 1.5491 
1.2293 1.3794 1.5263 1.2641 1.3776 1.4822 1.2492 1.3307 1.4919 1.2352 1.3276 1.4782 1.2784 1.3623 1.2623 1.3596 1.5277 1.2752 1.4060 1.5381 
1.2293 1.3794 1.5263 1.2641 1.3776 1.4822 1.2609 1.3424 1.5036 1.2469 1.3393 1.4899 1.2901 1.3740 1.2526 1.3499 1.5180 1.2661 1.3969 1.5296 
1.2293 1.3794 1.5263 1.2641 1.3776 1.4822 1.2609 1.3424 1.5036 1.2469 1.3393 1.4899 1.2712 1.3551 1.2487 1.3460 1.5141 1.2616 1.3923 1.5251 
1.2293 1.3794 1.5263 1.2641 1.3776 1.4822 1.2609 1.3424 1.5036 1.2469 1.3393 1.4899 1.2712 1.3551 1.2487 1.3460 1.5141 1.2616 1.3923 1.5251 
1.2293 1.3794 1.5263 1.2641 1.3776 1.4822 1.2492 1.3307 1.4919 1.2352 1.3276 1.4782 1.2784 1.3623 1.2500 1.3473 1.5154 1.2622 1.3930 1.5257 
1.2293 1.3794 1.5263 1.2641 1.3776 1.4822 1.2492 1.3307 1.4919 1.2352 1.3276 1.4782 1.2784 1.3623 1.2500 1.3473 1.5154 1.2622 1.3930 1.5257 
1.2293 1.3794 1.2518 1.4187 1.2480 1.3846 1.2506 1.3321 1.5029 1.2463 1.3386 1.4892 1.2706 1.3545 1.2487 1.3460 1.5141 1.2616 1.3923 1.5251 
1.2293 1.3794 1.2518 1.4187 1.2480 1.3846 1.2506 1.3321 1.5029 1.2463 1.3386 1.4892 1.2706 1.3545 1.2487 1.3460 1.5141 1.2609 1.3917 1.5244 
1.2293 1.3794 1.2518 1.4187 1.2480 1.3846 1.2506 1.3321 1.5029 1.2463 1.3386 1.4892 1.2894 1.3733 1.2519 1.3492 1.5173 1.2655 1.3962 1.2391 
1.2293 1.3794 1.2518 1.4187 1.2480 1.3846 1.2506 1.3321 1.5029 1.2463 1.3386 1.4892 1.2706 1.3545 1.2487 1.3460 1.5141 1.2616 1.3923 1.2352 
1.2293 1.3794 1.2518 1.4187 1.2480 1.3846 1.2506 1.3321 1.5029 1.2463 1.3386 1.4892 1.2894 1.3733 1.2734 1.3707 1.2760 1.2573 1.3958 1.2593 
1.2293 1.3794 1.2518 1.4187 1.2480 1.3846 1.2506 1.3321 1.5029 1.2463 1.3386 1.4892 1.2894 1.3733 1.2734 1.3707 1.4721 1.2622 1.3930 1.2359 
1.2293 1.3794 1.2518 1.4187 1.2480 1.3846 1.2389 1.3204 1.4912 1.2346 1.3269 1.4775 1.2777 1.3616 1.2617 1.3590 1.2643 1.2456 1.3841 1.2476 
1.2293 1.3794 1.2518 1.4187 1.2480 1.3846 1.2389 1.3204 1.4912 1.2346 1.3269 1.4775 1.2777 1.3616 1.2617 1.3590 1.2643 1.2456 1.3841 1.2476 
1.2293 1.3794 1.2518 1.4187 1.2480 1.3846 1.2389 1.3204 1.4912 1.2346 1.3269 1.4775 1.2777 1.3616 1.2617 1.3590 1.4701 1.2603 1.3910 1.2339 
1.2293 1.3794 1.2518 1.4187 1.2480 1.3846 1.2506 1.3168 1.4800 1.2332 1.3255 1.4761 1.2763 1.3602 1.2603 1.3575 1.2629 1.2442 1.3827 1.2462 
1.2293 1.3794 1.2518 1.4187 1.2480 1.3846 1.2506 1.3321 1.2455 1.2462 1.3385 1.2584 1.3881 1.4720 1.2733 1.3686 1.2759 1.2572 1.3957 1.2592 
1.2293 1.3794 1.2518 1.4187 1.2480 1.3846 1.2506 1.3321 1.2455 1.2462 1.3385 1.2584 1.3881 1.4720 1.2733 1.3686 1.2759 1.2572 1.3957 1.2592 
1.2293 1.3794 1.2486 1.4154 1.2448 1.3814 1.2474 1.3288 1.2423 1.2429 1.3353 1.2552 1.3848 1.4687 1.2700 1.3654 1.2726 1.2540 1.3924 1.2559 
1.2293 1.3794 1.2518 1.4187 1.2480 1.3846 1.2506 1.3321 1.2455 1.2462 1.3385 1.2584 1.2604 1.3539 1.2636 1.3686 1.2759 1.2572 1.3957 1.2592 
1.2293 1.3794 1.2518 1.4187 1.2480 1.3846 1.2506 1.3321 1.2455 1.2462 1.3385 1.2584 1.2604 1.3539 1.2636 1.3686 1.2759 1.2572 1.3957 1.2592 
1.2293 1.3794 1.2518 1.4187 1.2480 1.3846 1.2506 1.3321 1.2455 1.2462 1.3385 1.2584 1.2604 1.3539 1.2636 1.3686 1.2759 1.2572 1.3957 1.2592 
1.2293 1.3794 1.2518 1.4187 1.2480 1.3846 1.2506 1.3321 1.2455 1.2462 1.3385 1.2584 1.2604 1.3539 1.2636 1.3686 1.2759 1.2572 1.3957 1.2592 
1.2293 1.3794 1.2518 1.4187 1.2480 1.3846 1.2506 1.3321 1.2455 1.2462 1.3385 1.2584 1.2604 1.3539 1.2636 1.3686 1.2759 1.2572 1.3957 1.2592 
1.2293 1.3794 1.2518 1.4187 1.2480 1.3846 1.2506 1.3321 1.2455 1.2462 1.3385 1.2584 1.2604 1.3539 1.2636 1.3686 1.2759 1.2572 1.3957 1.2592 
1.2293 1.3794 1.2518 1.4187 1.2480 1.3846 1.2506 1.3321 1.2455 1.2462 1.3385 1.2584 1.2604 1.3539 1.2636 1.3686 1.2518 1.2332 1.3716 1.2358 
1.2293 1.3794 1.2486 1.4154 1.2448 1.3814 1.2474 1.3288 1.2423 1.2429 1.3353 1.2552 1.2571 1.3507 1.2604 1.3654 1.2726 1.2540 1.3924 1.2559 
1.2293 1.3794 1.2518 1.2448 1.2384 1.3827 1.2410 1.3224 1.2455 1.2462 1.3385 1.2584 1.2604 1.3539 1.2636 1.3686 1.2759 1.2572 1.3957 1.2592 
1.2293 1.3794 1.2518 1.2448 1.2384 1.3827 1.2410 1.3224 1.2455 1.2462 1.3385 1.2584 1.2604 1.3539 1.2636 1.3686 1.2759 1.2572 1.3957 1.2592 
1.2293 1.3794 1.2518 1.2448 1.2384 1.3827 1.2410 1.3224 1.2455 1.2462 1.3385 1.2584 1.2604 1.3539 1.2636 1.3686 1.2759 1.2572 1.3957 1.2592 
1.2293 1.3794 1.2518 1.2448 1.2384 1.3827 1.2410 1.3224 1.2455 1.2462 1.3385 1.2584 1.2604 1.3539 1.2636 1.3686 1.2518 1.2332 1.3716 1.2358 
1.2293 1.3794 1.2518 1.2448 1.2384 1.3827 1.2410 1.3224 1.2455 1.2462 1.3385 1.2584 1.2604 1.3539 1.2636 1.3686 1.2518 1.2332 1.3716 1.2358 
1.2293 1.3794 1.2518 1.2448 1.2384 1.3827 1.2410 1.3224 1.2455 1.2462 1.3385 1.2584 1.2604 1.3539 1.2636 1.3686 1.2518 1.2332 1.3716 1.2358 
1.2293 1.3794 1.2518 1.2389 1.2325 1.3768 1.2351 1.3166 1.2397 1.2403 1.3327 1.2526 1.2545 1.3481 1.2578 1.3628 1.2505 1.2319 1.3703 1.2345 
1.2293 1.3794 1.2518 1.2389 1.2325 1.3768 1.2351 1.3166 1.2397 1.2403 1.3327 1.2526 1.2545 1.3481 1.2578 1.3628 1.2505 1.2319 1.3703 1.2345 
1.2293 1.2402 1.2325 1.2448 1.3583 1.2577 1.2397 1.3211 1.2442 1.2449 1.3372 1.2571 1.2591 1.3526 1.2623 1.3673 1.2518 1.2332 1.3716 1.2358 
1.2293 1.2402 1.2325 1.2448 1.3583 1.2577 1.2397 1.3211 1.2442 1.2449 1.3372 1.2571 1.2591 1.3526 1.2422 1.3472 1.2486 1.2299 1.3684 1.2325 
1.2293 1.2402 1.2325 1.2448 1.3583 1.2577 1.2397 1.3211 1.2442 1.2449 1.3372 1.2571 1.2591 1.3526 1.2422 1.3472 1.2544 1.2358 1.2371 1.2384 
1.2293 1.2402 1.2325 1.2448 1.3583 1.2577 1.2397 1.3211 1.2442 1.2449 1.3372 1.2571 1.2591 1.3526 1.2422 1.3472 1.2544 1.2358 1.2371 1.2384 
1.2293 1.2402 1.2325 1.2448 1.2384 1.2397 1.2410 1.3224 1.2455 1.2462 1.3385 1.2584 1.2604 1.3539 1.2422 1.3472 1.2544 1.2358 1.2371 1.2384 
1.2293 1.2402 1.2325 1.2448 1.2384 1.2397 1.2410 1.3224 1.2455 1.2299 1.3223 1.2422 1.2441 1.3377 1.2389 1.3439 1.2512 1.2325 1.2338 1.2351 
1.2293 1.2402 1.2325 1.2448 1.2384 1.2397 1.2410 1.3224 1.2455 1.2299 1.3223 1.2422 1.2441 1.3377 1.2389 1.3439 1.2512 1.2325 1.2338 1.2351 
1.2293 1.2402 1.2325 1.2448 1.2384 1.2397 1.2410 1.3224 1.2455 1.2299 1.3223 1.2422 1.2441 1.3377 1.2474 1.2293 1.2505 1.2319 1.2332 1.2345 
1.2293 1.2402 1.2325 1.2448 1.2384 1.2397 1.2410 1.3224 1.2455 1.2299 1.3223 1.2422 1.2441 1.3377 1.2474 1.2293 1.2505 1.2319 1.2332 1.2345 
1.2293 1.2402 1.2325 1.2448 1.2384 1.2397 1.2410 1.3224 1.2455 1.2299 1.3223 1.2422 1.2441 1.2293 1.2299 1.2306 1.2518 1.2332 1.2345 1.2358 
1.2293 1.2402 1.2325 1.2448 1.2384 1.2397 1.2410 1.3224 1.2455 1.2299 1.3223 1.2422 1.2441 1.2293 1.2299 1.2306 1.2518 1.2332 1.2345 1.2358 
1.2293 1.2402 1.2325 1.2448 1.2293 1.2306 1.2319 1.3133 1.2364 1.2293 1.3216 1.2415 1.2435 1.2293 1.2299 1.2306 1.2518 1.2332 1.2345 1.2358 
1.2293 1.2402 1.2325 1.2448 1.2293 1.2306 1.2319 1.3133 1.2364 1.2371 1.2384 1.2397 1.2416 1.2306 1.2312 1.2319 1.2531 1.2345 1.2358 1.2371 
1.2293 1.2402 1.2325 1.2448 1.2384 1.2397 1.2410 1.2429 1.2455 1.2462 1.2475 1.2488 1.2507 1.2325 1.2332 1.2338 1.2551 1.2364 1.2377 1.2390 
1.2293 1.2402 1.2325 1.2448 1.2384 1.2397 1.2410 1.2429 1.2455 1.2462 1.2475 1.2488 1.2507 1.2325 1.2332 1.2338 1.2551 1.2364 1.2377 1.2390 
1.2293 1.2402 1.2325 1.2448 1.2384 1.2397 1.2410 1.2429 1.2455 1.2462 1.2475 1.2488 1.2507 1.2325 1.2332 1.2338 1.2551 1.2364 1.2377 1.2390 
1.2293 1.2402 1.2325 1.2448 1.2384 1.2397 1.2410 1.2429 1.2455 1.2462 1.2475 1.2488 1.2507 1.2325 1.2332 1.2338 1.2551 1.2364 1.2377 1.2390 
1.2293 1.2402 1.2325 1.2448 1.2384 1.2397 1.2410 1.2429 1.2455 1.2462 1.2475 1.2488 1.2507 1.2325 1.2332 1.2338 1.2551 1.2364 1.2377 1.2390 
1.2293 1.2402 1.2325 1.2448 1.2384 1.2397 1.2410 1.2429 1.2455 1.2462 1.2475 1.2488 1.2507 1.2325 1.2332 1.2338 1.2551 1.2364 1.2377 1.2390 
1.2293 1.2402 1.2325 1.2448 1.2384 1.2397 1.2410 1.2429 1.2455 1.2462 1.2475 1.2488 1.2507 1.2325 1.2332 1.2338 1.2551 1.2364 1.2377 1.2390 
1.2293 1.2402 1.2325 1.2448 1.2384 1.2397 1.2410 1.2429 1.2455 1.2462 1.2475 1.2488 1.2507 1.2325 1.2332 1.2338 1.2551 1.2364 1.2377 1.2390 
1.2293 1.2402 1.2325 1.2448 1.2384 1.2397 1.2410 1.2429 1.2455 1.2462 1.2475 1.2488 1.2507 1.2325 1.2332 1.2338 1.2551 1.2364 1.2377 1.2390 
1.2293 1.2402 1.2325 1.2448 1.2384 1.2397 1.2410 1.2429 1.2299 1.2306 1.2319 1.2332 1.2351 1.2293 1.2299 1.2293 1.2505 1.2319 1.2332 1.2345 
1.2293 1.2402 1.2325 1.2448 1.2384 1.2397 1.2410 1.2429 1.2299 1.2306 1.2319 1.2332 1.2351 1.2293 1.2299 1.2293 1.2293 1.2299 1.2312 1.2325 
1.2293 1.2389 1.2312 1.2389 1.2293 1.2306 1.2319 1.2338 1.2293 1.2293 1.2306 1.2319 1.2338 1.2293 1.2299 1.2293 1.2293 1.2299 1.2312 1.2299 
1.2293 1.2293 1.2293 1.2293 1.2293 1.2293 1.2293 1.2293 1.2293 1.2293 1.2306 1.2293 1.2293 1.2293 1.2293 1.2293 1.2293 1.2293 1.2293 1.2293 
