2.2612 2.4759 1.6063 1.6635 1.7100 1.9093 2.0519 2.1802 2.2773 2.4004 2.5320 2.6613 2.8195 2.9543 3.0574 1.8962 1.9386 1.9811 2.0502 2.1194 
2.2612 2.4759 2.6415 1.6310 1.6709 1.7259 1.8010 1.9286 2.0352 2.1602 2.2918 2.4211 2.5909 2.7353 2.8384 1.8810 1.9238 1.9606 2.0014 2.0859 
2.2612 2.4759 1.6063 1.6635 1.7100 1.9093 2.0519 2.1802 2.2773 2.4004 1.7682 1.7950 1.8554 1.8778 1.9395 1.8268 1.8701 1.9089 1.9459 2.0457 
1.5703 1.5945 1.6347 1.7425 1.9318 2.1336 1.6992 1.7318 1.7642 1.8170 1.9197 2.0220 2.1570 2.2513 2.3660 1.8507 1.8938 1.9306 1.9585 2.0618 
1.5703 1.5945 1.6347 1.7425 1.9318 2.1336 1.6992 1.7318 1.7642 1.8170 1.9197 2.0220 2.1570 2.2513 2.3659 1.8507 1.8938 1.9306 1.9585 2.0618 
1.5703 1.5945 1.6347 1.7425 1.9318 2.1336 1.6992 1.7318 1.7642 1.8170 1.9197 1.7525 1.8036 1.8290 1.8510 1.8022 1.8468 1.8874 1.9292 2.0345 
1.5703 1.5945 1.6347 1.7425 1.9318 2.1336 1.6992 1.7318 1.7642 1.8170 1.9197 1.7525 1.8036 1.8290 1.8510 1.8022 1.8468 1.8874 1.9292 2.0345 
1.5703 1.5945 1.6347 1.7329 1.9222 2.0854 1.6992 1.7318 1.7642 1.8170 1.9197 1.7525 1.8036 1.8290 1.8510 1.8022 1.8468 1.8874 1.9292 2.0345 
1.2293 1.3511 1.4568 1.6769 1.8661 2.0288 1.4121 1.5480 1.6328 1.7514 1.8534 1.3883 1.5445 1.6330 1.7110 1.3479 1.4717 1.6123 1.7681 1.9695 
1.2293 1.3511 1.4568 1.6769 1.8661 2.0288 1.4121 1.5480 1.6328 1.7514 1.8534 1.3883 1.5445 1.6330 1.7110 1.3479 1.4717 1.6123 1.7681 1.9695 
1.2293 1.3511 1.4568 1.6672 1.8565 2.0191 1.4121 1.5480 1.6328 1.7514 1.8534 1.3883 1.5445 1.6330 1.7110 1.3479 1.4621 1.6026 1.7585 1.9599 
1.2293 1.3511 1.4568 1.2808 1.4238 1.6134 1.7547 1.3355 1.4299 1.5485 1.6698 1.3304 1.4866 1.5847 1.7032 1.2996 1.4620 1.6025 1.7584 1.9598 
1.2293 1.3511 1.4568 1.2808 1.4238 1.6134 1.7547 1.3355 1.4299 1.5485 1.6698 1.3304 1.4866 1.5847 1.7032 1.2996 1.4524 1.5929 1.7487 1.9501 
1.5703 1.5945 1.6347 1.6180 1.6583 1.7152 1.8191 1.6787 1.7128 1.7424 1.7738 1.7160 1.7737 1.8007 1.8294 1.7740 1.8247 1.8653 1.8125 1.8527 
1.5703 1.5945 1.6347 1.6180 1.6583 1.7152 1.8191 1.6787 1.7128 1.7424 1.7738 1.7160 1.7737 1.8007 1.8294 1.7740 1.8247 1.8653 1.8125 1.8527 
1.5703 1.5945 1.6347 1.6180 1.6583 1.7152 1.8191 1.6787 1.7128 1.7424 1.7738 1.7160 1.7737 1.8007 1.8294 1.7740 1.8231 1.8638 1.8125 1.8527 
1.2293 1.3511 1.4568 1.2808 1.4238 1.6134 1.7547 1.3355 1.4299 1.5485 1.6698 1.3304 1.4866 1.5847 1.7032 1.2996 1.4620 1.6025 1.2656 1.4497 
1.2293 1.3511 1.4568 1.2808 1.4238 1.6134 1.7547 1.3355 1.4299 1.5485 1.6698 1.3304 1.4866 1.5847 1.7032 1.2996 1.4620 1.6025 1.2656 1.4497 
1.2293 1.3511 1.4568 1.2808 1.4238 1.6134 1.7547 1.3355 1.4299 1.5485 1.6698 1.3304 1.4866 1.5847 1.7032 1.2996 1.4620 1.6025 1.2656 1.4497 
1.2293 1.3511 1.4568 1.2808 1.4238 1.6134 1.7547 1.3355 1.4299 1.5485 1.6698 1.3304 1.4866 1.5847 1.7032 1.2996 1.4524 1.5929 1.2656 1.4497 
1.2293 1.3511 1.4568 1.2808 1.4238 1.6134 1.7451 1.3355 1.4299 1.5485 1.6698 1.3304 1.4866 1.5847 1.7032 1.2996 1.4524 1.5929 1.2656 1.4497 
1.2293 1.3511 1.4568 1.2808 1.4238 1.6134 1.7451 1.3355 1.4299 1.5485 1.6698 1.3304 1.4866 1.5847 1.7032 1.2996 1.4524 1.5929 1.2656 1.4497 
1.2293 1.3511 1.4568 1.2808 1.4238 1.6134 1.3156 1.4612 1.5556 1.6742 1.3002 1.2629 1.4190 1.5691 1.6896 1.2803 1.4581 1.6006 1.2656 1.4497 
1.2293 1.3511 1.4568 1.2808 1.4238 1.6134 1.3156 1.4612 1.5556 1.6742 1.3002 1.2629 1.4190 1.5691 1.6896 1.2803 1.4581 1.6006 1.2656 1.4497 
1.2293 1.3511 1.4568 1.2808 1.4238 1.6134 1.3156 1.4612 1.5556 1.6742 1.3002 1.2629 1.4190 1.5691 1.6896 1.2803 1.4581 1.6006 1.2656 1.4497 
1.2293 1.3511 1.4568 1.2808 1.4238 1.2654 1.4183 1.2680 1.3721 1.4907 1.6216 1.3015 1.4538 1.5596 1.6781 1.2900 1.4601 1.6025 1.2656 1.4497 
1.2293 1.3511 1.4568 1.2808 1.4238 1.2654 1.4183 1.2680 1.3721 1.4907 1.6216 1.3015 1.4538 1.5596 1.6781 1.2900 1.4504 1.5929 1.2656 1.4497 
1.2293 1.3511 1.4568 1.2808 1.4238 1.2654 1.4183 1.2680 1.3721 1.4907 1.6216 1.3015 1.4538 1.5596 1.6781 1.2900 1.4504 1.5929 1.2656 1.4497 
1.2293 1.3511 1.4568 1.2808 1.4238 1.6134 1.3156 1.2680 1.3720 1.4906 1.6119 1.3015 1.4673 1.5808 1.2777 1.3769 1.2533 1.4054 1.2559 1.4477 
1.2293 1.3511 1.4568 1.2808 1.4238 1.6134 1.3156 1.2680 1.3720 1.4906 1.6119 1.3015 1.4673 1.5808 1.2777 1.3769 1.2533 1.4054 1.2559 1.4477 
1.2293 1.3511 1.4568 1.2808 1.4238 1.6134 1.3156 1.2680 1.3720 1.4906 1.6119 1.3015 1.4673 1.5808 1.2777 1.3769 1.2533 1.4054 1.2559 1.4477 
1.2293 1.3511 1.4568 1.2808 1.4238 1.6134 1.3156 1.2680 1.3720 1.4906 1.6119 1.3015 1.4673 1.5808 1.2777 1.2514 1.4523 1.6044 1.2559 1.4477 
1.2293 1.3511 1.4568 1.2808 1.4238 1.6037 1.3156 1.2680 1.3720 1.4906 1.6119 1.3015 1.4673 1.5808 1.2777 1.3769 1.2533 1.4054 1.2559 1.4477 
1.2293 1.3511 1.4568 1.2808 1.4238 1.6037 1.3078 1.2602 1.3642 1.4834 1.6047 1.2943 1.4601 1.5737 1.2706 1.3697 1.2462 1.3982 1.2488 1.4406 
1.2293 1.3511 1.4568 1.2808 1.4238 1.6037 1.3078 1.2602 1.3642 1.4834 1.6047 1.2943 1.4601 1.5737 1.2706 1.2442 1.4451 1.5972 1.2488 1.4406 
1.2293 1.3511 1.4568 1.2808 1.4238 1.2654 1.4183 1.2680 1.3721 1.2410 1.3893 1.2629 1.4287 1.5730 1.2681 1.3672 1.2533 1.4054 1.2559 1.4477 
1.2293 1.3511 1.4568 1.2808 1.4238 1.2654 1.4183 1.2680 1.3721 1.2410 1.3893 1.2629 1.4287 1.5730 1.2681 1.3672 1.2533 1.4054 1.2559 1.4477 
1.2293 1.3511 1.4568 1.2808 1.4238 1.2654 1.4183 1.2680 1.3721 1.2410 1.3893 1.2629 1.4287 1.5730 1.2681 1.3672 1.2533 1.4054 1.2559 1.4477 
1.2293 1.3511 1.4568 1.2808 1.4238 1.2654 1.4183 1.2680 1.3721 1.2410 1.3893 1.2629 1.4287 1.2512 1.3485 1.4631 1.2467 1.3969 1.2397 1.4315 
1.2293 1.3511 1.4568 1.2808 1.4238 1.2654 1.4183 1.2680 1.3721 1.2410 1.3893 1.2629 1.4287 1.2512 1.3485 1.4631 1.2467 1.3969 1.2397 1.4315 
1.2293 1.3511 1.4568 1.2808 1.4238 1.2654 1.4183 1.2680 1.3721 1.2410 1.3893 1.2629 1.4287 1.2512 1.3485 1.4631 1.2467 1.3969 1.2397 1.4315 
1.2293 1.3511 1.4568 1.2808 1.4238 1.2654 1.4183 1.2680 1.3721 1.2410 1.3893 1.2629 1.4287 1.2512 1.3485 1.4631 1.2467 1.3969 1.2397 1.4315 
1.2293 1.3511 1.4568 1.2808 1.4238 1.2654 1.4183 1.2680 1.3721 1.2410 1.3893 1.2629 1.4287 1.2512 1.3485 1.4631 1.2467 1.3969 1.2397 1.4315 
1.2293 1.3511 1.4568 1.2808 1.4238 1.2654 1.4183 1.2680 1.3721 1.2410 1.3893 1.2629 1.4287 1.2512 1.3485 1.4631 1.2467 1.3969 1.2397 1.4315 
1.2293 1.3511 1.4568 1.2808 1.4238 1.2654 1.4183 1.2680 1.3721 1.2410 1.3893 1.2629 1.4287 1.2512 1.3485 1.4631 1.2467 1.3969 1.2397 1.4315 
1.2293 1.3511 1.4568 1.2808 1.4238 1.2654 1.4183 1.2680 1.3721 1.2410 1.3893 1.2629 1.4287 1.2512 1.3485 1.4631 1.2467 1.3969 1.2397 1.4315 
1.2293 1.3511 1.4568 1.2808 1.4238 1.2654 1.4183 1.2680 1.3721 1.2410 1.3893 1.2629 1.4287 1.2512 1.3485 1.4631 1.2467 1.3969 1.2397 1.4315 
1.2293 1.3511 1.4568 1.2808 1.4238 1.2654 1.4183 1.2680 1.3721 1.2410 1.3893 1.2629 1.4287 1.2512 1.3485 1.4631 1.2467 1.3969 1.2397 1.4315 
1.2293 1.3511 1.4568 1.2808 1.4238 1.2654 1.4183 1.2680 1.3721 1.2410 1.3893 1.2629 1.4287 1.2512 1.3485 1.4631 1.2467 1.3969 1.2397 1.4315 
1.2293 1.3511 1.4568 1.2808 1.4238 1.2654 1.4183 1.2680 1.3721 1.2410 1.3893 1.2629 1.4287 1.2674 1.2488 1.3634 1.2533 1.4054 1.2559 1.4477 
1.2293 1.3511 1.4568 1.2808 1.4238 1.2654 1.4183 1.2680 1.3721 1.2410 1.3893 1.2629 1.4287 1.2674 1.2488 1.3634 1.2533 1.4054 1.2559 1.4477 
1.2293 1.3511 1.4568 1.2808 1.4238 1.2654 1.4183 1.2595 1.3636 1.2332 1.3815 1.2551 1.4209 1.2596 1.2410 1.3556 1.2455 1.3976 1.2481 1.4399 
1.2293 1.3511 1.4568 1.2808 1.4238 1.2654 1.4183 1.2680 1.3721 1.2410 1.3893 1.2629 1.4287 1.2674 1.2488 1.3634 1.2533 1.4054 1.2559 1.4477 
1.2293 1.3511 1.2499 1.2422 1.4160 1.2557 1.4280 1.2776 1.3721 1.2410 1.3893 1.2629 1.4287 1.2674 1.2488 1.3634 1.2533 1.4054 1.2559 1.4477 
1.2293 1.3511 1.2499 1.2422 1.4160 1.2557 1.4280 1.2776 1.3721 1.2410 1.3893 1.2629 1.4287 1.2674 1.2488 1.3634 1.2533 1.4054 1.2559 1.4477 
1.2293 1.3511 1.2499 1.2422 1.4160 1.2557 1.4280 1.2776 1.3721 1.2410 1.3893 1.2629 1.4287 1.2674 1.2488 1.3634 1.2533 1.4054 1.2325 1.4243 
1.2293 1.3511 1.2499 1.2422 1.4160 1.2557 1.4280 1.2776 1.3721 1.2410 1.3893 1.2629 1.4287 1.2674 1.2488 1.3634 1.2533 1.4054 1.2325 1.4243 
1.2293 1.3511 1.2499 1.2422 1.4160 1.2557 1.4280 1.2776 1.3721 1.2410 1.3893 1.2629 1.4287 1.2674 1.2488 1.3634 1.2325 1.3846 1.2351 1.4269 
1.2293 1.3511 1.2499 1.2422 1.4160 1.2492 1.4208 1.2705 1.3649 1.2345 1.3828 1.2564 1.4222 1.2609 1.2423 1.3569 1.2468 1.3989 1.2306 1.4224 
1.2293 1.3511 1.2499 1.2422 1.4160 1.2492 1.4208 1.2705 1.3649 1.2345 1.3828 1.2564 1.4222 1.2609 1.2423 1.3569 1.2468 1.3989 1.2306 1.4224 
1.2293 1.3511 1.2499 1.2422 1.4160 1.2492 1.4208 1.2705 1.3649 1.2345 1.3828 1.2486 1.4144 1.2531 1.2345 1.3491 1.2390 1.3917 1.2293 1.4211 
1.2293 1.3511 1.2499 1.2422 1.4160 1.2492 1.4170 1.2705 1.3649 1.2345 1.3828 1.2486 1.4144 1.2531 1.2345 1.3491 1.2390 1.3917 1.2423 1.2429 
1.2293 1.3511 1.2499 1.2422 1.4160 1.2492 1.4170 1.2705 1.3649 1.2345 1.3828 1.2564 1.2396 1.3839 1.2319 1.3465 1.2364 1.3891 1.2397 1.2403 
1.2293 1.3511 1.2499 1.2422 1.4160 1.2492 1.4170 1.2705 1.3649 1.2345 1.3828 1.2486 1.4144 1.2531 1.2345 1.3491 1.2390 1.3917 1.2293 1.2299 
1.2293 1.3511 1.2499 1.2422 1.2293 1.2409 1.4125 1.2621 1.3565 1.2358 1.3841 1.2577 1.2402 1.3846 1.2325 1.3471 1.2371 1.3898 1.2403 1.2410 
1.2293 1.3511 1.2499 1.2422 1.2345 1.2461 1.2480 1.2390 1.3431 1.2410 1.3990 1.2629 1.2415 1.3859 1.2338 1.3484 1.2384 1.3904 1.2410 1.2416 
1.2293 1.3511 1.2499 1.2422 1.2345 1.2461 1.2480 1.2390 1.3431 1.2410 1.3990 1.2629 1.2415 1.3859 1.2338 1.3484 1.2384 1.3904 1.2410 1.2416 
1.2293 1.3511 1.2499 1.2422 1.2345 1.2461 1.2480 1.2390 1.3431 1.2410 1.3990 1.2629 1.2415 1.3859 1.2338 1.3484 1.2384 1.3904 1.2410 1.2416 
1.2293 1.3511 1.2499 1.2422 1.2293 1.2409 1.2422 1.2332 1.3372 1.2358 1.3938 1.2577 1.2402 1.3846 1.2325 1.3471 1.2371 1.3898 1.2403 1.2410 
1.2293 1.3511 1.2499 1.2422 1.2293 1.2409 1.2422 1.2332 1.3372 1.2299 1.3879 1.2518 1.2396 1.3839 1.2319 1.3465 1.2364 1.3891 1.2397 1.2403 
1.2293 1.3511 1.2499 1.2422 1.2293 1.2409 1.2422 1.2332 1.3372 1.2299 1.3879 1.2518 1.2396 1.3839 1.2319 1.3465 1.2293 1.3820 1.2325 1.2332 
1.2293 1.3511 1.2499 1.2422 1.2293 1.2409 1.2422 1.2299 1.3340 1.2293 1.3873 1.2512 1.2396 1.3839 1.2319 1.3465 1.2293 1.3820 1.2325 1.2293 
1.2293 1.3511 1.2499 1.2422 1.2345 1.2461 1.2480 1.2306 1.3346 1.2293 1.2402 1.2415 1.2396 1.3839 1.2319 1.3465 1.2293 1.3820 1.2325 1.2293 
1.2293 1.3511 1.2499 1.2422 1.2293 1.2409 1.2422 1.2299 1.3340 1.2293 1.2402 1.2415 1.2396 1.3839 1.2319 1.3465 1.2293 1.3820 1.2325 1.2293 
1.2293 1.3511 1.2499 1.2422 1.2293 1.2409 1.2422 1.2299 1.3340 1.2293 1.2402 1.2415 1.2396 1.2312 1.2319 1.3465 1.2293 1.3820 1.2325 1.2332 
1.2293 1.3511 1.2499 1.2422 1.2345 1.2461 1.2480 1.2306 1.3346 1.2293 1.2402 1.2415 1.2396 1.2312 1.2319 1.3465 1.2364 1.2384 1.2397 1.2299 
1.2293 1.3511 1.2499 1.2422 1.2345 1.2461 1.2480 1.2306 1.3346 1.2293 1.2402 1.2415 1.2396 1.2312 1.2319 1.3465 1.2364 1.2384 1.2397 1.2299 
1.2293 1.3511 1.2499 1.2422 1.2345 1.2461 1.2480 1.2306 1.3346 1.2293 1.2402 1.2415 1.2396 1.2312 1.2319 1.3465 1.2364 1.2384 1.2397 1.2403 
1.2293 1.3511 1.2499 1.2422 1.2345 1.2461 1.2480 1.2306 1.3346 1.2293 1.2402 1.2415 1.2396 1.2312 1.2319 1.3465 1.2364 1.2384 1.2397 1.2403 
1.2293 1.2389 1.3446 1.2518 1.2293 1.2409 1.2422 1.2299 1.3340 1.2293 1.2402 1.2415 1.2396 1.2312 1.2319 1.3465 1.2364 1.2384 1.2397 1.2403 
1.2293 1.2389 1.3446 1.2518 1.2293 1.2409 1.2422 1.2299 1.3340 1.2293 1.2402 1.2415 1.2396 1.2312 1.2319 1.3412 1.2312 1.2332 1.2345 1.2351 
1.2293 1.2389 1.2306 1.2325 1.2345 1.2461 1.2480 1.2306 1.3346 1.2325 1.2435 1.2448 1.2396 1.2312 1.2319 1.2345 1.2364 1.2384 1.2397 1.2403 
1.2293 1.2389 1.2306 1.2325 1.2345 1.2461 1.2480 1.2390 1.2403 1.2410 1.2519 1.2532 1.2415 1.2332 1.2338 1.2364 1.2384 1.2397 1.2410 1.2416 
1.2293 1.2389 1.2306 1.2325 1.2345 1.2461 1.2480 1.2390 1.2403 1.2410 1.2519 1.2532 1.2415 1.2332 1.2338 1.2364 1.2384 1.2397 1.2410 1.2416 
1.2293 1.2389 1.2306 1.2325 1.2345 1.2461 1.2480 1.2390 1.2403 1.2410 1.2519 1.2532 1.2415 1.2332 1.2338 1.2364 1.2384 1.2397 1.2410 1.2416 
1.2293 1.2389 1.2306 1.2325 1.2345 1.2461 1.2480 1.2390 1.2403 1.2410 1.2519 1.2532 1.2415 1.2332 1.2338 1.2364 1.2384 1.2397 1.2410 1.2416 
1.2293 1.2389 1.2306 1.2325 1.2345 1.2461 1.2480 1.2390 1.2403 1.2410 1.2519 1.2532 1.2415 1.2332 1.2338 1.2364 1.2384 1.2397 1.2410 1.2416 
1.2293 1.2389 1.2306 1.2325 1.2345 1.2461 1.2480 1.2390 1.2403 1.2410 1.2519 1.2532 1.2415 1.2332 1.2338 1.2364 1.2384 1.2397 1.2410 1.2416 
1.2293 1.2389 1.2306 1.2325 1.2345 1.2461 1.2480 1.2390 1.2403 1.2410 1.2519 1.2532 1.2415 1.2332 1.2338 1.2364 1.2384 1.2397 1.2410 1.2416 
1.2293 1.2389 1.2306 1.2325 1.2345 1.2461 1.2480 1.2390 1.2403 1.2410 1.2519 1.2532 1.2415 1.2332 1.2338 1.2364 1.2384 1.2397 1.2410 1.2416 
1.2293 1.2389 1.2306 1.2325 1.2345 1.2461 1.2480 1.2390 1.2403 1.2410 1.2519 1.2532 1.2415 1.2332 1.2338 1.2364 1.2384 1.2397 1.2410 1.2416 
1.2293 1.2389 1.2306 1.2325 1.2345 1.2461 1.2480 1.2390 1.2403 1.2410 1.2519 1.2532 1.2415 1.2332 1.2338 1.2364 1.2384 1.2397 1.2410 1.2416 
1.2293 1.2389 1.2306 1.2325 1.2345 1.2461 1.2480 1.2390 1.2403 1.2410 1.2519 1.2532 1.2415 1.2332 1.2338 1.2364 1.2384 1.2397 1.2410 1.2416 
1.2293 1.2389 1.2306 1.2325 1.2345 1.2461 1.2480 1.2390 1.2403 1.2410 1.2519 1.2532 1.2415 1.2332 1.2338 1.2364 1.2384 1.2397 1.2410 1.2416 
1.2293 1.2389 1.2306 1.2325 1.2345 1.2461 1.2480 1.2390 1.2403 1.2410 1.2519 1.2532 1.2415 1.2332 1.2338 1.2364 1.2384 1.2397 1.2410 1.2416 
1.2293 1.2389 1.2306 1.2325 1.2345 1.2461 1.2402 1.2312 1.2325 1.2338 1.2448 1.2461 1.2402 1.2319 1.2325 1.2351 1.2293 1.2312 1.2325 1.2332 
1.2293 1.2389 1.2306 1.2325 1.2293 1.2409 1.2422 1.2332 1.2299 1.2312 1.2422 1.2435 1.2396 1.2312 1.2319 1.2345 1.2293 1.2312 1.2325 1.2332 
1.2293 1.2389 1.2306 1.2325 1.2293 1.2409 1.2396 1.2306 1.2293 1.2306 1.2389 1.2402 1.2389 1.2306 1.2312 1.2338 1.2293 1.2312 1.2325 1.2332 
1.2293 1.2389 1.2306 1.2325 1.2345 1.2293 1.2389 1.2299 1.2293 1.2293 1.2293 1.2389 1.2389 1.2293 1.2299 1.2325 1.2293 1.2312 1.2325 1.2293 
1.2293 1.2293 1.2293 1.2293 1.2293 1.2293 1.2293 1.2293 1.2293 1.2293 1.2293 1.2293 1.2293 1.2293 1.2293 1.2293 1.2293 1.2293 1.2293 1.2293 
