2.0000 2.1200 2.2700 2.3900 2.5600 2.7100 2.7700 2.8700 2.9300 3.0400 3.1400 1.0000 1.0500 1.0800 1.1200 1.1700 1.2300 1.0000 1.0300 1.0800 
2.0000 2.0800 2.2000 2.3100 2.4300 2.5600 1.0000 1.0300 1.0500 1.0900 1.1400 1.0000 1.0800 1.0900 1.1500 1.1900 1.2200 1.2500 1.3300 1.4100 
2.0000 2.1200 2.2700 2.3700 2.4900 2.5600 1.0000 1.0300 1.0400 1.0800 1.1300 1.0000 1.0600 1.1000 1.1400 1.2100 1.2900 1.0000 1.0100 1.0400 
2.0000 2.1200 2.2700 2.3400 2.4800 2.5600 1.0000 1.0200 1.0400 1.0800 1.1300 1.0000 1.0300 1.0500 1.0800 1.1000 1.1400 1.0000 1.0200 1.0600 
2.0000 2.0800 2.2200 2.2800 2.3700 2.4500 1.0000 1.0200 1.0400 1.0900 1.1700 1.0000 1.0400 1.1000 1.2000 1.2600 1.3000 1.0000 1.0500 1.1000 
2.0000 2.0700 2.1400 2.2500 1.0000 1.0300 1.0000 1.0500 1.1100 1.1300 1.1700 1.0000 1.0100 1.0700 1.1200 1.2100 1.2600 1.0000 1.0000 1.0200 
2.0000 2.0600 2.1900 2.3000 1.0000 1.0300 1.0000 1.0300 1.0600 1.1400 1.1900 1.0000 1.0300 1.0500 1.0700 1.1300 1.1800 1.0000 1.0300 1.0700 
2.0000 2.0600 2.1500 2.1800 1.0000 1.0100 1.0000 1.0500 1.1000 1.1700 1.2500 1.0000 1.0400 1.0900 1.1500 1.1600 1.2100 1.0000 1.0900 1.1100 
2.0000 2.0900 2.1900 2.2900 1.0000 1.0200 1.0000 1.0400 1.0800 1.1000 1.1400 1.0000 1.0400 1.0900 1.0900 1.1500 1.2300 1.0000 1.0300 1.0400 
2.0000 2.1300 2.2900 2.4700 1.0000 1.0300 1.0000 1.0100 1.0700 1.1200 1.1700 1.0000 1.0300 1.1000 1.1400 1.1700 1.2300 1.0000 1.0300 1.1000 
2.0000 2.0800 2.2300 2.3100 1.0000 1.0200 1.0000 1.0700 1.1000 1.1500 1.0000 1.0500 1.0800 1.0000 1.0500 1.0800 1.1200 1.0000 1.0300 1.0700 
2.0000 2.1000 2.2400 1.0000 1.0600 1.1200 1.0000 1.0400 1.0800 1.1100 1.0000 1.0400 1.0600 1.1300 1.0000 1.0400 1.0700 1.0000 1.0300 1.0900 
2.0000 2.1500 2.1900 1.0000 1.0100 1.0300 1.0000 1.0300 1.0500 1.0900 1.0000 1.0200 1.1000 1.1500 1.0000 1.0600 1.1000 1.0000 1.0400 1.0600 
2.0000 2.0700 2.1700 1.0000 1.0200 1.0800 1.0000 1.0600 1.1000 1.1100 1.0000 1.0300 1.0700 1.0000 1.0300 1.0700 1.0900 1.0000 1.0000 1.0700 
2.0000 2.0900 2.2000 1.0000 1.0900 1.1300 1.0000 1.0400 1.0700 1.0900 1.0000 1.0100 1.0600 1.0000 1.0500 1.0700 1.0900 1.0000 1.0400 1.0700 
2.0000 2.1400 2.3100 1.0000 1.0200 1.0400 1.0000 1.0200 1.0300 1.0700 1.0000 1.0700 1.1000 1.0000 1.0700 1.1200 1.1700 1.0000 1.0200 1.0500 
2.0000 2.0000 2.0000 1.0000 1.0400 1.0600 1.0000 1.0400 1.0700 1.1400 1.0000 1.0400 1.0500 1.0000 1.0200 1.0800 1.1400 1.0000 1.0100 1.0300 
2.0000 2.0000 2.0000 1.0000 1.0400 1.0400 1.0000 1.0800 1.0900 1.1500 1.0000 1.0100 1.0600 1.0000 1.0100 1.0500 1.1300 1.0000 1.1100 1.1400 
2.0000 2.0000 2.0000 1.0000 1.0500 1.0800 1.0000 1.0300 1.0500 1.0800 1.0000 1.0300 1.0800 1.0000 1.0100 1.0400 1.0900 1.0000 1.0700 1.0900 
2.0000 2.0000 2.0000 1.0000 1.0300 1.0900 1.0000 1.0800 1.1200 1.1600 1.0000 1.0300 1.0900 1.0000 1.0200 1.0400 1.0500 1.0000 1.0200 1.0700 
2.0000 2.0000 2.0000 1.0000 1.0300 1.0400 1.0000 1.0400 1.1000 1.1700 1.0000 1.0300 1.0700 1.0000 1.0200 1.0400 1.1000 1.0000 1.0300 1.0500 
2.0000 2.1800 1.0000 1.0000 1.0200 1.0300 1.0000 1.0300 1.0600 1.1100 1.0000 1.0300 1.0700 1.0000 1.0000 1.0800 1.1400 1.0000 1.0300 1.0800 
2.0000 2.1200 1.0000 1.0400 1.0000 1.0400 1.0000 1.0700 1.0000 1.0500 1.0000 1.0400 1.0600 1.0000 1.0500 1.1100 1.1400 1.0000 1.0200 1.0800 
2.0000 2.1200 1.0000 1.0500 1.0000 1.0600 1.0000 1.0200 1.0000 1.0500 1.0000 1.0600 1.0800 1.0000 1.0200 1.0300 1.0900 1.0000 1.0700 1.1500 
2.0000 2.0700 1.0000 1.0200 1.0000 1.0200 1.0000 1.0500 1.0000 1.0300 1.0600 1.0000 1.0900 1.1300 1.0000 1.0500 1.1300 1.0000 1.0500 1.0600 
2.0000 2.1000 1.0000 1.0600 1.0000 1.0300 1.0000 1.0800 1.0000 1.0200 1.0500 1.0000 1.0700 1.1000 1.0000 1.0300 1.0800 1.0000 1.0600 1.0900 
2.0000 2.0000 1.0000 1.0600 1.0000 1.0600 1.0000 1.0400 1.0000 1.0200 1.0700 1.0000 1.0400 1.0800 1.0000 1.0200 1.0800 1.0000 1.0400 1.0900 
2.0000 2.0000 1.0000 1.0500 1.0000 1.0700 1.0000 1.0100 1.0000 1.0400 1.1200 1.0000 1.0200 1.1000 1.0000 1.0500 1.1000 1.0000 1.0400 1.1100 
2.0000 2.0000 1.0000 1.0000 1.0000 1.0100 1.0000 1.0600 1.0000 1.0100 1.0400 1.0000 1.0600 1.1200 1.0000 1.0500 1.0600 1.0000 1.0400 1.1100 
2.0000 2.0000 1.0000 1.0200 1.0000 1.0200 1.0000 1.0300 1.0000 1.0300 1.0600 1.0000 1.0500 1.1300 1.0000 1.0600 1.1000 1.0000 1.0800 1.1200 
2.0000 2.0000 1.0000 1.0200 1.0000 1.0100 1.0000 1.0300 1.0000 1.0200 1.0500 1.0000 1.0300 1.0500 1.0000 1.0300 1.1300 1.0000 1.0100 1.0400 
2.0000 2.0000 1.0000 1.0100 1.0000 1.0400 1.0000 1.0400 1.0000 1.0100 1.0400 1.0000 1.0400 1.0600 1.0000 1.0400 1.0600 1.0000 1.0700 1.0900 
2.0000 2.0000 1.0000 1.0600 1.0000 1.0100 1.0000 1.0400 1.0000 1.0100 1.0800 1.0000 1.0300 1.0700 1.0000 1.0300 1.0800 1.0000 1.0300 1.1000 
2.0000 2.0000 1.0000 1.0500 1.0000 1.0200 1.0000 1.0200 1.0000 1.0300 1.0700 1.0000 1.0100 1.0200 1.0000 1.0600 1.1500 1.0000 1.0000 1.0600 
2.0000 2.0000 1.0000 1.0400 1.0000 1.0500 1.0000 1.0400 1.0000 1.0200 1.0800 1.0000 1.0400 1.0700 1.0000 1.0500 1.1100 1.0000 1.0000 1.0300 
2.0000 2.0000 1.0000 1.0400 1.0000 1.0900 1.0000 1.0200 1.0000 1.0400 1.0900 1.0000 1.0500 1.1300 1.0000 1.0500 1.0700 1.0000 1.0000 1.0200 
2.0000 2.0000 1.0000 1.0200 1.0000 1.0200 1.0000 1.0200 1.0000 1.0400 1.0700 1.0000 1.0400 1.0800 1.0000 1.0200 1.0600 1.0000 1.0000 1.0300 
2.0000 2.0000 1.0000 1.0000 1.0000 1.0600 1.0000 1.0400 1.0000 1.0000 1.0400 1.0000 1.0300 1.0800 1.0000 1.0000 1.0600 1.0000 1.0000 1.0700 
2.0000 2.0000 1.0000 1.0000 1.0000 1.0200 1.0000 1.0100 1.0000 1.0200 1.0500 1.0000 1.0400 1.0700 1.0000 1.0200 1.0700 1.0000 1.0000 1.0300 
2.0000 2.0000 1.0000 1.0100 1.0000 1.0400 1.0000 1.0600 1.0000 1.0500 1.0000 1.0000 1.0400 1.0700 1.0000 1.0000 1.0300 1.0000 1.0000 1.0600 
2.0000 2.0000 1.0000 1.1100 1.0000 1.0400 1.0000 1.0800 1.0000 1.0200 1.0000 1.0000 1.0200 1.0700 1.0000 1.0400 1.1000 1.0000 1.0000 1.0400 
2.0000 2.0000 1.0000 1.0600 1.0000 1.0100 1.0000 1.0200 1.0000 1.0100 1.0000 1.0000 1.0400 1.0900 1.0000 1.0500 1.1100 1.0000 1.0000 1.0200 
2.0000 2.0000 1.0000 1.0200 1.0000 1.0400 1.0000 1.0300 1.0000 1.0600 1.0000 1.0000 1.0300 1.0000 1.0000 1.0300 1.0500 1.0000 1.0000 1.0500 
2.0000 2.0000 1.0000 1.0400 1.0000 1.0500 1.0000 1.0400 1.0000 1.0300 1.0000 1.0000 1.0100 1.0000 1.0000 1.0300 1.0400 1.0000 1.0000 1.0200 
1.0000 1.0800 1.0000 1.0300 1.0000 1.0600 1.0000 1.0400 1.0000 1.0200 1.0000 1.0400 1.0000 1.0400 1.0000 1.0000 1.0600 1.0000 1.0300 1.0000 
1.0000 1.0700 1.0000 1.0300 1.0000 1.0200 1.0000 1.0200 1.0000 1.0400 1.0000 1.0300 1.0000 1.0200 1.0000 1.0000 1.0600 1.0000 1.0600 1.0000 
1.0000 1.0300 1.0000 1.0600 1.0000 1.0100 1.0000 1.0200 1.0000 1.0500 1.0000 1.0900 1.0000 1.0200 1.0000 1.0000 1.0400 1.0000 1.0600 1.0000 
1.0000 1.0400 1.0000 1.0300 1.0000 1.0500 1.0000 1.0500 1.0000 1.0700 1.0000 1.0400 1.0000 1.0000 1.0600 1.0000 1.0500 1.0000 1.0000 1.0300 
1.0000 1.0200 1.0000 1.0300 1.0000 1.0300 1.0000 1.0700 1.0000 1.0200 1.0000 1.0100 1.0000 1.0000 1.0100 1.0000 1.0300 1.0000 1.0000 1.0400 
1.0000 1.0400 1.0000 1.0600 1.0000 1.0100 1.0000 1.0600 1.0000 1.0300 1.0000 1.0000 1.0400 1.0000 1.0000 1.0200 1.0500 1.0000 1.0000 1.0300 
1.0000 1.0400 1.0000 1.0000 1.0300 1.0000 1.0000 1.0500 1.0000 1.0400 1.0000 1.0200 1.0000 1.0600 1.0000 1.0000 1.0500 1.0000 1.0000 1.0000 
1.0000 1.0500 1.0000 1.0000 1.0600 1.0000 1.0000 1.0400 1.0000 1.0200 1.0000 1.0400 1.0000 1.0600 1.0000 1.0000 1.0300 1.0000 1.0400 1.0000 
1.0000 1.0500 1.0000 1.0000 1.0300 1.0000 1.0000 1.0400 1.0000 1.0600 1.0000 1.0400 1.0000 1.0800 1.0000 1.0000 1.0700 1.0000 1.0400 1.0000 
1.0000 1.0400 1.0000 1.0000 1.0500 1.0000 1.0000 1.0300 1.0000 1.0800 1.0000 1.0700 1.0000 1.0100 1.0000 1.0000 1.0400 1.0000 1.0300 1.0000 
1.0000 1.0400 1.0000 1.0000 1.0400 1.0000 1.0000 1.0600 1.0000 1.0800 1.0000 1.0500 1.0000 1.0200 1.0000 1.0000 1.0400 1.0000 1.0400 1.0000 
1.0000 1.0500 1.0000 1.0000 1.0600 1.0000 1.0000 1.0500 1.0000 1.0200 1.0000 1.0100 1.0000 1.0300 1.0000 1.0000 1.0600 1.0000 1.0300 1.0000 
1.0000 1.0000 1.0300 1.0000 1.0400 1.0000 1.0000 1.0100 1.0000 1.0100 1.0000 1.0300 1.0000 1.0300 1.0000 1.0000 1.0100 1.0000 1.0400 1.0000 
1.0000 1.0000 1.0200 1.0000 1.0600 1.0000 1.0000 1.0400 1.0000 1.0300 1.0000 1.0300 1.0000 1.0500 1.0000 1.0000 1.0200 1.0000 1.0500 1.0000 
1.0000 1.0000 1.0500 1.0000 1.0300 1.0000 1.0000 1.0600 1.0000 1.0600 1.0000 1.0100 1.0000 1.0700 1.0000 1.0000 1.0600 1.0000 1.0700 1.0000 
1.0000 1.0000 1.0100 1.0000 1.0300 1.0000 1.0000 1.0500 1.0000 1.0300 1.0000 1.0700 1.0000 1.0400 1.0000 1.0000 1.0600 1.0000 1.0600 1.0000 
1.0000 1.0000 1.0100 1.0000 1.0500 1.0000 1.0000 1.0300 1.0000 1.0500 1.0000 1.0300 1.0000 1.0600 1.0000 1.0000 1.0200 1.0000 1.0500 1.0000 
1.0000 1.0000 1.0800 1.0000 1.0300 1.0000 1.0000 1.0300 1.0000 1.0300 1.0000 1.0500 1.0000 1.0600 1.0000 1.0000 1.0500 1.0000 1.0400 1.0000 
1.0000 1.0000 1.0500 1.0000 1.0200 1.0000 1.0000 1.0300 1.0000 1.0400 1.0000 1.0700 1.0000 1.0200 1.0000 1.0000 1.0200 1.0000 1.0400 1.0000 
1.0000 1.0000 1.0100 1.0000 1.0600 1.0000 1.0000 1.0600 1.0000 1.0200 1.0000 1.0600 1.0000 1.0400 1.0000 1.0000 1.0300 1.0000 1.0600 1.0000 
1.0000 1.0000 1.0300 1.0000 1.0200 1.0000 1.0000 1.0600 1.0000 1.0000 1.0000 1.0400 1.0000 1.0500 1.0000 1.0000 1.0200 1.0000 1.0700 1.0000 
1.0000 1.0000 1.0100 1.0000 1.0200 1.0000 1.0000 1.0100 1.0000 1.0000 1.0000 1.0300 1.0000 1.0400 1.0000 1.0000 1.0400 1.0000 1.0000 1.0000 
1.0000 1.0000 1.0500 1.0000 1.0600 1.0000 1.0000 1.0600 1.0000 1.0000 1.0000 1.0500 1.0000 1.0300 1.0000 1.0000 1.0100 1.0000 1.0000 1.0000 
1.0000 1.0000 1.0500 1.0000 1.0600 1.0000 1.0000 1.0500 1.0000 1.0000 1.0000 1.0300 1.0000 1.0700 1.0000 1.0000 1.0400 1.0000 1.0000 1.0000 
1.0000 1.0000 1.0000 1.0000 1.0600 1.0000 1.0000 1.0700 1.0000 1.0000 1.0000 1.0700 1.0000 1.0200 1.0000 1.0000 1.0300 1.0000 1.0000 1.0000 
1.0000 1.0000 1.0000 1.0000 1.0600 1.0000 1.0000 1.0000 1.0000 1.0000 1.0000 1.0200 1.0000 1.0800 1.0000 1.0000 1.0400 1.0000 1.0000 1.0000 
1.0000 1.0000 1.0000 1.0000 1.0500 1.0000 1.0000 1.0000 1.0000 1.0000 1.0000 1.0300 1.0000 1.0500 1.0000 1.0000 1.0000 1.0000 1.0000 1.0000 
1.0000 1.0000 1.0000 1.0000 1.0200 1.0000 1.0000 1.0000 1.0000 1.0000 1.0000 1.0500 1.0000 1.0100 1.0000 1.0000 1.1100 1.0000 1.0000 1.0000 
1.0000 1.0000 1.0000 1.0000 1.0300 1.0000 1.0000 1.0000 1.0000 1.0000 1.0000 1.0300 1.0000 1.0400 1.0000 1.0000 1.0800 1.0000 1.0000 1.0000 
1.0000 1.0000 1.0000 1.0000 1.0400 1.0000 1.0000 1.0000 1.0000 1.0000 1.0000 1.0600 1.0000 1.0500 1.0000 1.0000 1.0500 1.0000 1.0000 1.0000 
1.0000 1.0000 1.0000 1.0000 1.0300 1.0000 1.0000 1.0000 1.0000 1.0000 1.0000 1.0000 1.0000 1.0300 1.0000 1.0000 1.0500 1.0000 1.0000 1.0000 
1.0000 1.0000 1.0000 1.0000 1.0500 1.0000 1.0000 1.0000 1.0000 1.0000 1.0000 1.0000 1.0000 1.0600 1.0000 1.0000 1.0000 1.0000 1.0000 1.0000 
1.0000 1.0000 1.0000 1.0000 1.0600 1.0000 1.0000 1.0000 1.0000 1.0000 1.0000 1.0000 1.0000 1.0400 1.0000 1.0000 1.0600 1.0000 1.0000 1.0000 
1.0000 1.0000 1.0000 1.0000 1.0000 1.0000 1.0000 1.0000 1.0000 1.0000 1.0000 1.0000 1.0000 1.0500 1.0000 1.0000 1.0000 1.0000 1.0000 1.0000 
1.0000 1.0000 1.0000 1.0000 1.0000 1.0000 1.0000 1.0000 1.0000 1.0000 1.0000 1.0000 1.0000 1.0000 1.0000 1.0300 1.0000 1.0000 1.0000 1.0000 
1.0000 1.0000 1.0000 1.0000 1.0000 1.0000 1.0000 1.0000 1.0000 1.0000 1.0000 1.0000 1.0000 1.0000 1.0000 1.0400 1.0000 1.0000 1.0000 1.0000 
1.0000 1.0000 1.0000 1.0000 1.0000 1.0000 1.0000 1.0000 1.0000 1.0000 1.0000 1.0000 1.0000 1.0000 1.0000 1.0000 1.0000 1.0000 1.0000 1.0000 
1.0000 1.0000 1.0000 1.0000 1.0000 1.0000 1.0000 1.0000 1.0000 1.0000 1.0000 1.0000 1.0000 1.0000 1.0000 1.0000 1.0000 1.0000 1.0000 1.0000 
1.0000 1.0000 1.0000 1.0000 1.0000 1.0000 1.0000 1.0000 1.0000 1.0000 1.0000 1.0000 1.0000 1.0000 1.0000 1.0000 1.0000 1.0000 1.0000 1.0000 
1.0000 1.0000 1.0000 1.0000 1.0000 1.0000 1.0000 1.0000 1.0000 1.0000 1.0000 1.0000 1.0000 1.0000 1.0000 1.0000 1.0000 1.0000 1.0000 1.0000 
1.0000 1.0000 1.0000 1.0000 1.0000 1.0000 1.0000 1.0000 1.0000 1.0000 1.0000 1.0000 1.0000 1.0000 1.0000 1.0000 1.0000 1.0000 1.0000 1.0000 
1.0000 1.0000 1.0000 1.0000 1.0000 1.0000 1.0000 1.0000 1.0000 1.0000 1.0000 1.0000 1.0000 1.0000 1.0000 1.0000 1.0000 1.0000 1.0000 1.0000 
1.0000 1.0000 1.0000 1.0000 1.0000 1.0000 1.0000 1.0000 1.0000 1.0000 1.0000 1.0000 1.0000 1.0000 1.0000 1.0000 1.0000 1.0000 1.0000 1.0000 
1.0000 1.0000 1.0000 1.0000 1.0000 1.0000 1.0000 1.0000 1.0000 1.0000 1.0000 1.0000 1.0000 1.0000 1.0000 1.0000 1.0000 1.0000 1.0000 1.0000 
1.0000 1.0000 1.0000 1.0000 1.0000 1.0000 1.0000 1.0000 1.0000 1.0000 1.0000 1.0000 1.0000 1.0000 1.0000 1.0000 1.0000 1.0000 1.0000 1.0000 
1.0000 1.0000 1.0000 1.0000 1.0000 1.0000 1.0000 1.0000 1.0000 1.0000 1.0000 1.0000 1.0000 1.0000 1.0000 1.0000 1.0000 1.0000 1.0000 1.0000 
1.0000 1.0000 1.0000 1.0000 1.0000 1.0000 1.0000 1.0000 1.0000 1.0000 1.0000 1.0000 1.0000 1.0000 1.0000 1.0000 1.0000 1.0000 1.0000 1.0000 
1.0000 1.0000 1.0000 1.0000 1.0000 1.0000 1.0000 1.0000 1.0000 1.0000 1.0000 1.0000 1.0000 1.0000 1.0000 1.0000 1.0000 1.0000 1.0000 1.0000 
1.0000 1.0000 1.0000 1.0000 1.0000 1.0000 1.0000 1.0000 1.0000 1.0000 1.0000 1.0000 1.0000 1.0000 1.0000 1.0000 1.0000 1.0000 1.0000 1.0000 
1.0000 1.0000 1.0000 1.0000 1.0000 1.0000 1.0000 1.0000 1.0000 1.0000 1.0000 1.0000 1.0000 1.0000 1.0000 1.0000 1.0000 1.0000 1.0000 1.0000 
1.0000 1.0000 1.0000 1.0000 1.0000 1.0000 1.0000 1.0000 1.0000 1.0000 1.0000 1.0000 1.0000 1.0000 1.0000 1.0000 1.0000 1.0000 1.0000 1.0000 
1.0000 1.0000 1.0000 1.0000 1.0000 1.0000 1.0000 1.0000 1.0000 1.0000 1.0000 1.0000 1.0000 1.0000 1.0000 1.0000 1.0000 1.0000 1.0000 1.0000 
1.0000 1.0000 1.0000 1.0000 1.0000 1.0000 1.0000 1.0000 1.0000 1.0000 1.0000 1.0000 1.0000 1.0000 1.0000 1.0000 1.0000 1.0000 1.0000 1.0000 
1.0000 1.0000 1.0000 1.0000 1.0000 1.0000 1.0000 1.0000 1.0000 1.0000 1.0000 1.0000 1.0000 1.0000 1.0000 1.0000 1.0000 1.0000 1.0000 1.0000 
1.0000 1.0000 1.0000 1.0000 1.0000 1.0000 1.0000 1.0000 1.0000 1.0000 1.0000 1.0000 1.0000 1.0000 1.0000 1.0000 1.0000 1.0000 1.0000 1.0000 
1.0000 1.0000 1.0000 1.0000 1.0000 1.0000 1.0000 1.0000 1.0000 1.0000 1.0000 1.0000 1.0000 1.0000 1.0000 1.0000 1.0000 1.0000 1.0000 1.0000 
