2.2495 2.2962 2.3671 2.4331 2.5198 2.5706 2.6591 2.7158 2.8125 2.8942 2.9657 3.0545 3.1249 3.2065 3.3264 3.4678 1.9486 2.0189 2.1156 2.1951 
2.2495 2.2962 2.3671 2.4331 2.5198 2.5706 2.6591 2.7158 2.8125 2.8942 2.9657 1.7232 1.7864 1.8929 2.0031 2.1161 2.1865 2.2473 2.3345 2.3928 
2.2495 2.2962 2.3671 2.4331 2.5198 2.5706 2.6591 2.7158 2.8125 1.6066 1.7195 1.8189 1.8763 1.9791 2.1202 2.2403 2.3204 2.3889 2.5375 2.6177 
2.2495 2.2962 2.3671 1.3497 1.4921 1.5620 1.7006 1.8481 1.9457 2.0905 2.2344 1.3750 1.4577 1.5932 1.7324 1.8665 1.9755 2.0440 2.2005 2.2993 
2.2495 2.2962 2.3671 1.3497 1.4921 1.5620 1.7006 1.8481 1.9457 2.0905 2.2344 1.3750 1.4577 1.5932 1.7324 1.8665 1.9755 2.0440 2.2005 2.2993 
2.2495 2.2962 2.3671 1.3497 1.4921 1.5620 1.7006 1.8481 1.9457 2.0905 2.2316 1.3724 1.4551 1.5906 1.7298 1.8639 1.9729 2.0414 2.1979 2.2967 
2.2495 2.2962 2.3671 1.3497 1.4921 1.5620 1.7006 1.8481 1.9457 2.0905 2.2316 1.3724 1.4551 1.5906 1.7298 1.8639 1.9729 2.0414 2.1979 2.2967 
1.2293 1.2985 1.4332 1.5223 1.6666 1.7924 1.9773 2.1325 2.2400 1.3265 1.4587 1.5775 1.6987 1.8785 2.0202 2.1938 1.3821 1.4718 1.5782 1.6674 
1.2293 1.2985 1.4332 1.5223 1.6666 1.7924 1.9773 2.1325 2.2400 1.3265 1.4587 1.5775 1.6987 1.8785 2.0202 2.1938 1.3821 1.4718 1.5782 1.6674 
1.2293 1.2985 1.4332 1.5223 1.6666 1.7731 1.9484 2.1036 2.2111 1.3265 1.4587 1.5775 1.6987 1.8785 2.0202 2.1938 1.3821 1.4718 1.5782 1.6674 
1.2293 1.2985 1.4332 1.5223 1.6666 1.7731 1.9484 2.1036 2.2111 1.3265 1.4587 1.5775 1.6987 1.8785 2.0202 2.1938 1.3821 1.4718 1.5782 1.6674 
1.2293 1.2985 1.4332 1.5223 1.6666 1.7924 1.2789 1.3898 1.4874 1.6497 1.8185 1.3266 1.4093 1.5525 1.6841 1.8586 1.9676 2.0361 1.3300 1.4461 
1.2293 1.2985 1.4332 1.5223 1.6666 1.7924 1.2789 1.3898 1.4874 1.6497 1.8185 1.3266 1.4093 1.5525 1.6841 1.8586 1.9676 2.0361 1.3300 1.4461 
1.2293 1.2985 1.4332 1.5223 1.6666 1.7924 1.2789 1.3898 1.4874 1.6497 1.8185 1.3266 1.4093 1.5525 1.6841 1.8586 1.9676 1.3203 1.4806 1.5968 
1.2293 1.2985 1.4332 1.5223 1.6666 1.7924 1.2789 1.3898 1.4874 1.6497 1.8185 1.3266 1.4093 1.5525 1.6841 1.8586 1.3100 1.3900 1.5504 1.6626 
1.2293 1.2985 1.4332 1.5223 1.6666 1.7924 1.2789 1.3898 1.4874 1.6497 1.8185 1.3266 1.4093 1.5525 1.6841 1.8586 1.3100 1.3900 1.5504 1.6626 
1.2293 1.2985 1.4332 1.5223 1.6666 1.7924 1.2789 1.3898 1.4874 1.6497 1.8185 1.3266 1.4093 1.5525 1.6841 1.2978 1.3817 1.4521 1.6279 1.7421 
1.2293 1.2985 1.4332 1.5223 1.6666 1.7924 1.2789 1.3898 1.4874 1.6497 1.8159 1.3240 1.4067 1.5499 1.6815 1.2952 1.3791 1.4495 1.6253 1.7395 
1.2293 1.2985 1.4332 1.5223 1.6666 1.7924 1.2789 1.3898 1.4874 1.6497 1.8159 1.3240 1.4067 1.5499 1.6815 1.2952 1.3791 1.4495 1.6253 1.7395 
1.2293 1.2985 1.4332 1.5223 1.6666 1.7924 1.2789 1.3898 1.4874 1.6497 1.8159 1.3240 1.4067 1.5499 1.6815 1.2952 1.3791 1.4495 1.6253 1.7395 
1.2293 1.2985 1.4332 1.5223 1.6666 1.7924 1.2789 1.3898 1.4874 1.2725 1.4144 1.2880 1.3958 1.5544 1.6878 1.2881 1.3721 1.4425 1.6259 1.7401 
1.2293 1.2985 1.4332 1.5223 1.6666 1.7731 1.2789 1.3898 1.4874 1.2725 1.4144 1.2880 1.3958 1.5544 1.6878 1.2881 1.3721 1.4425 1.6259 1.7401 
1.2293 1.2985 1.4332 1.5223 1.6666 1.7731 1.2789 1.3898 1.4874 1.2725 1.4144 1.2880 1.3958 1.5544 1.6878 1.2881 1.3721 1.4425 1.6259 1.7401 
1.2293 1.2985 1.4332 1.5223 1.6666 1.7731 1.2789 1.3898 1.4874 1.2725 1.4144 1.2880 1.3958 1.5544 1.6878 1.2881 1.3721 1.4425 1.6259 1.7401 
1.2293 1.2985 1.4332 1.5223 1.6634 1.7698 1.2757 1.3866 1.4841 1.2693 1.4111 1.2848 1.3925 1.5511 1.6846 1.2842 1.3682 1.4386 1.6220 1.7362 
1.2293 1.2985 1.4332 1.2338 1.4148 1.5021 1.2500 1.3840 1.4815 1.2725 1.4144 1.2880 1.3958 1.5544 1.6878 1.2881 1.3721 1.4425 1.6259 1.7401 
1.2293 1.2985 1.4332 1.2338 1.4148 1.5021 1.2500 1.3840 1.4815 1.2725 1.4144 1.2880 1.3958 1.5544 1.6878 1.2881 1.3721 1.4425 1.6259 1.7401 
1.2293 1.2985 1.4332 1.2338 1.4148 1.5021 1.2500 1.3840 1.4815 1.2725 1.4144 1.2880 1.3958 1.5544 1.6878 1.2881 1.3721 1.4425 1.6259 1.7401 
1.2293 1.2985 1.4332 1.2338 1.4148 1.5021 1.2500 1.3840 1.4815 1.2725 1.4144 1.2880 1.3958 1.5544 1.6878 1.2641 1.3480 1.4184 1.6019 1.7161 
1.2293 1.2985 1.4332 1.2338 1.4148 1.5021 1.2500 1.3840 1.4815 1.2725 1.4144 1.2880 1.3958 1.5544 1.6878 1.2641 1.3480 1.4184 1.6019 1.7161 
1.2293 1.2985 1.4332 1.2338 1.4148 1.5021 1.2500 1.3840 1.4815 1.2725 1.4144 1.2880 1.3958 1.5544 1.6878 1.2881 1.3721 1.4425 1.2624 1.3979 
1.2293 1.2985 1.4332 1.2338 1.4148 1.5021 1.2500 1.3840 1.4815 1.2725 1.4144 1.2880 1.3958 1.5544 1.6878 1.2881 1.3721 1.4425 1.2624 1.3979 
1.2293 1.2985 1.4332 1.2338 1.4148 1.5021 1.2500 1.3840 1.4815 1.2725 1.4144 1.2880 1.3958 1.5544 1.2739 1.4241 1.5177 1.5997 1.2804 1.4062 
1.2293 1.2985 1.4332 1.2338 1.4148 1.5021 1.2500 1.3840 1.4815 1.2725 1.4144 1.2880 1.3958 1.5544 1.2739 1.4241 1.5177 1.5997 1.2804 1.4062 
1.2293 1.2985 1.4332 1.2338 1.4148 1.5021 1.2500 1.3840 1.4815 1.2725 1.4144 1.2880 1.3958 1.5544 1.2739 1.4241 1.5177 1.5997 1.2804 1.4062 
1.2293 1.2985 1.4332 1.2338 1.4148 1.5021 1.2500 1.3840 1.4815 1.2725 1.4144 1.2880 1.3958 1.5544 1.2739 1.4241 1.5177 1.5997 1.2804 1.4062 
1.2293 1.2985 1.4332 1.2338 1.4148 1.5021 1.2500 1.3840 1.4815 1.2725 1.4144 1.2880 1.3958 1.5544 1.2739 1.4241 1.5177 1.2804 1.4735 1.5916 
1.2293 1.2985 1.4332 1.2338 1.4148 1.5021 1.2500 1.3840 1.4815 1.2725 1.4144 1.2880 1.3958 1.5544 1.2739 1.4241 1.5177 1.2804 1.4735 1.5916 
1.2293 1.2985 1.4332 1.2338 1.4148 1.5021 1.2500 1.3840 1.4815 1.2725 1.4144 1.2880 1.3958 1.5544 1.2518 1.4020 1.4956 1.2583 1.4514 1.5695 
1.2293 1.2985 1.4332 1.2338 1.4148 1.5021 1.2500 1.3840 1.4815 1.2725 1.4144 1.2880 1.3958 1.5544 1.2518 1.4020 1.4956 1.2583 1.4514 1.5695 
1.2293 1.2985 1.4332 1.2338 1.4148 1.5021 1.2500 1.3840 1.4815 1.2725 1.4144 1.2880 1.3958 1.5544 1.2518 1.4020 1.4956 1.2583 1.4514 1.5695 
1.2293 1.2985 1.4332 1.2338 1.4148 1.5021 1.2500 1.3840 1.4815 1.2725 1.4144 1.2880 1.3958 1.5544 1.2518 1.4020 1.4956 1.2583 1.4418 1.5599 
1.2293 1.2985 1.4332 1.2338 1.4148 1.5021 1.2500 1.3840 1.4815 1.2725 1.4144 1.2880 1.3958 1.5544 1.2518 1.4020 1.4956 1.2583 1.4418 1.5599 
1.2293 1.2985 1.4332 1.2338 1.4148 1.5021 1.2500 1.3840 1.4815 1.2725 1.4144 1.2880 1.3958 1.2623 1.4170 1.2675 1.3515 1.4412 1.2611 1.3966 
1.2293 1.2985 1.4332 1.2338 1.4148 1.5021 1.2500 1.3840 1.4815 1.2725 1.4144 1.2880 1.3958 1.2623 1.4170 1.2675 1.3515 1.4412 1.2611 1.3966 
1.2293 1.2985 1.4332 1.2338 1.4148 1.5021 1.2500 1.3840 1.4815 1.2725 1.4144 1.2880 1.3958 1.2623 1.4170 1.2675 1.3515 1.4412 1.2611 1.3966 
1.2293 1.2985 1.4332 1.2338 1.4148 1.5021 1.2500 1.3840 1.4815 1.2725 1.4144 1.2880 1.3958 1.2623 1.4170 1.2675 1.3515 1.4412 1.2611 1.3966 
1.2293 1.2985 1.4332 1.2338 1.4148 1.5021 1.2500 1.3840 1.4815 1.2725 1.4144 1.2880 1.3958 1.2623 1.4170 1.2675 1.3515 1.4412 1.2611 1.3966 
1.2293 1.2985 1.4332 1.2338 1.4148 1.5021 1.2500 1.3840 1.4815 1.2725 1.4144 1.2880 1.3958 1.2623 1.4170 1.2675 1.3515 1.4412 1.2611 1.3966 
1.2293 1.2985 1.4332 1.2319 1.4128 1.5001 1.2480 1.3820 1.4796 1.2706 1.4124 1.2861 1.3938 1.2604 1.4150 1.2656 1.3495 1.4392 1.2592 1.3946 
1.2293 1.2985 1.4332 1.2319 1.4128 1.5001 1.2480 1.3820 1.4796 1.2706 1.4124 1.2861 1.3938 1.2604 1.4150 1.2656 1.3495 1.4392 1.2592 1.3946 
1.2293 1.2985 1.4332 1.2338 1.2371 1.3571 1.2500 1.3840 1.4854 1.2725 1.4144 1.2880 1.3958 1.2623 1.4170 1.2675 1.3515 1.4412 1.2611 1.3966 
1.2293 1.2985 1.4332 1.2338 1.2371 1.3571 1.2500 1.3840 1.4854 1.2725 1.4144 1.2880 1.3958 1.2623 1.4170 1.2675 1.3515 1.4412 1.2611 1.3966 
1.2293 1.2985 1.4332 1.2338 1.2371 1.3571 1.2500 1.3840 1.4854 1.2725 1.4144 1.2880 1.3958 1.2623 1.4170 1.2675 1.3515 1.4412 1.2611 1.3966 
1.2293 1.2985 1.4332 1.2338 1.2371 1.3571 1.2396 1.3736 1.4750 1.2621 1.4040 1.2776 1.3854 1.2519 1.4066 1.2571 1.3411 1.4308 1.2507 1.3862 
1.2293 1.2985 1.4332 1.2338 1.2371 1.3571 1.2396 1.3736 1.4750 1.2621 1.4040 1.2776 1.3854 1.2519 1.4066 1.2571 1.3411 1.4308 1.2507 1.3862 
1.2293 1.2985 1.4332 1.2338 1.2371 1.3571 1.2396 1.3736 1.4750 1.2621 1.4040 1.2776 1.3854 1.2519 1.4066 1.2415 1.3255 1.4152 1.2351 1.3706 
1.2293 1.2985 1.4332 1.2338 1.2371 1.3571 1.2396 1.3736 1.4750 1.2621 1.4040 1.2776 1.3854 1.2519 1.4066 1.2415 1.3255 1.4152 1.2351 1.3706 
1.2293 1.2985 1.4332 1.2338 1.2371 1.3571 1.2500 1.3840 1.2725 1.2532 1.3951 1.2784 1.3938 1.2623 1.4170 1.2435 1.3274 1.4171 1.2371 1.3725 
1.2293 1.2985 1.4332 1.2338 1.2371 1.3571 1.2500 1.3840 1.2725 1.2532 1.3951 1.2784 1.3938 1.2623 1.4170 1.2435 1.3274 1.4171 1.2371 1.3725 
1.2293 1.2985 1.4332 1.2338 1.2371 1.3571 1.2500 1.3840 1.2725 1.2532 1.3951 1.2784 1.3938 1.2623 1.4170 1.2435 1.3274 1.4171 1.2371 1.3725 
1.2293 1.2985 1.4332 1.2338 1.2371 1.3571 1.2500 1.3840 1.2725 1.2532 1.3951 1.2784 1.3938 1.2623 1.4170 1.2435 1.3274 1.4171 1.2371 1.3725 
1.2293 1.2985 1.4332 1.2338 1.2371 1.3571 1.2500 1.3840 1.2725 1.2532 1.3951 1.2784 1.3938 1.2623 1.4170 1.2435 1.3274 1.4171 1.2371 1.3725 
1.2293 1.2985 1.2293 1.3395 1.2345 1.3545 1.2474 1.3814 1.2699 1.2506 1.3925 1.2758 1.3912 1.2597 1.4144 1.2435 1.3274 1.4171 1.2371 1.3725 
1.2293 1.2985 1.2293 1.3395 1.2345 1.3545 1.2474 1.3814 1.2699 1.2506 1.3925 1.2758 1.3912 1.2597 1.4144 1.2435 1.3274 1.4171 1.2371 1.3725 
1.2293 1.2985 1.2293 1.3395 1.2345 1.3545 1.2474 1.3814 1.2699 1.2506 1.3925 1.2758 1.3912 1.2597 1.4144 1.2435 1.3274 1.4171 1.2371 1.3725 
1.2293 1.2985 1.2293 1.3395 1.2345 1.3545 1.2474 1.3814 1.2699 1.2396 1.3814 1.2641 1.3795 1.2480 1.4027 1.2402 1.3242 1.4139 1.2338 1.3693 
1.2293 1.2985 1.2293 1.3395 1.2345 1.3545 1.2474 1.3814 1.2699 1.2396 1.3814 1.2582 1.3737 1.2422 1.3968 1.2389 1.3229 1.4126 1.2325 1.3680 
1.2293 1.2985 1.2293 1.3395 1.2345 1.3545 1.2474 1.3814 1.2699 1.2396 1.3814 1.2582 1.3737 1.2422 1.3968 1.2389 1.3229 1.4126 1.2325 1.3680 
1.2293 1.2985 1.2293 1.3395 1.2345 1.3545 1.2474 1.3814 1.2699 1.2396 1.3814 1.2641 1.3795 1.2480 1.4027 1.2402 1.2332 1.3421 1.2338 1.3693 
1.2293 1.2985 1.2293 1.3395 1.2345 1.3545 1.2474 1.3814 1.2699 1.2396 1.3814 1.2641 1.3795 1.2480 1.4027 1.2402 1.2332 1.3421 1.2338 1.3693 
1.2293 1.2985 1.2293 1.3395 1.2345 1.3545 1.2474 1.3814 1.2699 1.2396 1.3814 1.2582 1.3737 1.2422 1.3968 1.2389 1.2319 1.3408 1.2325 1.3680 
1.2293 1.2985 1.2293 1.3395 1.2345 1.3545 1.2474 1.3814 1.2699 1.2396 1.3814 1.2641 1.3795 1.2480 1.2403 1.3658 1.2428 1.3422 1.2338 1.3596 
1.2293 1.2985 1.2293 1.3395 1.2345 1.3545 1.2474 1.3814 1.2699 1.2396 1.3814 1.2641 1.3795 1.2480 1.2403 1.3658 1.2428 1.3422 1.2338 1.3596 
1.2293 1.2985 1.2293 1.3395 1.2345 1.3545 1.2474 1.3814 1.2699 1.2396 1.3814 1.2641 1.3795 1.2480 1.2403 1.3658 1.2428 1.3422 1.2338 1.3596 
1.2293 1.2985 1.2293 1.3395 1.2345 1.3545 1.2474 1.3814 1.2699 1.2506 1.2402 1.2332 1.3717 1.2364 1.2384 1.3651 1.2422 1.3415 1.2332 1.3590 
1.2293 1.2985 1.2293 1.3395 1.2345 1.3545 1.2474 1.3814 1.2699 1.2506 1.2402 1.2332 1.3717 1.2364 1.2384 1.3651 1.2389 1.3383 1.2299 1.3557 
1.2293 1.2985 1.2293 1.3395 1.2345 1.3545 1.2474 1.3814 1.2699 1.2506 1.2402 1.2332 1.3717 1.2364 1.2384 1.3651 1.2389 1.3383 1.2299 1.3557 
1.2293 1.2985 1.2293 1.3395 1.2345 1.3545 1.2474 1.2396 1.2402 1.2306 1.3724 1.2589 1.3743 1.2428 1.2351 1.3645 1.2389 1.3383 1.2299 1.3557 
1.2293 1.2985 1.2293 1.3395 1.2345 1.3545 1.2474 1.2500 1.2506 1.2410 1.2532 1.2312 1.2293 1.2312 1.2332 1.3645 1.2415 1.3409 1.2325 1.3583 
1.2293 1.2985 1.2293 1.3395 1.2345 1.3545 1.2474 1.2500 1.2506 1.2410 1.2532 1.2312 1.2293 1.2312 1.2332 1.3645 1.2415 1.3409 1.2325 1.3583 
1.2293 1.2985 1.2293 1.3395 1.2345 1.3545 1.2474 1.2500 1.2506 1.2410 1.2402 1.2293 1.2293 1.2312 1.2332 1.3645 1.2389 1.3383 1.2299 1.3557 
1.2293 1.2985 1.2293 1.3395 1.2345 1.3545 1.2474 1.2500 1.2506 1.2410 1.2402 1.2293 1.2293 1.2312 1.2332 1.2467 1.3182 1.2299 1.2299 1.2319 
1.2293 1.2985 1.2293 1.3395 1.2345 1.3545 1.2474 1.2500 1.2506 1.2410 1.2402 1.2293 1.2293 1.2312 1.2332 1.2467 1.3182 1.2299 1.2299 1.2319 
1.2293 1.2985 1.2293 1.3395 1.2345 1.2299 1.2332 1.2454 1.2461 1.2364 1.2389 1.2293 1.2293 1.2312 1.2332 1.2467 1.3182 1.2299 1.2299 1.2319 
1.2293 1.2985 1.2293 1.3395 1.2345 1.2299 1.2332 1.2454 1.2461 1.2364 1.2389 1.2293 1.2293 1.2312 1.2332 1.2467 1.3182 1.2299 1.2299 1.2319 
1.2293 1.2985 1.2293 1.3395 1.2299 1.2293 1.2325 1.2448 1.2454 1.2358 1.2389 1.2293 1.2293 1.2312 1.2332 1.2467 1.3182 1.2299 1.2299 1.2319 
1.2293 1.2985 1.2293 1.2312 1.2299 1.2293 1.2325 1.2448 1.2454 1.2358 1.2389 1.2293 1.2293 1.2312 1.2332 1.2467 1.2293 1.2299 1.2299 1.2319 
1.2293 1.2985 1.2293 1.2312 1.2299 1.2293 1.2325 1.2448 1.2454 1.2358 1.2389 1.2293 1.2293 1.2312 1.2332 1.2467 1.2293 1.2299 1.2299 1.2319 
1.2293 1.2985 1.2293 1.2312 1.2299 1.2293 1.2325 1.2448 1.2454 1.2293 1.2389 1.2319 1.2293 1.2312 1.2332 1.2467 1.2293 1.2299 1.2299 1.2319 
1.2293 1.2985 1.2293 1.2312 1.2299 1.2293 1.2325 1.2448 1.2454 1.2293 1.2389 1.2319 1.2293 1.2312 1.2332 1.2467 1.2293 1.2299 1.2299 1.2319 
1.2293 1.2985 1.2293 1.2312 1.2299 1.2293 1.2325 1.2448 1.2454 1.2293 1.2389 1.2319 1.2293 1.2312 1.2332 1.2467 1.2293 1.2299 1.2299 1.2319 
1.2293 1.2985 1.2293 1.2312 1.2299 1.2293 1.2293 1.2415 1.2422 1.2293 1.2389 1.2293 1.2293 1.2312 1.2332 1.2467 1.2293 1.2299 1.2299 1.2319 
1.2293 1.2306 1.2293 1.2312 1.2299 1.2293 1.2325 1.2448 1.2454 1.2293 1.2389 1.2319 1.2332 1.2351 1.2371 1.2500 1.2299 1.2306 1.2306 1.2325 
1.2293 1.2306 1.2293 1.2312 1.2299 1.2293 1.2325 1.2448 1.2454 1.2293 1.2389 1.2319 1.2332 1.2351 1.2371 1.2500 1.2299 1.2306 1.2306 1.2325 
1.2293 1.2306 1.2293 1.2312 1.2299 1.2293 1.2293 1.2415 1.2422 1.2293 1.2389 1.2293 1.2306 1.2325 1.2345 1.2480 1.2293 1.2299 1.2299 1.2319 
1.2293 1.2306 1.2293 1.2312 1.2299 1.2293 1.2293 1.2415 1.2422 1.2293 1.2389 1.2293 1.2306 1.2325 1.2345 1.2480 1.2293 1.2299 1.2299 1.2319 
1.2293 1.2306 1.2293 1.2312 1.2299 1.2293 1.2293 1.2415 1.2422 1.2293 1.2389 1.2293 1.2306 1.2325 1.2345 1.2480 1.2293 1.2299 1.2299 1.2319 
1.2293 1.2306 1.2293 1.2312 1.2299 1.2293 1.2293 1.2415 1.2422 1.2293 1.2389 1.2293 1.2293 1.2312 1.2332 1.2467 1.2293 1.2299 1.2299 1.2319 
1.2293 1.2306 1.2293 1.2312 1.2299 1.2293 1.2293 1.2293 1.2396 1.2293 1.2389 1.2293 1.2293 1.2312 1.2332 1.2389 1.2319 1.2325 1.2325 1.2345 
