2.2469 2.3135 2.3570 2.4503 2.4981 2.5784 2.6397 2.6997 2.7821 2.9050 3.0214 3.1650 3.2757 3.3578 1.7303 1.8497 1.8976 1.9656 2.1042 2.1798 
2.2469 2.3135 2.3570 2.4503 2.4981 2.5784 2.6397 2.6997 1.4990 1.6562 1.7345 1.8119 1.8830 2.0125 2.1331 2.2795 2.3700 2.4957 2.6767 2.7889 
2.2469 2.3135 2.3570 2.4503 2.4981 2.5784 2.6397 2.6997 1.4990 1.6562 1.7345 1.8119 1.8830 2.0125 2.1331 2.2795 2.3700 2.4957 2.6767 2.7889 
2.2469 2.3135 2.3570 2.4503 2.4981 2.5784 2.6397 1.4475 1.5380 1.7049 1.7851 1.9435 2.0531 2.1442 1.3922 1.5310 1.6176 1.6951 1.8531 1.9480 
2.2469 2.3135 2.3570 2.4503 2.4981 1.3869 1.4541 1.5736 1.6661 1.8427 2.0057 2.1621 2.2872 2.3782 1.4019 1.5406 1.6272 1.7048 1.8627 1.9576 
2.2469 2.3135 2.3570 2.4439 2.4846 1.3869 1.4541 1.5736 1.6661 1.8427 2.0057 2.1621 2.2872 2.3782 1.4019 1.5406 1.6272 1.7048 1.8627 1.9576 
2.2469 2.3135 2.3570 1.3470 1.4116 1.6129 1.7398 1.8690 2.0059 2.2171 1.3458 1.4329 1.5214 1.6354 1.3054 1.4538 1.5403 1.6372 1.7951 1.8900 
1.2293 1.3580 1.4649 1.6252 1.7881 2.0145 2.1550 2.2909 1.2963 1.4805 1.6378 1.7961 1.9077 2.0006 1.3247 1.4731 1.5597 1.6469 1.8048 1.8997 
1.2293 1.3580 1.4649 1.6252 1.7881 1.9952 2.1261 2.2620 1.2963 1.4805 1.6378 1.7961 1.9077 2.0006 1.3247 1.4731 1.5597 1.6469 1.8048 1.8997 
1.2293 1.3580 1.4649 1.6252 1.7881 1.9952 2.1261 2.2428 1.2963 1.4805 1.6378 1.7961 1.9077 2.0006 1.3247 1.4731 1.5597 1.6469 1.8048 1.8997 
1.2293 1.3580 1.4649 1.6252 1.7881 1.9952 2.1261 2.2428 1.2963 1.4805 1.6378 1.7961 1.9077 2.0006 1.3247 1.4731 1.5597 1.6469 1.8048 1.8997 
1.2293 1.3580 1.4649 1.6252 1.7881 1.2518 1.3383 1.4655 1.2384 1.4631 1.6261 1.7844 1.8960 1.9889 2.1499 1.3453 1.4318 1.5171 1.6750 1.7699 
1.2293 1.3580 1.4649 1.6252 1.7881 1.2518 1.3383 1.4655 1.2384 1.4631 1.6261 1.7844 1.8960 1.9889 1.3054 1.4538 1.5403 1.6276 1.7855 1.8804 
1.2293 1.3580 1.4649 1.6252 1.7881 1.2518 1.3383 1.4655 1.2384 1.4631 1.6261 1.7844 1.8960 1.9889 1.3054 1.4538 1.5403 1.6276 1.7855 1.8804 
1.2293 1.3580 1.4649 1.6252 1.7881 1.2518 1.3383 1.4655 1.2384 1.4631 1.6261 1.7844 1.8960 1.9889 1.3054 1.4538 1.5403 1.6276 1.7855 1.8804 
1.2293 1.3580 1.4649 1.2505 1.3710 1.6013 1.7321 1.8574 1.2673 1.4593 1.6223 1.7806 1.8922 1.9851 1.3054 1.4538 1.5403 1.6276 1.7855 1.8804 
1.2293 1.3580 1.4649 1.2505 1.3710 1.6013 1.7321 1.8478 1.2673 1.4573 1.6127 1.7710 1.8826 1.9755 1.3054 1.4538 1.5403 1.6276 1.7855 1.8804 
1.2293 1.3580 1.4649 1.6252 1.7881 1.2518 1.3383 1.4655 1.5928 1.2776 1.3925 1.5412 1.6508 1.7438 1.2668 1.4151 1.4985 1.5953 1.7686 1.8635 
1.2293 1.3580 1.4649 1.6252 1.7881 1.2518 1.3383 1.4655 1.5928 1.2776 1.3925 1.5412 1.6508 1.7438 1.2668 1.4151 1.4985 1.5953 1.7686 1.8635 
1.2293 1.3580 1.4649 1.6252 1.7881 1.2518 1.3383 1.4655 1.5928 1.2776 1.3925 1.5412 1.6508 1.7438 1.2668 1.4151 1.4985 1.5953 1.7686 1.8635 
1.2293 1.3580 1.4649 1.2505 1.3710 1.6013 1.7321 1.8574 1.2673 1.4689 1.6319 1.2609 1.3610 1.5098 1.6162 1.7665 1.8589 1.2900 1.4549 1.5401 
1.2293 1.3580 1.4649 1.6252 1.7881 1.2518 1.3383 1.4655 1.5928 1.2776 1.3925 1.5412 1.6508 1.7438 1.2668 1.4151 1.5017 1.2617 1.4363 1.5215 
1.2293 1.3580 1.4649 1.6252 1.7881 1.2518 1.3383 1.4655 1.5928 1.2776 1.3925 1.5412 1.6508 1.7438 1.2668 1.4151 1.5017 1.2617 1.4363 1.5215 
1.2293 1.3580 1.4649 1.6252 1.2512 1.4661 1.5872 1.7048 1.2673 1.4689 1.6319 1.2609 1.3610 1.5098 1.6162 1.2771 1.3636 1.4682 1.6338 1.7287 
1.2293 1.3580 1.4649 1.6252 1.2512 1.4661 1.5872 1.7048 1.2673 1.4689 1.6319 1.2609 1.3610 1.5098 1.6162 1.2771 1.3636 1.4682 1.6338 1.7287 
1.2293 1.3580 1.4649 1.6252 1.2512 1.4661 1.5872 1.7048 1.2673 1.4689 1.6319 1.2609 1.3610 1.5098 1.6162 1.2771 1.3636 1.4682 1.6338 1.7287 
1.2293 1.3580 1.4649 1.6252 1.2512 1.4661 1.5872 1.7048 1.2673 1.4689 1.6319 1.2609 1.3610 1.5098 1.6162 1.2771 1.3636 1.4682 1.6338 1.7287 
1.2293 1.3580 1.4649 1.6252 1.2512 1.4661 1.5872 1.7048 1.2673 1.4689 1.6313 1.2603 1.3603 1.5091 1.6156 1.2764 1.3630 1.4676 1.6332 1.7281 
1.2293 1.3580 1.4649 1.6252 1.2512 1.4661 1.5872 1.7048 1.2673 1.4689 1.6313 1.2603 1.3603 1.5091 1.6156 1.2764 1.3630 1.4676 1.6332 1.7281 
1.2293 1.3580 1.4649 1.6252 1.2512 1.4661 1.5872 1.7048 1.2673 1.4689 1.6319 1.2609 1.3610 1.5098 1.6162 1.2771 1.3636 1.2514 1.4260 1.5189 
1.2293 1.3580 1.4649 1.6252 1.2512 1.4661 1.5872 1.7048 1.2673 1.4689 1.6319 1.2609 1.3610 1.5098 1.6162 1.2771 1.3636 1.2514 1.4260 1.5189 
1.2293 1.3580 1.4649 1.6252 1.2512 1.4661 1.5872 1.7048 1.2673 1.4689 1.2590 1.3923 1.5058 1.6084 1.2475 1.3958 1.2617 1.3662 1.5292 1.6222 
1.2293 1.3580 1.4649 1.6252 1.2512 1.4661 1.5872 1.7048 1.2673 1.4689 1.2590 1.3923 1.5058 1.6084 1.2475 1.3958 1.2617 1.3662 1.5292 1.6222 
1.2293 1.3580 1.4649 1.2505 1.3710 1.6013 1.2338 1.3629 1.2384 1.4631 1.6280 1.2609 1.3610 1.5001 1.6143 1.2674 1.3540 1.2514 1.4260 1.5189 
1.2293 1.3580 1.4649 1.2505 1.3710 1.6013 1.2338 1.3629 1.2384 1.4631 1.6280 1.2609 1.3610 1.5001 1.6143 1.2674 1.3540 1.2514 1.4260 1.5189 
1.2293 1.3580 1.4649 1.2505 1.3710 1.6013 1.2338 1.3629 1.2384 1.4631 1.6280 1.2609 1.3610 1.5001 1.6143 1.2674 1.3540 1.2514 1.4260 1.5189 
1.2293 1.3580 1.4649 1.2505 1.3710 1.6013 1.2338 1.3629 1.2384 1.4631 1.6280 1.2609 1.3610 1.5001 1.6143 1.2674 1.3540 1.2514 1.4260 1.5189 
1.2293 1.3580 1.4649 1.2505 1.3710 1.6013 1.2338 1.3629 1.2384 1.4631 1.2590 1.3942 1.5077 1.6084 1.2475 1.3958 1.4824 1.2617 1.4363 1.5215 
1.2293 1.3580 1.4649 1.2505 1.3710 1.6013 1.2338 1.3629 1.2384 1.4631 1.2590 1.3942 1.5077 1.6084 1.2475 1.3958 1.4824 1.2617 1.4363 1.5215 
1.2293 1.3580 1.4649 1.2505 1.3710 1.6013 1.2338 1.3629 1.4826 1.2583 1.3906 1.2416 1.3551 1.4712 1.2468 1.3952 1.4818 1.2610 1.4356 1.5208 
1.2293 1.3580 1.4649 1.2505 1.3710 1.2325 1.3344 1.4616 1.5908 1.2680 1.3906 1.2416 1.3551 1.4808 1.2468 1.3952 1.4818 1.2610 1.4356 1.5208 
1.2293 1.3580 1.4649 1.2505 1.3710 1.2325 1.3344 1.4616 1.5908 1.2680 1.3906 1.2416 1.3551 1.4808 1.2468 1.3952 1.4818 1.2610 1.4356 1.5208 
1.2293 1.3580 1.4649 1.2505 1.3710 1.2325 1.3344 1.4616 1.5908 1.2680 1.3906 1.2397 1.3532 1.4789 1.2449 1.3932 1.4798 1.2591 1.4337 1.5189 
1.2293 1.3580 1.4649 1.2505 1.3710 1.2325 1.3344 1.4616 1.5908 1.2680 1.3906 1.2416 1.3551 1.4808 1.2468 1.3952 1.4818 1.2610 1.4356 1.5208 
1.2293 1.3580 1.4649 1.2505 1.3710 1.2325 1.3344 1.2351 1.3643 1.2487 1.3867 1.2416 1.3571 1.4905 1.2468 1.3952 1.4818 1.2610 1.4356 1.5208 
1.2293 1.3580 1.4649 1.2505 1.3710 1.2325 1.3344 1.4616 1.2384 1.2487 1.3867 1.2416 1.3571 1.4905 1.2468 1.3952 1.4818 1.2610 1.4356 1.5208 
1.2293 1.3580 1.4649 1.2505 1.3710 1.2325 1.3344 1.4616 1.2384 1.2487 1.3867 1.2416 1.3571 1.4905 1.2468 1.3952 1.4818 1.2610 1.4356 1.5208 
1.2293 1.3580 1.4649 1.2505 1.3710 1.2325 1.3344 1.4616 1.2384 1.2487 1.3867 1.2416 1.3571 1.4905 1.2468 1.3952 1.4818 1.2610 1.4356 1.5208 
1.2293 1.3580 1.4649 1.2505 1.3710 1.2325 1.3344 1.4616 1.2384 1.2487 1.3867 1.2416 1.3571 1.4905 1.2468 1.3952 1.4818 1.2610 1.4356 1.5208 
1.2293 1.3580 1.4649 1.2505 1.3710 1.2325 1.3344 1.2351 1.3643 1.2487 1.3867 1.2416 1.3571 1.4905 1.2468 1.3952 1.4818 1.2610 1.4356 1.5208 
1.2293 1.3580 1.4649 1.2505 1.3710 1.2325 1.3344 1.4616 1.2384 1.2487 1.3867 1.2416 1.3571 1.4905 1.2468 1.3952 1.4818 1.2428 1.4174 1.5026 
1.2293 1.3580 1.4649 1.2505 1.3710 1.2325 1.3344 1.4616 1.2384 1.2487 1.3867 1.2416 1.3571 1.4905 1.2468 1.3952 1.4818 1.2428 1.4174 1.5026 
1.2293 1.3580 1.4649 1.2505 1.3710 1.2325 1.3344 1.2351 1.3643 1.2487 1.3867 1.2416 1.3571 1.4905 1.2468 1.3952 1.4818 1.2428 1.4174 1.5026 
1.2293 1.3580 1.4649 1.2505 1.3710 1.2325 1.3344 1.4616 1.2384 1.2487 1.3867 1.2416 1.3571 1.4905 1.2468 1.3952 1.4818 1.2610 1.4356 1.2540 
1.2293 1.3580 1.4649 1.2505 1.3710 1.2325 1.3344 1.4616 1.2384 1.2487 1.3867 1.2416 1.3571 1.4905 1.2468 1.3952 1.4818 1.2610 1.4356 1.2540 
1.2293 1.3580 1.4649 1.2505 1.3710 1.2325 1.3344 1.2351 1.3643 1.2487 1.3867 1.2416 1.3571 1.4905 1.2468 1.3952 1.4818 1.2610 1.4356 1.2540 
1.2293 1.3580 1.4649 1.2505 1.3710 1.2325 1.3344 1.2338 1.3630 1.2474 1.3854 1.2403 1.3558 1.4892 1.2455 1.3939 1.4805 1.2597 1.4343 1.2527 
1.2293 1.3580 1.4649 1.2505 1.3710 1.2325 1.3344 1.2351 1.3643 1.2487 1.3867 1.2416 1.3571 1.2449 1.4071 1.2578 1.3443 1.4489 1.2628 1.3480 
1.2293 1.3580 1.4649 1.2505 1.3710 1.2325 1.3344 1.2351 1.3643 1.2487 1.3867 1.2416 1.3571 1.2449 1.4071 1.2578 1.3443 1.4489 1.2628 1.3480 
1.2293 1.3580 1.4649 1.2505 1.3710 1.2325 1.3344 1.2351 1.3643 1.2487 1.3867 1.2416 1.3571 1.2449 1.4071 1.2578 1.3443 1.4489 1.2628 1.3480 
1.2293 1.3580 1.4649 1.2505 1.3710 1.2325 1.3344 1.2351 1.3643 1.2487 1.3867 1.2416 1.3571 1.2449 1.4071 1.2578 1.3443 1.2514 1.4260 1.2540 
1.2293 1.3580 1.4649 1.2505 1.3710 1.2325 1.3344 1.2351 1.3643 1.2487 1.3867 1.2416 1.3571 1.2449 1.4071 1.2578 1.3443 1.2514 1.2332 1.3377 
1.2293 1.2306 1.3374 1.2505 1.3710 1.2325 1.3344 1.2351 1.3643 1.2487 1.3867 1.2416 1.3571 1.2449 1.4071 1.2578 1.3443 1.4489 1.2628 1.3480 
1.2293 1.2306 1.3374 1.2505 1.3710 1.2325 1.3344 1.2351 1.3643 1.2487 1.3867 1.2416 1.3571 1.2449 1.4071 1.2578 1.3443 1.4489 1.2628 1.3480 
1.2293 1.2306 1.3374 1.2505 1.3710 1.2325 1.3344 1.2351 1.3643 1.2487 1.3867 1.2416 1.3571 1.2449 1.4071 1.2578 1.3443 1.2514 1.4260 1.2540 
1.2293 1.2306 1.3374 1.2505 1.3710 1.2325 1.3344 1.2351 1.3643 1.2487 1.3867 1.2416 1.3571 1.2449 1.4071 1.2578 1.3443 1.2514 1.4260 1.2540 
1.2293 1.2306 1.3374 1.2505 1.3710 1.2325 1.3344 1.2351 1.3643 1.2487 1.3867 1.2416 1.3571 1.2449 1.4071 1.2578 1.3443 1.2514 1.4260 1.2540 
1.2293 1.2306 1.3374 1.2505 1.3710 1.2325 1.3344 1.2351 1.3643 1.2487 1.3867 1.2416 1.3571 1.2449 1.4071 1.2578 1.3443 1.2514 1.2520 1.3566 
1.2293 1.2306 1.3374 1.2505 1.3710 1.2325 1.3344 1.2351 1.3643 1.2487 1.3867 1.2416 1.3571 1.2449 1.4071 1.2578 1.3443 1.2514 1.2520 1.3566 
1.2293 1.2306 1.3374 1.2505 1.3710 1.2325 1.3344 1.2351 1.3643 1.2487 1.3867 1.2416 1.3571 1.2449 1.4071 1.2578 1.3443 1.2514 1.2520 1.3566 
1.2293 1.2306 1.3374 1.2505 1.3710 1.2325 1.3344 1.2351 1.3643 1.2487 1.3867 1.2416 1.3571 1.2319 1.3941 1.2448 1.3313 1.2384 1.2390 1.3436 
1.2293 1.2306 1.3374 1.2505 1.3710 1.2325 1.3344 1.2351 1.3643 1.2487 1.3867 1.2416 1.3571 1.2319 1.3941 1.2448 1.3313 1.2384 1.2390 1.3436 
1.2293 1.2306 1.3374 1.2505 1.3710 1.2325 1.3344 1.2351 1.3643 1.2480 1.3860 1.2410 1.3564 1.2312 1.3934 1.2441 1.3307 1.2377 1.2384 1.3429 
1.2293 1.2306 1.3374 1.2505 1.3710 1.2325 1.3344 1.2351 1.3643 1.2480 1.3860 1.2410 1.3564 1.2442 1.2462 1.2571 1.3437 1.2507 1.2514 1.3559 
1.2293 1.2306 1.3374 1.2505 1.3710 1.2325 1.3344 1.2351 1.3643 1.2480 1.3860 1.2410 1.3564 1.2442 1.2462 1.2571 1.3437 1.2507 1.2514 1.3559 
1.2293 1.2306 1.3374 1.2505 1.3710 1.2325 1.3344 1.2351 1.3643 1.2480 1.3860 1.2410 1.3564 1.2442 1.2462 1.2409 1.3274 1.2345 1.2351 1.3397 
1.2293 1.2306 1.3374 1.2505 1.3710 1.2325 1.3344 1.2351 1.3643 1.2480 1.3766 1.2319 1.3473 1.2351 1.2371 1.2480 1.3346 1.2416 1.2423 1.3468 
1.2293 1.2306 1.3374 1.2505 1.3710 1.2325 1.3344 1.2351 1.3643 1.2480 1.3766 1.2319 1.3473 1.2351 1.2371 1.2389 1.3255 1.2325 1.2332 1.3377 
1.2293 1.2306 1.3374 1.2505 1.3710 1.2325 1.3344 1.2351 1.3643 1.2480 1.2299 1.2319 1.3473 1.2351 1.2371 1.2389 1.3255 1.2325 1.2332 1.3377 
1.2293 1.2306 1.3374 1.2486 1.3691 1.2306 1.3325 1.2332 1.3624 1.2461 1.2299 1.2319 1.3473 1.2351 1.2371 1.2389 1.3255 1.2325 1.2332 1.3377 
1.2293 1.2306 1.3374 1.2505 1.2319 1.2325 1.3344 1.2351 1.3643 1.2480 1.2299 1.2319 1.3473 1.2351 1.2371 1.2389 1.3255 1.2325 1.2332 1.3377 
1.2293 1.2306 1.3374 1.2505 1.2319 1.2325 1.3344 1.2351 1.2384 1.2487 1.2306 1.2325 1.3480 1.2358 1.2377 1.2389 1.3255 1.2325 1.2332 1.3377 
1.2293 1.2306 1.3374 1.2505 1.2319 1.2325 1.3344 1.2351 1.2384 1.2487 1.2306 1.2325 1.3480 1.2358 1.2377 1.2389 1.3255 1.2325 1.2332 1.3377 
1.2293 1.2306 1.3374 1.2505 1.2319 1.2325 1.3344 1.2351 1.2384 1.2487 1.2306 1.2325 1.3480 1.2358 1.2377 1.2389 1.3255 1.2325 1.2299 1.3345 
1.2293 1.2306 1.3374 1.2505 1.2319 1.2325 1.3344 1.2351 1.2384 1.2487 1.2397 1.2416 1.2449 1.2449 1.2468 1.2415 1.3281 1.2351 1.2299 1.3345 
1.2293 1.2306 1.3374 1.2505 1.2319 1.2325 1.3344 1.2351 1.2384 1.2487 1.2397 1.2416 1.2449 1.2449 1.2319 1.2389 1.3255 1.2325 1.2299 1.3345 
1.2293 1.2306 1.2312 1.2389 1.2299 1.2306 1.3325 1.2332 1.2364 1.2467 1.2377 1.2397 1.2429 1.2429 1.2319 1.2389 1.3255 1.2325 1.2299 1.3345 
1.2293 1.2306 1.2312 1.2389 1.2299 1.2306 1.3325 1.2332 1.2364 1.2467 1.2377 1.2397 1.2429 1.2429 1.2319 1.2389 1.3255 1.2325 1.2299 1.2319 
1.2293 1.2306 1.2312 1.2389 1.2299 1.2306 1.2319 1.2332 1.2364 1.2467 1.2377 1.2397 1.2429 1.2429 1.2319 1.2389 1.3255 1.2325 1.2299 1.2319 
1.2293 1.2306 1.2312 1.2389 1.2299 1.2306 1.2319 1.2332 1.2364 1.2467 1.2377 1.2397 1.2429 1.2429 1.2319 1.2389 1.2325 1.2325 1.2332 1.2351 
1.2293 1.2306 1.2312 1.2389 1.2299 1.2306 1.2319 1.2332 1.2364 1.2467 1.2377 1.2397 1.2429 1.2429 1.2319 1.2389 1.2325 1.2325 1.2332 1.2351 
1.2293 1.2306 1.2312 1.2389 1.2299 1.2306 1.2319 1.2332 1.2364 1.2467 1.2377 1.2397 1.2429 1.2429 1.2319 1.2389 1.2325 1.2325 1.2332 1.2351 
1.2293 1.2306 1.2312 1.2389 1.2299 1.2306 1.2319 1.2332 1.2364 1.2467 1.2377 1.2397 1.2429 1.2429 1.2319 1.2389 1.2325 1.2325 1.2332 1.2351 
1.2293 1.2306 1.2312 1.2389 1.2299 1.2306 1.2319 1.2332 1.2364 1.2467 1.2377 1.2397 1.2429 1.2429 1.2319 1.2389 1.2325 1.2325 1.2332 1.2351 
1.2293 1.2306 1.2312 1.2389 1.2299 1.2306 1.2319 1.2332 1.2364 1.2467 1.2377 1.2397 1.2429 1.2429 1.2319 1.2389 1.2325 1.2325 1.2332 1.2351 
1.2293 1.2306 1.2312 1.2389 1.2299 1.2306 1.2319 1.2332 1.2364 1.2467 1.2377 1.2397 1.2429 1.2429 1.2319 1.2389 1.2325 1.2325 1.2332 1.2351 
1.2293 1.2306 1.2312 1.2389 1.2299 1.2306 1.2319 1.2332 1.2364 1.2467 1.2377 1.2397 1.2429 1.2429 1.2319 1.2389 1.2325 1.2325 1.2332 1.2351 
1.2293 1.2306 1.2312 1.2389 1.2299 1.2306 1.2319 1.2332 1.2364 1.2467 1.2377 1.2397 1.2429 1.2429 1.2319 1.2389 1.2325 1.2325 1.2332 1.2351 
1.2293 1.2306 1.2312 1.2389 1.2299 1.2306 1.2319 1.2332 1.2299 1.2402 1.2312 1.2332 1.2364 1.2364 1.2293 1.2389 1.2325 1.2325 1.2332 1.2351 
1.2293 1.2293 1.2299 1.2293 1.2293 1.2293 1.2293 1.2293 1.2325 1.2293 1.2293 1.2312 1.2345 1.2293 1.2293 1.2293 1.2299 1.2293 1.2293 1.2293 
