1.6353 1.6692 1.7102 1.7689 1.8701 1.9710 2.0359 2.1362 2.3049 2.4183 1.7739 1.8033 1.8363 1.8794 1.9204 2.0628 2.3042 2.4006 2.5317 2.7087 
1.6353 1.6692 1.7102 1.7689 1.8701 1.9710 2.0359 2.1362 2.3049 2.4183 1.3160 1.4345 1.5370 1.7448 1.8566 1.9984 2.2411 2.3382 2.4686 2.6456 
1.6353 1.6692 1.7102 1.7689 1.8701 1.9710 2.0359 2.1362 2.3049 2.4183 1.3160 1.4345 1.5370 1.7448 1.8566 1.9984 2.2411 2.3382 2.4686 2.6456 
1.6353 1.6692 1.7102 1.7689 1.8701 1.9710 2.0359 2.1362 2.3049 2.4183 1.7739 1.8033 1.8363 1.8794 1.9204 2.0628 1.8488 1.8860 1.9326 1.9591 
1.6353 1.6692 1.7102 1.7689 1.8701 1.9710 2.0359 2.1303 2.2908 2.4042 1.7674 1.7968 1.8298 1.8729 1.9197 2.0621 1.8488 1.8860 1.9326 1.9591 
1.6353 1.6692 1.7102 1.7689 1.8701 1.9710 2.0359 2.1303 2.2908 2.4042 1.7674 1.7968 1.8298 1.8729 1.9197 2.0621 1.8488 1.8860 1.9326 1.9591 
1.6353 1.6692 1.7102 1.7689 1.8701 1.9710 1.6933 1.7284 1.7816 1.8072 1.7400 1.7724 1.8118 1.8582 1.9107 2.0524 1.8208 1.8579 1.9046 1.9310 
1.6353 1.6692 1.7102 1.7689 1.8701 1.9710 1.6933 1.7284 1.7816 1.8072 1.7400 1.7724 1.8118 1.8582 1.9107 2.0524 1.8208 1.8579 1.9046 1.9310 
1.6353 1.6692 1.7102 1.7689 1.8701 1.9710 1.6933 1.7284 1.7816 1.8072 1.7400 1.7724 1.8118 1.8582 1.9107 2.0524 1.8208 1.8579 1.9046 1.9310 
1.6353 1.6692 1.7102 1.7689 1.8701 1.9710 1.6933 1.7284 1.7816 1.8072 1.7400 1.7724 1.8118 1.8582 1.9107 1.7925 1.8417 1.8793 1.9269 1.9724 
1.6353 1.6692 1.7102 1.7689 1.8701 1.9710 1.6933 1.7284 1.7816 1.8072 1.7400 1.7724 1.8118 1.8582 1.9107 1.7925 1.8417 1.8793 1.9269 1.9724 
1.6353 1.6692 1.7102 1.7278 1.7894 1.9047 1.9504 1.6943 1.7438 1.7679 1.7281 1.7604 1.7999 1.8465 1.9095 1.7806 1.8298 1.8673 1.9149 1.9604 
1.6353 1.6692 1.7102 1.7278 1.7894 1.9047 1.9504 1.6943 1.7438 1.7679 1.7281 1.7604 1.7999 1.8465 1.9095 1.7806 1.8298 1.8673 1.9149 1.9604 
1.6353 1.6692 1.7102 1.7278 1.7894 1.9047 1.2693 1.4226 1.5663 1.6585 1.2469 1.3759 1.5119 1.7371 1.8489 1.2927 1.4853 1.5971 1.6985 1.8793 
1.6353 1.6692 1.7102 1.7278 1.7894 1.9047 1.2693 1.4226 1.5663 1.6585 1.2469 1.3759 1.5119 1.7371 1.8489 1.2927 1.4853 1.5971 1.6985 1.8793 
1.6353 1.6692 1.7102 1.7275 1.7879 1.8951 1.2693 1.4226 1.5663 1.6585 1.2469 1.3759 1.5119 1.7371 1.8489 1.2927 1.4853 1.5971 1.6985 1.8793 
1.6353 1.6692 1.5898 1.6193 1.6820 1.7192 1.2390 1.4194 1.5650 1.6573 1.2552 1.3841 1.5125 1.7397 1.8515 1.2913 1.4839 1.5957 1.6972 1.8780 
1.6353 1.6692 1.5898 1.6193 1.6820 1.7192 1.2390 1.4194 1.5650 1.6573 1.2552 1.3841 1.5125 1.7397 1.8515 1.2913 1.4839 1.5957 1.6972 1.8780 
1.6353 1.6692 1.5898 1.6193 1.6820 1.7192 1.2390 1.4194 1.5650 1.6573 1.2552 1.3841 1.5125 1.7397 1.8515 1.2913 1.4839 1.5957 1.6972 1.8767 
1.6353 1.6692 1.5898 1.6193 1.6820 1.7192 1.2390 1.4194 1.5650 1.6573 1.2552 1.3841 1.5125 1.7397 1.8515 1.2913 1.2849 1.4063 1.5038 1.6442 
1.6353 1.6692 1.5898 1.6193 1.6820 1.7192 1.2390 1.4194 1.5650 1.6573 1.2552 1.3841 1.5125 1.2700 1.3645 1.4811 1.2752 1.3967 1.5038 1.6442 
1.6353 1.6692 1.5898 1.6193 1.6820 1.7192 1.2390 1.4194 1.5650 1.6573 1.2552 1.3841 1.5125 1.2700 1.3645 1.4811 1.2752 1.3967 1.5038 1.6442 
1.6353 1.6692 1.5898 1.6193 1.6820 1.7192 1.2390 1.4194 1.5650 1.6573 1.2552 1.3841 1.5125 1.2700 1.3645 1.4811 1.2752 1.3967 1.5038 1.6442 
1.6353 1.6692 1.5898 1.6193 1.6820 1.7192 1.2390 1.4194 1.5650 1.6573 1.2552 1.3841 1.5125 1.2700 1.3645 1.4811 1.2752 1.3967 1.5038 1.6442 
1.6353 1.6692 1.2312 1.3346 1.5001 1.6346 1.6821 1.2397 1.3859 1.4782 1.2462 1.3751 1.5112 1.2707 1.3651 1.4818 1.2759 1.3973 1.5045 1.6449 
1.6353 1.6692 1.2312 1.3346 1.5001 1.6346 1.6821 1.2397 1.3859 1.4782 1.2462 1.3751 1.5112 1.2707 1.3651 1.4818 1.2759 1.3973 1.5045 1.6449 
1.6353 1.6692 1.2312 1.3346 1.5001 1.6346 1.2390 1.4194 1.5657 1.6580 1.2558 1.3848 1.5132 1.2707 1.3651 1.4818 1.2759 1.3973 1.5045 1.6449 
1.6353 1.6692 1.2312 1.3346 1.5001 1.6346 1.2390 1.4194 1.5657 1.6580 1.2558 1.3848 1.5132 1.2707 1.3651 1.4818 1.2759 1.3973 1.5045 1.6449 
1.6353 1.6599 1.2306 1.3340 1.4995 1.6340 1.2384 1.4187 1.5650 1.6573 1.2552 1.3841 1.5125 1.2700 1.3645 1.4811 1.2752 1.3967 1.5038 1.6442 
1.6353 1.6599 1.2306 1.3340 1.4995 1.6340 1.2384 1.4187 1.5650 1.6573 1.2552 1.3841 1.5125 1.2700 1.3645 1.4811 1.2752 1.3967 1.5038 1.6442 
1.6353 1.6599 1.2306 1.3340 1.4995 1.6340 1.2384 1.4187 1.5650 1.6573 1.2552 1.3841 1.5125 1.2700 1.3645 1.4811 1.2752 1.3967 1.5038 1.6442 
1.6353 1.6599 1.2306 1.3340 1.4995 1.6340 1.2384 1.4187 1.5650 1.6573 1.2552 1.3841 1.5125 1.2700 1.3645 1.4811 1.2752 1.3967 1.5038 1.6442 
1.4446 1.5104 1.5389 1.6240 1.2531 1.3626 1.4099 1.2384 1.3847 1.4769 1.2449 1.3738 1.5099 1.2694 1.3638 1.4805 1.2746 1.3960 1.5032 1.6436 
1.4446 1.5104 1.5389 1.6240 1.2531 1.3626 1.4099 1.2384 1.3847 1.4769 1.2449 1.3738 1.5099 1.2694 1.3638 1.4805 1.2746 1.3960 1.5032 1.6436 
1.4446 1.5104 1.5389 1.6240 1.2531 1.3626 1.4099 1.2384 1.3847 1.4769 1.2449 1.3738 1.5099 1.2694 1.3638 1.4805 1.2557 1.3772 1.4843 1.6247 
1.4446 1.5104 1.5389 1.6240 1.2531 1.3626 1.4099 1.2384 1.3847 1.4769 1.2449 1.3738 1.5099 1.2694 1.3638 1.4805 1.2557 1.3772 1.4843 1.6247 
1.4446 1.5104 1.5389 1.6240 1.2531 1.3626 1.4099 1.2384 1.3847 1.4769 1.2449 1.3738 1.5099 1.2694 1.3638 1.4805 1.2557 1.3772 1.4843 1.6247 
1.2293 1.3576 1.4847 1.5726 1.2544 1.3639 1.4112 1.2397 1.3860 1.4782 1.2462 1.3751 1.5112 1.2707 1.3651 1.4818 1.2759 1.3973 1.2701 1.4394 
1.2293 1.3576 1.4847 1.5726 1.2544 1.3639 1.4112 1.2397 1.3860 1.4782 1.2462 1.3751 1.5112 1.2707 1.3651 1.4818 1.2759 1.3973 1.2701 1.4394 
1.2293 1.3576 1.4847 1.5726 1.2544 1.3639 1.4112 1.2397 1.3860 1.4782 1.2462 1.3751 1.5112 1.2707 1.3651 1.4818 1.2759 1.3973 1.2701 1.4394 
1.2293 1.3576 1.4847 1.5726 1.2544 1.3639 1.4112 1.2397 1.3860 1.4782 1.2462 1.3751 1.5112 1.2707 1.3651 1.4818 1.2759 1.3973 1.2701 1.4394 
1.2293 1.3576 1.4847 1.5726 1.2544 1.3639 1.4112 1.2397 1.3860 1.4782 1.2462 1.3751 1.5112 1.2707 1.3651 1.4818 1.2759 1.3973 1.2701 1.4394 
1.4446 1.5104 1.2312 1.3346 1.2351 1.3600 1.4074 1.2397 1.3860 1.4782 1.2462 1.3751 1.5112 1.2707 1.3651 1.4818 1.2759 1.3973 1.2701 1.4394 
1.4446 1.5104 1.2312 1.3346 1.2351 1.3600 1.4074 1.2397 1.3860 1.4782 1.2462 1.3751 1.5112 1.2707 1.3651 1.4818 1.2759 1.3973 1.2701 1.4394 
1.4446 1.5104 1.2312 1.3346 1.2351 1.3600 1.4074 1.2397 1.3860 1.4782 1.2462 1.3751 1.5112 1.2707 1.3651 1.4818 1.2759 1.3973 1.2701 1.4394 
1.4446 1.5104 1.2312 1.3346 1.2351 1.3600 1.4074 1.2397 1.3860 1.4782 1.2462 1.3751 1.5112 1.2707 1.3651 1.4818 1.2759 1.3973 1.2701 1.4394 
1.4446 1.5104 1.2312 1.3346 1.2351 1.3600 1.4074 1.2397 1.3860 1.4782 1.2462 1.3751 1.5112 1.2707 1.3651 1.4818 1.2759 1.3973 1.2701 1.4394 
1.4446 1.5104 1.2312 1.3346 1.2351 1.3600 1.4074 1.2397 1.3860 1.4782 1.2462 1.3751 1.5112 1.2707 1.3651 1.4818 1.2759 1.3973 1.2701 1.4394 
1.4446 1.5104 1.2312 1.3346 1.2351 1.3600 1.4074 1.2397 1.3860 1.4782 1.2462 1.3751 1.5112 1.2707 1.3651 1.4818 1.2759 1.3973 1.2701 1.4394 
1.4446 1.5104 1.2312 1.3346 1.2351 1.3600 1.4074 1.2299 1.3762 1.4685 1.2364 1.3654 1.5015 1.2609 1.3554 1.4720 1.2661 1.3882 1.2610 1.4303 
1.2293 1.3576 1.2312 1.3346 1.2351 1.3600 1.4074 1.2299 1.3762 1.4685 1.2364 1.3654 1.5015 1.2609 1.3554 1.4720 1.2661 1.3882 1.2610 1.4303 
1.2293 1.3576 1.2312 1.3346 1.2351 1.3600 1.4074 1.2299 1.3762 1.4685 1.2364 1.3654 1.5015 1.2609 1.3554 1.4720 1.2661 1.3882 1.2610 1.4303 
1.2293 1.3576 1.2312 1.3346 1.2351 1.3600 1.4074 1.2397 1.3860 1.4782 1.2462 1.3751 1.2694 1.2514 1.3458 1.4798 1.2759 1.3973 1.2701 1.4394 
1.2293 1.3576 1.2312 1.3346 1.2351 1.3600 1.4074 1.2397 1.3860 1.4782 1.2462 1.3751 1.2694 1.2514 1.3458 1.4798 1.2759 1.3973 1.2701 1.4394 
1.2293 1.3576 1.2312 1.3346 1.2351 1.3600 1.4074 1.2397 1.3860 1.4782 1.2462 1.3751 1.2694 1.2514 1.3458 1.4798 1.2759 1.3973 1.2701 1.4394 
1.2293 1.3576 1.2312 1.3346 1.2351 1.3600 1.4074 1.2397 1.3860 1.4782 1.2462 1.3751 1.4614 1.2538 1.3482 1.4649 1.2590 1.3811 1.2539 1.4231 
1.2293 1.3576 1.2312 1.3346 1.2351 1.3600 1.4074 1.2299 1.3762 1.4685 1.2364 1.3654 1.2596 1.2416 1.3361 1.4701 1.2661 1.3882 1.2610 1.4303 
1.2293 1.3576 1.2312 1.3346 1.2351 1.3600 1.4074 1.2299 1.3762 1.4685 1.2364 1.3654 1.4588 1.2512 1.3456 1.4623 1.2564 1.3785 1.2513 1.4205 
1.4446 1.2293 1.3564 1.4446 1.2441 1.3613 1.4087 1.2299 1.3762 1.4685 1.2364 1.3654 1.4588 1.2512 1.3456 1.4623 1.2564 1.3785 1.2513 1.4205 
1.2293 1.3576 1.2312 1.3346 1.2351 1.3600 1.4074 1.2397 1.3860 1.2442 1.2319 1.3608 1.2551 1.2371 1.3315 1.4655 1.2616 1.3837 1.2565 1.4257 
1.2293 1.3576 1.2312 1.3346 1.2351 1.3600 1.4074 1.2397 1.2429 1.3352 1.2319 1.3608 1.4585 1.2499 1.3443 1.4610 1.2551 1.3772 1.2500 1.4192 
1.2293 1.3576 1.2312 1.3346 1.2351 1.3600 1.4074 1.2397 1.2429 1.3352 1.2319 1.3608 1.4585 1.2499 1.3443 1.4610 1.2551 1.3772 1.2500 1.4192 
1.2293 1.3576 1.2312 1.3346 1.2351 1.3600 1.4074 1.2397 1.3860 1.2442 1.2319 1.3608 1.2551 1.2371 1.3315 1.2487 1.2519 1.3740 1.2565 1.4257 
1.2293 1.3576 1.2312 1.3346 1.2351 1.3600 1.4074 1.2397 1.3860 1.2442 1.2319 1.3608 1.2551 1.2371 1.3315 1.2487 1.2519 1.3740 1.2565 1.4257 
1.2293 1.3576 1.2312 1.3346 1.2351 1.3600 1.4074 1.2397 1.3860 1.2442 1.2319 1.3608 1.2551 1.2371 1.3315 1.2487 1.2519 1.3740 1.2565 1.4257 
1.2293 1.3576 1.2312 1.3346 1.2351 1.3600 1.4074 1.2397 1.3860 1.2442 1.2319 1.3608 1.2551 1.2371 1.3315 1.2487 1.2519 1.3740 1.2565 1.4257 
1.2293 1.3576 1.2312 1.3346 1.2351 1.3600 1.4074 1.2397 1.3860 1.2442 1.2319 1.3608 1.2551 1.2371 1.3315 1.2487 1.2519 1.3740 1.2565 1.4257 
1.2293 1.3576 1.2312 1.3346 1.2351 1.3600 1.4074 1.2397 1.3860 1.2442 1.2319 1.3608 1.2551 1.2371 1.3315 1.2487 1.2519 1.3740 1.2396 1.4088 
1.2293 1.3576 1.2312 1.3346 1.2351 1.3600 1.4074 1.2397 1.3860 1.2442 1.2319 1.3608 1.2551 1.2371 1.3315 1.2487 1.2519 1.3740 1.2396 1.4088 
1.2293 1.3576 1.2312 1.3346 1.2351 1.3600 1.4074 1.2397 1.2429 1.3352 1.2462 1.3751 1.2694 1.2514 1.3458 1.2630 1.2662 1.2579 1.3650 1.2714 
1.2293 1.3576 1.2312 1.3346 1.2351 1.3600 1.4074 1.2397 1.3860 1.2442 1.2319 1.3608 1.2551 1.2371 1.3315 1.2487 1.2519 1.2442 1.3513 1.2578 
1.2293 1.3576 1.2312 1.3346 1.2351 1.2364 1.2838 1.2397 1.2429 1.3352 1.2462 1.3751 1.2694 1.2514 1.3458 1.2630 1.2662 1.2579 1.3650 1.2714 
1.2293 1.3576 1.2312 1.3346 1.2351 1.2364 1.2838 1.2397 1.2429 1.3352 1.2462 1.3751 1.2694 1.2514 1.3458 1.2630 1.2662 1.2579 1.3650 1.2714 
1.2293 1.3576 1.2312 1.3346 1.2351 1.2364 1.2838 1.2397 1.2429 1.3352 1.2462 1.3751 1.2694 1.2514 1.3458 1.2630 1.2662 1.2579 1.3650 1.2714 
1.2293 1.3576 1.2312 1.3346 1.2351 1.2364 1.2838 1.2397 1.2429 1.3352 1.2462 1.3751 1.2694 1.2514 1.3458 1.2630 1.2662 1.2579 1.3650 1.2714 
1.2293 1.3576 1.2312 1.3346 1.2351 1.2364 1.2838 1.2397 1.2429 1.3352 1.2462 1.3751 1.2694 1.2514 1.3458 1.2630 1.2662 1.2579 1.3650 1.2714 
1.2293 1.3576 1.2312 1.3346 1.2351 1.2364 1.2838 1.2397 1.2429 1.3352 1.2319 1.3608 1.2551 1.2371 1.3315 1.2487 1.2519 1.2442 1.3513 1.2578 
1.2293 1.3576 1.2312 1.3346 1.2351 1.2364 1.2838 1.2397 1.2429 1.3352 1.2319 1.3608 1.2551 1.2371 1.3315 1.2487 1.2519 1.2442 1.3513 1.2578 
1.2293 1.3576 1.2312 1.3346 1.2351 1.2364 1.2838 1.2397 1.2429 1.3352 1.2312 1.3601 1.2544 1.2364 1.3309 1.2480 1.2513 1.2436 1.3507 1.2571 
1.2293 1.3576 1.2312 1.3346 1.2351 1.2364 1.2838 1.2397 1.2429 1.3352 1.2462 1.2668 1.2332 1.2345 1.3289 1.2461 1.2493 1.2416 1.3487 1.2552 
1.2293 1.3576 1.2312 1.3346 1.2351 1.2364 1.2838 1.2397 1.2429 1.3352 1.2462 1.2668 1.2332 1.2345 1.3289 1.2461 1.2493 1.2416 1.3487 1.2552 
1.2293 1.2299 1.2312 1.3346 1.2351 1.2364 1.2838 1.2397 1.2429 1.3352 1.2462 1.2668 1.2332 1.2345 1.3289 1.2461 1.2493 1.2416 1.3487 1.2552 
1.2293 1.2299 1.2312 1.3346 1.2351 1.2364 1.2838 1.2397 1.2429 1.3352 1.2462 1.2668 1.2332 1.2345 1.3289 1.2461 1.2396 1.2319 1.3390 1.2454 
1.2293 1.2299 1.2312 1.3346 1.2351 1.2364 1.2838 1.2397 1.2429 1.3352 1.2462 1.2668 1.2332 1.2345 1.3289 1.2461 1.2396 1.2319 1.3390 1.2454 
1.2293 1.2299 1.2312 1.3346 1.2351 1.2364 1.2838 1.2397 1.2429 1.3352 1.2462 1.2668 1.2332 1.2345 1.3289 1.2461 1.2493 1.2416 1.2396 1.2312 
1.2293 1.2299 1.2312 1.3346 1.2351 1.2364 1.2838 1.2397 1.2429 1.3352 1.2462 1.2668 1.2332 1.2345 1.3289 1.2461 1.2493 1.2416 1.2396 1.2312 
1.2293 1.2299 1.2312 1.2319 1.2351 1.2364 1.2838 1.2397 1.2429 1.2442 1.2462 1.2668 1.2332 1.2345 1.3289 1.2461 1.2493 1.2416 1.2396 1.2312 
1.2293 1.2299 1.2312 1.2319 1.2351 1.2364 1.2838 1.2397 1.2429 1.2442 1.2462 1.2518 1.2293 1.2306 1.3250 1.2422 1.2454 1.2377 1.2396 1.2312 
1.2293 1.2299 1.2312 1.2319 1.2351 1.2364 1.2838 1.2397 1.2429 1.2442 1.2462 1.2668 1.2332 1.2345 1.2358 1.2461 1.2493 1.2416 1.2396 1.2312 
1.2293 1.2299 1.2312 1.2319 1.2351 1.2364 1.2838 1.2397 1.2429 1.2442 1.2462 1.2668 1.2332 1.2345 1.2358 1.2461 1.2493 1.2416 1.2396 1.2312 
1.2293 1.2299 1.2312 1.2319 1.2351 1.2364 1.2838 1.2397 1.2429 1.2442 1.2462 1.2668 1.2332 1.2345 1.2358 1.2461 1.2493 1.2416 1.2396 1.2312 
1.2293 1.2299 1.2312 1.2319 1.2351 1.2364 1.2838 1.2397 1.2429 1.2442 1.2462 1.2668 1.2332 1.2345 1.2358 1.2461 1.2493 1.2416 1.2396 1.2312 
1.2293 1.2299 1.2312 1.2319 1.2351 1.2364 1.2838 1.2397 1.2429 1.2442 1.2462 1.2668 1.2332 1.2345 1.2358 1.2461 1.2493 1.2416 1.2396 1.2312 
1.2293 1.2299 1.2312 1.2319 1.2293 1.2306 1.2779 1.2338 1.2371 1.2384 1.2403 1.2609 1.2319 1.2332 1.2345 1.2448 1.2480 1.2403 1.2396 1.2312 
1.2293 1.2299 1.2312 1.2319 1.2351 1.2364 1.2390 1.2397 1.2429 1.2312 1.2325 1.2531 1.2293 1.2306 1.2319 1.2422 1.2454 1.2377 1.2396 1.2312 
1.2293 1.2299 1.2312 1.2319 1.2351 1.2364 1.2390 1.2397 1.2429 1.2312 1.2325 1.2531 1.2293 1.2306 1.2319 1.2422 1.2454 1.2377 1.2396 1.2312 
1.2293 1.2299 1.2312 1.2319 1.2351 1.2364 1.2390 1.2397 1.2429 1.2312 1.2325 1.2531 1.2293 1.2306 1.2319 1.2422 1.2454 1.2377 1.2396 1.2312 
1.2293 1.2299 1.2312 1.2319 1.2351 1.2364 1.2390 1.2397 1.2429 1.2312 1.2325 1.2531 1.2293 1.2306 1.2319 1.2422 1.2454 1.2377 1.2396 1.2312 
1.2293 1.2299 1.2312 1.2319 1.2351 1.2364 1.2390 1.2397 1.2429 1.2442 1.2462 1.2293 1.2293 1.2306 1.2319 1.2422 1.2454 1.2377 1.2396 1.2312 
1.2293 1.2293 1.2293 1.2293 1.2293 1.2293 1.2293 1.2293 1.2299 1.2293 1.2293 1.2293 1.2293 1.2306 1.2293 1.2293 1.2293 1.2312 1.2389 1.2306 
