2.2495 2.3412 2.4544 2.5382 2.6147 2.7091 2.7787 2.8858 2.9851 3.0573 3.1297 3.2080 3.2751 1.9913 2.0661 2.1107 2.1978 2.2721 2.4338 2.5100 
2.2495 2.3412 2.4544 2.5382 2.6147 2.7091 2.7787 1.6644 1.8082 1.9191 2.0410 2.1325 2.2536 2.3536 2.4285 2.5329 2.6760 2.7753 2.9254 3.0229 
2.2495 2.3412 2.4544 2.5382 2.6147 2.7091 2.7787 1.6644 1.8082 1.9191 2.0410 2.1325 2.2536 2.3536 2.4285 2.5329 1.5989 1.6597 1.8310 1.9150 
2.2495 2.3412 2.4544 2.5382 1.4964 1.6049 1.6876 1.8044 1.9605 2.0849 2.2151 2.3663 2.4893 1.5661 1.6718 1.7261 1.8422 1.9165 2.0975 2.2065 
2.2495 2.3412 2.4544 2.5382 1.4964 1.6049 1.6876 1.8044 1.9605 2.0849 2.2151 2.3663 2.4893 1.5661 1.6718 1.7261 1.8422 1.9165 2.0975 2.2065 
2.2495 2.3412 2.4544 2.5382 1.4964 1.6049 1.6876 1.8044 1.9605 2.0849 2.2151 2.3663 2.4893 1.5661 1.6718 1.7261 1.8422 1.9165 2.0975 2.2065 
1.2293 1.3955 1.5580 1.7165 1.8563 2.0555 2.1909 1.3844 1.5379 1.6778 1.8189 1.9298 2.0605 1.3909 1.5064 1.5991 1.7576 1.8781 2.0360 2.1778 
1.2293 1.3955 1.5580 1.7165 1.8563 2.0555 2.1909 1.3844 1.5379 1.6778 1.8189 1.9298 2.0605 1.3909 1.5064 1.5991 1.7576 1.8781 2.0360 2.1778 
1.2293 1.3955 1.5580 1.7165 1.8563 2.0555 2.1909 1.3844 1.5379 1.6778 1.8189 1.9298 2.0605 1.3909 1.5064 1.5991 1.7576 1.8781 2.0360 2.1778 
1.2293 1.3955 1.5580 1.7165 1.8563 2.0555 2.1813 1.3844 1.5379 1.6778 1.8189 1.9298 2.0605 1.3909 1.5064 1.5991 1.7576 1.8781 2.0360 2.1778 
1.2293 1.3955 1.5580 1.7165 1.8563 2.0555 2.1813 1.3844 1.5379 1.6778 1.8189 1.9298 2.0605 1.3909 1.5064 1.5991 1.7576 1.8781 2.0360 2.1778 
1.2293 1.3955 1.5580 1.7165 1.8563 2.0555 2.1813 1.3844 1.5379 1.6778 1.8189 1.9298 2.0605 1.3909 1.5064 1.5991 1.7576 1.8781 2.0360 2.1778 
1.2293 1.3955 1.5580 1.7165 1.8563 1.3323 1.4516 1.6225 1.7670 1.8895 1.3311 1.4303 1.5668 1.7343 1.9382 2.0503 1.3106 1.3907 1.5716 1.6556 
1.2293 1.3955 1.5580 1.7165 1.8563 1.3323 1.4516 1.6225 1.7670 1.8895 1.3311 1.4303 1.5668 1.7343 1.9382 2.0503 1.3106 1.3907 1.5716 1.6556 
1.2293 1.3955 1.5580 1.7165 1.8563 1.3323 1.4516 1.6225 1.7670 1.8895 1.3311 1.4303 1.5668 1.7343 1.9382 2.0503 1.3106 1.3907 1.5716 1.6556 
1.2293 1.3955 1.5580 1.7165 1.8563 1.3323 1.4516 1.6225 1.7670 1.8895 1.3311 1.4303 1.5668 1.7343 1.9382 2.0503 1.3106 1.3907 1.5716 1.6556 
1.2293 1.3955 1.5580 1.7165 1.8563 1.3323 1.4516 1.6225 1.7670 1.8895 1.3311 1.4303 1.5668 1.7343 1.9382 2.0503 1.3106 1.3907 1.5716 1.6556 
1.2293 1.3955 1.5580 1.7165 1.8563 1.3323 1.4516 1.6225 1.7670 1.8895 1.3311 1.4303 1.5668 1.7343 1.9382 1.2990 1.2623 1.3578 1.5234 1.6459 
1.2293 1.3955 1.5580 1.7165 1.8563 1.3323 1.4516 1.6225 1.7670 1.8895 1.3311 1.4303 1.5668 1.7343 1.9382 1.2990 1.2623 1.3578 1.5234 1.6459 
1.2293 1.3955 1.5580 1.7165 1.8563 1.3323 1.4516 1.6225 1.7670 1.3188 1.4658 1.5669 1.6957 1.2951 1.4567 1.5803 1.2810 1.3707 1.5517 1.6511 
1.2293 1.3955 1.5580 1.7165 1.8563 1.3323 1.4516 1.6225 1.7670 1.3188 1.4658 1.5669 1.6957 1.2951 1.4567 1.5803 1.2810 1.3707 1.5517 1.6511 
1.2293 1.3955 1.5580 1.7165 1.8563 1.3323 1.4516 1.6225 1.7670 1.3188 1.4658 1.5669 1.6957 1.2951 1.4567 1.5803 1.2810 1.3707 1.5517 1.6511 
1.2293 1.3955 1.5580 1.7165 1.8563 1.3323 1.4516 1.6225 1.7670 1.3188 1.4658 1.5669 1.6957 1.2951 1.4567 1.5803 1.2810 1.3707 1.5517 1.6511 
1.2293 1.3955 1.5580 1.7165 1.8563 1.3323 1.4516 1.6225 1.7670 1.3188 1.4658 1.5669 1.6957 1.2951 1.4567 1.5803 1.2810 1.3707 1.5517 1.6511 
1.2293 1.3955 1.5580 1.7164 1.8561 1.3323 1.4516 1.6225 1.7670 1.3188 1.4658 1.5669 1.6957 1.2951 1.4567 1.5803 1.2810 1.3707 1.5517 1.6511 
1.2293 1.3955 1.5580 1.7164 1.8561 1.3323 1.4516 1.6225 1.7670 1.3188 1.4658 1.5669 1.6957 1.2951 1.4567 1.5803 1.2810 1.3707 1.5517 1.6511 
1.2293 1.3955 1.5580 1.2834 1.3962 1.2551 1.3744 1.5452 1.7225 1.2899 1.4368 1.5553 1.6841 1.2951 1.4567 1.5803 1.2810 1.3707 1.5517 1.6511 
1.2293 1.3955 1.5580 1.2834 1.3962 1.2551 1.3744 1.5452 1.7225 1.2899 1.4368 1.5553 1.6841 1.2951 1.4567 1.5803 1.2810 1.3707 1.5517 1.6511 
1.2293 1.3955 1.5580 1.2834 1.3962 1.2551 1.3744 1.5452 1.7225 1.2899 1.4368 1.5553 1.6841 1.2951 1.4567 1.5803 1.2810 1.3707 1.5517 1.6511 
1.2293 1.3955 1.5580 1.2834 1.3962 1.2551 1.3744 1.5452 1.7225 1.2899 1.4368 1.5553 1.6841 1.2951 1.4567 1.5803 1.2810 1.3707 1.5517 1.6511 
1.2293 1.3955 1.5580 1.2834 1.3962 1.2551 1.3744 1.5452 1.7225 1.2899 1.4368 1.5553 1.6841 1.2951 1.4567 1.5803 1.2810 1.3707 1.5517 1.6511 
1.2293 1.3955 1.5580 1.2834 1.3962 1.2551 1.3744 1.5452 1.7225 1.2899 1.4368 1.5553 1.6841 1.2951 1.4567 1.5803 1.2810 1.3707 1.5517 1.6511 
1.2293 1.3955 1.5580 1.2834 1.3962 1.2551 1.3744 1.5452 1.7225 1.2899 1.4368 1.5553 1.6841 1.2951 1.4567 1.5803 1.2810 1.3707 1.5517 1.6511 
1.2293 1.3955 1.5580 1.2834 1.3962 1.2551 1.3744 1.5452 1.7225 1.2899 1.4368 1.5553 1.6841 1.2951 1.4567 1.5803 1.2810 1.3707 1.5517 1.6511 
1.2293 1.3955 1.5580 1.2782 1.3910 1.2499 1.3692 1.5400 1.7173 1.2847 1.4316 1.5501 1.6789 1.2899 1.4515 1.5751 1.2758 1.3655 1.5465 1.6459 
1.2293 1.3955 1.5580 1.2782 1.3910 1.2499 1.3692 1.5400 1.7173 1.2847 1.4316 1.5501 1.6789 1.2899 1.4515 1.5751 1.2758 1.3655 1.5465 1.6459 
1.2293 1.3955 1.5580 1.2782 1.3910 1.2499 1.3692 1.5400 1.7173 1.2847 1.4316 1.5501 1.6789 1.2899 1.4515 1.5751 1.2758 1.3655 1.5465 1.6459 
1.2293 1.3955 1.5580 1.2834 1.3962 1.2551 1.3744 1.5452 1.2699 1.4291 1.5683 1.2925 1.4406 1.3144 1.4606 1.5842 1.3099 1.3997 1.5807 1.6647 
1.2293 1.3955 1.5580 1.2834 1.3962 1.2551 1.3744 1.5452 1.2699 1.4291 1.5683 1.2925 1.4406 1.3144 1.4606 1.5842 1.3099 1.3997 1.5807 1.6647 
1.2293 1.3955 1.5580 1.2834 1.3962 1.2551 1.3744 1.5452 1.2699 1.4291 1.5683 1.2925 1.4406 1.3144 1.4606 1.5842 1.3099 1.3997 1.5807 1.6647 
1.2293 1.3955 1.5580 1.2834 1.3962 1.2551 1.3744 1.5452 1.2699 1.4291 1.2629 1.4276 1.5603 1.2951 1.4567 1.5803 1.2810 1.3707 1.5517 1.6511 
1.2293 1.3955 1.5580 1.2834 1.3962 1.2551 1.3744 1.5452 1.2699 1.4291 1.2629 1.4276 1.5603 1.2951 1.4567 1.5803 1.2810 1.3707 1.5517 1.6511 
1.2293 1.3955 1.5580 1.2834 1.3962 1.2551 1.3744 1.5452 1.2699 1.4291 1.2629 1.4276 1.5603 1.2951 1.4567 1.5803 1.2810 1.3707 1.5517 1.6511 
1.2293 1.3955 1.5580 1.2834 1.3962 1.2551 1.3744 1.5452 1.2699 1.4291 1.2499 1.4146 1.5473 1.2821 1.4437 1.5673 1.2680 1.3577 1.5387 1.6381 
1.2293 1.3955 1.5580 1.2834 1.3962 1.2551 1.3744 1.5452 1.2699 1.4291 1.2499 1.4146 1.5473 1.2821 1.4437 1.5673 1.2680 1.3577 1.5387 1.6381 
1.2293 1.3955 1.5580 1.2834 1.3962 1.2551 1.3744 1.5452 1.2699 1.4291 1.2499 1.4146 1.5473 1.2821 1.4437 1.5673 1.2680 1.3577 1.5387 1.6381 
1.2293 1.3955 1.5580 1.2834 1.3962 1.2551 1.3744 1.5452 1.2699 1.4291 1.5683 1.2925 1.4406 1.3144 1.4606 1.5842 1.3099 1.3997 1.3158 1.4094 
1.2293 1.3955 1.5580 1.2834 1.3962 1.2551 1.3744 1.5452 1.2699 1.4291 1.5683 1.2925 1.4406 1.3144 1.4606 1.5842 1.3099 1.3997 1.3158 1.4094 
1.2293 1.3955 1.5580 1.2834 1.3962 1.2551 1.3744 1.5452 1.2699 1.4291 1.5683 1.2925 1.4406 1.3144 1.4606 1.5842 1.3099 1.3997 1.3158 1.4094 
1.2293 1.3955 1.5580 1.2834 1.3962 1.2551 1.3744 1.5452 1.2699 1.4291 1.5683 1.2925 1.4406 1.3144 1.4606 1.5842 1.3099 1.3997 1.3158 1.4094 
1.2293 1.3955 1.5580 1.2834 1.3962 1.2551 1.3744 1.5452 1.2699 1.4291 1.5683 1.2925 1.4406 1.3144 1.4606 1.5842 1.3099 1.3997 1.3158 1.4094 
1.2293 1.3955 1.5580 1.2834 1.3962 1.2551 1.3744 1.5452 1.2699 1.4291 1.5683 1.2925 1.4406 1.3144 1.4606 1.2983 1.4414 1.5331 1.3351 1.4287 
1.2293 1.3955 1.5580 1.2834 1.3962 1.2551 1.3744 1.5452 1.2699 1.4291 1.5683 1.2925 1.4406 1.3144 1.4606 1.2983 1.4414 1.5331 1.3351 1.4287 
1.2293 1.3955 1.5580 1.2834 1.3962 1.2551 1.3744 1.5452 1.2699 1.4291 1.2629 1.4276 1.5603 1.2951 1.4567 1.2694 1.4124 1.5195 1.2965 1.3978 
1.2293 1.3955 1.5580 1.2834 1.3962 1.2551 1.3744 1.5452 1.2699 1.4291 1.2629 1.4276 1.5603 1.2951 1.4567 1.2694 1.4124 1.2662 1.4472 1.5466 
1.2293 1.3955 1.5580 1.2834 1.3962 1.2551 1.3744 1.5452 1.2699 1.4291 1.2629 1.4276 1.5603 1.2951 1.4567 1.2694 1.4124 1.2662 1.4472 1.5466 
1.2293 1.3955 1.5580 1.2782 1.3910 1.2499 1.3692 1.5400 1.2647 1.4239 1.2577 1.4224 1.5551 1.2899 1.4515 1.2642 1.4072 1.2610 1.4420 1.5414 
1.2293 1.3955 1.5580 1.2782 1.3910 1.2499 1.3692 1.5400 1.2647 1.4239 1.2577 1.4224 1.5551 1.2899 1.4515 1.2642 1.4072 1.2610 1.4420 1.5414 
1.2293 1.3955 1.2641 1.3821 1.5334 1.2647 1.3840 1.2590 1.4529 1.2603 1.4072 1.2725 1.4206 1.2848 1.4541 1.2591 1.4021 1.5169 1.2958 1.3971 
1.2293 1.3955 1.2641 1.3821 1.5334 1.2647 1.3840 1.2590 1.4529 1.2603 1.4072 1.2725 1.4206 1.2848 1.4541 1.2591 1.4021 1.5169 1.2958 1.3971 
1.2293 1.3955 1.2641 1.3821 1.5334 1.2647 1.3840 1.2590 1.4529 1.2603 1.4072 1.2725 1.4206 1.2848 1.4541 1.2591 1.4021 1.5169 1.2958 1.3971 
1.2293 1.3955 1.2641 1.3821 1.5334 1.2647 1.3840 1.2590 1.4529 1.2603 1.4072 1.2725 1.4206 1.2848 1.4541 1.2591 1.4021 1.5169 1.2958 1.3971 
1.2293 1.3955 1.2641 1.3821 1.5334 1.2647 1.3840 1.2590 1.4529 1.2603 1.4072 1.2725 1.4206 1.2848 1.4541 1.2591 1.4021 1.5169 1.2958 1.3971 
1.2293 1.3955 1.2641 1.3821 1.2551 1.2358 1.3628 1.2590 1.4529 1.2603 1.4072 1.2725 1.4206 1.2848 1.4541 1.2591 1.4021 1.5169 1.2958 1.3971 
1.2293 1.3955 1.2641 1.3821 1.2551 1.2358 1.3628 1.2590 1.4529 1.2603 1.4072 1.2725 1.4206 1.2848 1.4541 1.2591 1.4021 1.5169 1.2958 1.3971 
1.2293 1.3955 1.2641 1.3821 1.2551 1.2358 1.3628 1.2590 1.4529 1.2603 1.4072 1.2725 1.4206 1.2848 1.4541 1.2591 1.4021 1.5169 1.2958 1.3971 
1.2293 1.3955 1.2641 1.3821 1.2551 1.2358 1.3628 1.2590 1.4529 1.2603 1.4072 1.2725 1.4206 1.2848 1.4541 1.2591 1.4021 1.5169 1.2958 1.3971 
1.2293 1.3955 1.2641 1.3821 1.2551 1.2358 1.3628 1.2590 1.4529 1.2603 1.4072 1.2725 1.4206 1.2705 1.4398 1.2448 1.3878 1.5026 1.2815 1.3828 
1.2293 1.3955 1.2641 1.3821 1.2551 1.2358 1.3628 1.2590 1.4529 1.2603 1.4072 1.2725 1.4206 1.2705 1.4398 1.2448 1.3878 1.5026 1.2815 1.3828 
1.2293 1.3955 1.2641 1.3821 1.2551 1.2358 1.3628 1.2590 1.4529 1.2603 1.4072 1.2725 1.4206 1.2848 1.4541 1.2591 1.2514 1.3565 1.2765 1.3932 
1.2293 1.3955 1.2641 1.3821 1.2551 1.2358 1.3628 1.2590 1.4529 1.2603 1.4072 1.2725 1.4206 1.2848 1.4541 1.2591 1.2514 1.3565 1.2765 1.3932 
1.2293 1.3955 1.2641 1.3821 1.2551 1.2358 1.3628 1.2590 1.4529 1.2603 1.4072 1.2725 1.4206 1.2848 1.4541 1.2591 1.2514 1.3565 1.2765 1.3932 
1.2293 1.3955 1.2641 1.3821 1.2551 1.2358 1.3628 1.2590 1.4529 1.2603 1.4072 1.2725 1.4206 1.2848 1.4541 1.2591 1.2514 1.3565 1.2765 1.3932 
1.2293 1.3955 1.2641 1.3821 1.2551 1.2358 1.3628 1.2590 1.4529 1.2603 1.4072 1.2725 1.4206 1.2848 1.4541 1.2591 1.2514 1.3565 1.2765 1.3932 
1.2293 1.3955 1.2641 1.3821 1.2551 1.2358 1.3628 1.2590 1.4529 1.2603 1.4072 1.2725 1.4206 1.2848 1.4541 1.2591 1.2514 1.3565 1.2765 1.3932 
1.2293 1.3955 1.2641 1.3821 1.2551 1.2358 1.3628 1.2590 1.4529 1.2603 1.4072 1.2725 1.4206 1.2848 1.4541 1.2591 1.2514 1.3565 1.2765 1.3932 
1.2293 1.3955 1.2641 1.3821 1.2551 1.2358 1.3628 1.2590 1.4529 1.2603 1.4072 1.2725 1.4206 1.2848 1.4541 1.2591 1.2514 1.3565 1.2765 1.3932 
1.2293 1.3955 1.2641 1.3821 1.2551 1.2358 1.3628 1.2590 1.4529 1.2603 1.4072 1.2725 1.4206 1.2848 1.2475 1.3557 1.2514 1.3565 1.2765 1.3932 
1.2293 1.3955 1.2641 1.3821 1.2551 1.2358 1.3628 1.2492 1.4432 1.2505 1.3975 1.2628 1.4109 1.2750 1.4444 1.2493 1.2416 1.3468 1.2668 1.3835 
1.2293 1.3955 1.2641 1.3821 1.2551 1.2358 1.3628 1.2492 1.4432 1.2505 1.3975 1.2628 1.4109 1.2750 1.2377 1.3460 1.2416 1.3468 1.2668 1.3835 
1.2293 1.3955 1.2641 1.3821 1.2551 1.2358 1.3628 1.2590 1.2403 1.3995 1.2622 1.2629 1.4110 1.2848 1.2475 1.3557 1.2514 1.3565 1.2765 1.3932 
1.2293 1.3955 1.2641 1.3821 1.2551 1.2358 1.3628 1.2590 1.2403 1.3995 1.2622 1.2629 1.4110 1.2848 1.2475 1.3557 1.2514 1.3565 1.2765 1.3932 
1.2293 1.3955 1.2641 1.3821 1.2551 1.2358 1.3628 1.2590 1.2403 1.3995 1.2622 1.2629 1.4110 1.2848 1.2475 1.3557 1.2514 1.3565 1.2765 1.3932 
1.2293 1.3955 1.2641 1.3821 1.2551 1.2358 1.3628 1.2590 1.2403 1.3995 1.2622 1.2629 1.4110 1.2848 1.2475 1.3557 1.2514 1.3565 1.2765 1.3932 
1.2293 1.3955 1.2641 1.3821 1.2551 1.2358 1.3628 1.2590 1.2403 1.3995 1.2622 1.2629 1.4110 1.2848 1.2475 1.3557 1.2514 1.3565 1.2765 1.3932 
1.2293 1.3955 1.2641 1.3821 1.2551 1.2358 1.3628 1.2590 1.2403 1.3995 1.2622 1.2629 1.4110 1.2848 1.2475 1.3557 1.2514 1.3565 1.2765 1.3932 
1.2293 1.3955 1.2641 1.2544 1.3923 1.2358 1.3628 1.2590 1.2403 1.3995 1.2492 1.2499 1.3980 1.2718 1.2345 1.3427 1.2384 1.3435 1.2635 1.3802 
1.2293 1.3955 1.2641 1.2544 1.3923 1.2358 1.3628 1.2590 1.2403 1.3995 1.2492 1.2499 1.3980 1.2718 1.2345 1.3427 1.2384 1.3435 1.2635 1.3802 
1.2293 1.3955 1.2641 1.2544 1.3923 1.2358 1.3628 1.2590 1.2403 1.3995 1.2492 1.2499 1.3980 1.2718 1.2345 1.3427 1.2384 1.3435 1.2635 1.3802 
1.2293 1.3955 1.2641 1.2544 1.3923 1.2358 1.3628 1.2590 1.2403 1.2603 1.2396 1.2402 1.3883 1.2621 1.2345 1.3427 1.2384 1.3435 1.2635 1.3802 
1.2293 1.3955 1.2641 1.2544 1.3923 1.2358 1.3628 1.2590 1.2403 1.2603 1.2396 1.2402 1.3883 1.2621 1.2345 1.3427 1.2384 1.3435 1.2635 1.3802 
1.2293 1.2428 1.2544 1.2448 1.3903 1.2358 1.3628 1.2590 1.2403 1.2603 1.2396 1.2402 1.3883 1.2621 1.2345 1.3427 1.2384 1.3435 1.2635 1.3802 
1.2293 1.2428 1.2544 1.3801 1.2448 1.2351 1.3621 1.2583 1.2397 1.2596 1.2396 1.2402 1.3883 1.2621 1.2345 1.3427 1.2384 1.3435 1.2635 1.3802 
1.2293 1.2428 1.2544 1.2448 1.2358 1.2358 1.3628 1.2590 1.2403 1.2603 1.2396 1.2402 1.3857 1.2595 1.2319 1.3401 1.2358 1.3409 1.2609 1.3776 
1.2293 1.2428 1.2544 1.2448 1.2358 1.2358 1.3628 1.2590 1.2403 1.2603 1.2396 1.2402 1.2389 1.2402 1.2319 1.3401 1.2358 1.3409 1.2609 1.3776 
1.2293 1.2428 1.2544 1.2396 1.2306 1.2306 1.3576 1.2538 1.2351 1.2551 1.2389 1.2396 1.2389 1.2293 1.2306 1.3388 1.2345 1.3396 1.2596 1.3763 
1.2293 1.2428 1.2544 1.2448 1.2358 1.2358 1.3628 1.2590 1.2403 1.2603 1.2396 1.2402 1.2293 1.2389 1.2293 1.3375 1.2332 1.3383 1.2486 1.3653 
1.2293 1.2428 1.2544 1.2448 1.2358 1.2358 1.3628 1.2590 1.2403 1.2603 1.2396 1.2402 1.2293 1.2293 1.2293 1.3375 1.2332 1.3383 1.2486 1.3653 
1.2293 1.2428 1.2544 1.2396 1.2306 1.2306 1.3576 1.2538 1.2351 1.2551 1.2389 1.2396 1.2389 1.2293 1.2293 1.3375 1.2332 1.3383 1.2486 1.3530 
1.2293 1.2428 1.2544 1.2396 1.2306 1.2306 1.3452 1.2293 1.2293 1.2492 1.2389 1.2293 1.2293 1.2293 1.2293 1.3375 1.2293 1.2293 1.2389 1.3510 
