2.6954 2.7717 2.8380 2.9115 2.9611 2.9611 2.9611 2.9611 2.9611 2.9611 2.9611 2.9611 2.9611 2.9910 2.9910 2.9910 2.9910 2.9910 2.9910 2.9910 
2.6954 2.7717 2.7717 2.7717 2.7717 2.7717 2.7717 2.7717 2.7717 2.7717 2.7717 2.7717 2.7717 2.7717 2.7717 2.7717 2.7717 2.7717 2.7717 2.7717 
2.6954 2.7717 2.7717 2.7717 2.7717 2.7717 2.7717 2.7717 2.7717 2.7717 2.7717 2.7717 2.7717 2.7717 2.7717 2.7717 2.7717 2.7717 2.7717 2.7717 
2.6954 2.7717 2.7717 2.7717 2.7717 2.7717 2.7717 2.7717 2.7717 2.7717 2.7717 2.7717 2.7717 2.7717 2.7717 2.7717 2.7717 2.7717 2.7717 2.7717 
2.6954 2.7717 2.7717 2.7717 2.7717 2.7717 2.7717 2.7717 2.7717 2.7717 2.7717 2.7717 2.7717 2.7717 2.7717 2.7717 2.7717 2.7717 2.7717 2.7717 
2.6954 2.7717 2.7717 2.7717 2.7717 2.7717 2.7717 2.7717 2.7717 2.7717 2.7717 2.7717 2.7717 2.7717 2.7717 2.7717 2.7717 2.7717 2.7717 2.7717 
2.6954 2.7717 2.7717 2.7717 2.7717 2.7717 2.7717 2.7717 2.7717 2.7717 2.7717 2.7717 2.7717 2.7717 2.7717 2.7717 2.7717 2.7717 2.7717 2.7717 
2.6954 2.7717 2.7717 2.7717 2.7717 2.7717 2.7717 2.7717 2.7717 2.7717 2.7717 2.7717 2.7717 2.7717 2.7717 2.7717 2.7717 2.7717 2.7717 2.7717 
2.6954 2.7717 2.7717 2.7717 2.7717 2.7717 2.7717 2.7717 2.7717 2.7717 2.7717 2.7717 2.7717 2.7717 2.7717 2.7717 2.7717 2.7717 2.7717 2.7717 
2.6954 2.7717 2.7717 2.7717 2.7717 2.7717 2.7717 2.7717 2.7717 2.7717 2.7717 2.7717 2.7717 2.7717 2.7717 2.7717 2.7717 2.7717 2.7717 2.7717 
2.6954 2.7717 2.7717 2.7717 2.7717 2.7717 2.7717 2.7717 2.7717 2.7717 2.7717 2.7717 2.7717 2.7717 2.7717 2.7717 2.7717 2.7717 2.7717 2.7717 
2.6954 2.7717 2.7717 2.7717 2.7717 2.7717 2.7717 2.7717 2.7717 2.7717 2.7717 2.7717 2.7717 2.7717 2.7717 2.7717 2.7717 2.7717 2.7717 2.7717 
2.6954 2.7717 2.7717 2.7717 2.7717 2.7717 2.7717 2.7717 2.7717 2.7717 2.7717 2.7717 2.7717 2.7717 2.7717 2.7717 2.7717 2.7717 2.7717 2.7717 
2.6954 2.7717 2.7717 2.7717 2.7717 2.7717 2.7717 2.7717 2.7717 2.7717 2.7717 2.7717 2.7717 2.7717 2.7717 2.7717 2.7717 2.7717 2.7717 2.7717 
2.6954 2.7717 2.7717 2.7717 2.7717 2.7717 2.7717 2.7717 2.7717 2.7717 2.7717 2.7717 2.7717 2.7717 2.7717 2.7717 2.7717 2.7717 2.7717 2.7717 
2.6954 2.7717 2.7717 2.7717 2.7717 2.7717 2.7717 2.7717 2.7717 2.7717 2.7717 2.7717 2.7717 2.7717 2.7717 2.7717 2.7717 2.7717 2.7717 2.7717 
2.6954 2.7717 2.7717 2.7717 2.7717 2.7717 2.7717 2.7717 2.7717 2.7717 2.7717 2.7717 2.7717 2.7717 2.7717 2.7717 2.7717 2.7717 2.7717 2.7717 
2.6954 2.7717 2.7717 2.7717 2.7717 2.7717 2.7717 2.7717 2.7717 2.7717 2.7717 2.7717 2.7717 2.7717 2.7717 2.7717 2.7717 2.7717 2.7717 2.7717 
2.6954 2.7717 2.7717 2.7717 2.7717 2.7717 2.7717 2.7717 2.7717 2.7717 2.7717 2.7717 2.7717 2.7717 2.7717 2.7717 2.7717 2.7717 2.7717 2.7717 
2.6954 2.7717 2.7717 2.7717 2.7717 2.7717 2.7717 2.7717 2.7717 2.7717 2.7717 2.7717 2.7717 2.7717 2.7717 2.7717 2.7717 2.7717 2.7717 2.7717 
2.6954 2.7717 2.7717 2.7717 2.7717 2.7717 2.7717 2.7717 2.7717 2.7717 2.7717 2.7717 2.7717 2.7717 2.7717 2.7717 2.7717 2.7717 2.7717 2.7717 
2.6954 2.7717 2.7717 2.7717 2.7717 2.7717 2.7717 2.7717 2.7717 2.7717 2.7717 2.7717 2.7717 2.7717 2.7717 2.7717 2.7717 2.7717 2.7717 2.7717 
2.6954 2.7717 2.7717 2.7717 2.7717 2.7717 2.7717 2.7717 2.7717 2.7717 2.7717 2.7717 2.7717 2.7717 2.7717 2.7717 2.7717 2.7717 2.7717 2.7717 
2.6954 2.7717 2.7717 2.7717 2.7717 2.7717 2.7717 2.7717 2.7717 2.7717 2.7717 2.7717 2.7717 2.7717 2.7717 2.7717 2.7717 2.7717 2.7717 2.7149 
2.6954 2.7717 2.7717 2.7717 2.7717 2.7717 2.7717 2.7717 2.7717 2.7717 2.7717 2.7717 2.7717 2.7717 2.7717 2.7717 2.7717 2.7155 2.7155 2.7155 
2.6954 2.7717 2.7717 2.7717 2.7717 2.7717 2.7717 2.7717 2.7717 2.7717 2.7717 2.7717 2.7717 2.7717 2.7717 2.7717 2.7717 2.7155 2.7155 2.7155 
2.6954 2.7717 2.7717 2.7717 2.7717 2.7717 2.7717 2.7717 2.7717 2.7717 2.7717 2.7717 2.7717 2.7717 2.7717 2.7132 2.7132 2.7132 2.7132 2.7132 
2.6954 2.7717 2.7717 2.7717 2.7717 2.7717 2.7717 2.7717 2.7717 2.7717 2.7717 2.7717 2.7717 2.7717 2.7717 2.7132 2.7132 2.7132 2.7132 2.7132 
2.6954 2.7717 2.7717 2.7717 2.7717 2.7717 2.7717 2.7717 2.7717 2.7717 2.7717 2.7717 2.7148 2.7148 2.7148 2.7148 2.7148 2.7148 2.7148 2.7148 
2.6954 2.7717 2.7717 2.7717 2.7717 2.7717 2.7717 2.7717 2.7717 2.7717 2.7717 2.7717 2.7148 2.7148 2.7148 2.7148 2.7148 2.7148 2.7148 2.7148 
2.6954 2.7717 2.7717 2.7717 2.7717 2.7717 2.7717 2.7717 2.7717 2.7717 2.7116 2.7116 2.7116 2.7116 2.7116 2.7116 2.7116 2.7116 2.7116 2.7116 
2.6954 2.7717 2.7717 2.7717 2.7717 2.7717 2.7717 2.7717 2.7717 2.7717 2.7116 2.7116 2.7116 2.7116 2.7116 2.7116 2.7116 2.7116 2.7116 2.7116 
2.6954 2.7717 2.7717 2.7717 2.7717 2.7717 2.7717 2.7717 2.7717 2.7717 2.7116 2.7116 2.7116 2.7116 2.7116 2.7116 2.7116 2.7116 2.7116 2.7116 
2.6954 2.7717 2.7717 2.7717 2.7717 2.7717 2.7717 2.7717 2.7717 2.7717 2.7116 2.7116 2.7116 2.7116 2.7116 2.7116 2.7116 2.7116 2.7116 2.7116 
2.6954 2.7717 2.7717 2.7717 2.7717 2.7717 2.7717 2.7153 2.7153 2.7153 2.7153 2.7153 2.7153 2.7250 2.7250 2.7250 2.7250 2.7250 2.7250 2.7250 
2.6954 2.7717 2.7717 2.7717 2.7717 2.7717 2.7717 2.7153 2.7153 2.7153 2.7153 2.7153 2.7153 2.7153 2.7153 2.7153 2.7153 2.7153 2.7153 2.7153 
2.6954 2.7717 2.7717 2.7717 2.7717 2.7717 2.7717 2.7153 2.7153 2.7153 2.7153 2.7153 2.7153 2.7153 2.7153 2.7153 2.7153 2.7153 2.7153 2.7153 
2.6954 2.7717 2.7717 2.7717 2.7717 2.7154 2.7154 2.7154 2.7154 2.7154 2.7154 2.7154 2.7154 2.7154 2.7154 2.7154 2.7154 2.7154 2.7154 2.7154 
2.6954 2.7717 2.7717 2.7717 2.7717 2.7154 2.7154 2.7154 2.7154 2.7154 2.7154 2.7154 2.7154 2.7154 2.7154 2.7154 2.7154 2.7154 2.7154 2.7154 
2.6954 2.7717 2.7717 2.7717 2.7156 2.7156 2.7156 2.7156 2.7156 2.7156 2.7156 2.7156 2.7156 2.7156 2.7156 2.7156 2.7156 2.7156 2.7156 2.7156 
2.6954 2.7717 2.7717 2.7717 2.7156 2.7156 2.7156 2.7156 2.7156 2.7156 2.7156 2.7156 2.7156 2.7156 2.7156 2.7156 2.7156 2.7156 2.7156 2.7156 
2.6954 2.7717 2.7717 2.7140 2.7140 2.7140 2.7140 2.7140 2.7140 2.7140 2.7140 2.7140 2.7140 2.7140 2.7140 2.7140 2.7140 2.7140 2.7140 2.7140 
2.6954 2.7717 2.7717 2.7140 2.7140 2.7140 2.7140 2.7140 2.7140 2.7140 2.7140 2.7140 2.7140 2.7140 2.7140 2.7140 2.7140 2.7140 2.7140 2.7140 
2.6954 2.7717 2.7717 2.7140 2.7140 2.7140 2.7140 2.7140 2.7140 2.7140 2.7140 2.7140 2.7140 2.7140 2.7140 2.7140 2.7140 2.7140 2.7140 2.7140 
2.6954 2.7717 2.7147 2.7147 2.7147 2.7147 2.7147 2.7147 2.7147 2.7147 2.7147 2.7147 2.7147 2.7147 2.7147 2.7147 2.7147 2.7147 2.7147 2.7147 
2.6954 2.7717 2.7147 2.7147 2.7147 2.7147 2.7147 2.7147 2.7147 2.7147 2.7147 2.7147 2.7147 2.7147 2.7147 2.7147 2.7147 2.7147 2.7147 2.7147 
2.6954 2.7717 2.7147 2.7147 2.7147 2.7147 2.7147 2.7147 2.7147 2.7147 2.7147 2.7147 2.7147 2.7147 2.7147 2.7147 2.7147 2.7147 2.7147 2.7147 
2.6954 2.7717 2.7147 2.7147 2.7147 2.7147 2.7147 2.7147 2.7147 2.7147 2.7147 2.7147 2.7147 2.7147 2.7147 2.7147 2.7147 2.7147 2.7147 2.7147 
2.6954 2.7717 2.7147 2.7147 2.7147 2.7147 2.7147 2.7147 2.7147 2.7147 2.7147 2.7147 2.7147 2.7147 2.7147 2.7147 2.7147 2.7147 2.7147 2.7147 
2.6954 2.7717 2.7147 2.7147 2.7147 2.7147 2.7147 2.7147 2.7147 2.7147 2.7147 2.7147 2.7147 2.7147 2.7147 2.7147 2.7147 2.7147 2.7147 2.7147 
2.6954 2.7717 2.7147 2.7147 2.7147 2.7147 2.7147 2.7147 2.7147 2.7147 2.7147 2.7147 2.7147 2.7147 2.7147 2.7147 2.7147 2.7147 2.7147 2.7147 
2.6954 2.7717 2.7147 2.7147 2.7147 2.7147 2.7147 2.7147 2.7147 2.7147 2.7147 2.7147 2.7147 2.7147 2.7147 2.7147 2.7147 2.7147 2.7147 2.7147 
2.6954 2.7717 2.7147 2.7147 2.7147 2.7147 2.7147 2.7147 2.7147 2.7147 2.7147 2.7147 2.7147 2.7147 2.7147 2.7147 2.7147 2.7147 2.7147 2.7147 
2.6954 2.7717 2.7147 2.7147 2.7147 2.7147 2.7147 2.7147 2.7147 2.7147 2.7147 2.7147 2.7147 2.7147 2.7147 2.7147 2.7147 2.7147 2.7147 2.7147 
2.6954 2.7717 2.7147 2.7147 2.7147 2.7147 2.7147 2.7147 2.7147 2.7147 2.7147 2.7147 2.7147 2.7147 2.7147 2.7147 2.7147 2.7147 2.7147 2.7147 
2.6954 2.7717 2.7147 2.7147 2.7147 2.7147 2.7147 2.7147 2.7147 2.7147 2.7147 2.7147 2.7147 2.7147 2.7147 2.7147 2.7147 2.7147 2.7147 2.7147 
2.6954 2.7717 2.7147 2.7147 2.7147 2.7147 2.7147 2.7147 2.7147 2.7147 2.7147 2.7147 2.7147 2.7147 2.7147 2.7147 2.7147 2.7147 2.7147 2.7147 
2.6954 2.7717 2.7147 2.7147 2.7147 2.7147 2.7147 2.7147 2.7147 2.7147 2.7147 2.7147 2.7147 2.7147 2.7147 2.7147 2.7147 2.7147 2.7147 2.7147 
2.6954 2.7717 2.7147 2.7147 2.7147 2.7147 2.7147 2.7147 2.7147 2.7147 2.7147 2.7147 2.7147 2.7147 2.7147 2.7147 2.7147 2.7147 2.7147 2.7147 
2.6954 2.7717 2.7147 2.7147 2.7147 2.7147 2.7147 2.7147 2.7147 2.7147 2.7147 2.7147 2.7147 2.7147 2.7147 2.7147 2.7147 2.7147 2.7147 2.7147 
2.6954 2.7717 2.7147 2.7147 2.7147 2.7147 2.7147 2.7147 2.7147 2.7147 2.7147 2.7147 2.7147 2.7147 2.7147 2.7147 2.7147 2.7147 2.7147 2.6917 
2.6954 2.7717 2.7147 2.7147 2.7147 2.7147 2.7147 2.7147 2.7147 2.7147 2.7147 2.7147 2.7147 2.7147 2.7147 2.7147 2.7147 2.7147 2.6900 2.6900 
2.6954 2.7717 2.7147 2.7147 2.7147 2.7147 2.7147 2.7147 2.7147 2.7147 2.7147 2.7147 2.7147 2.7147 2.7147 2.7147 2.6905 2.6905 2.6905 2.6905 
2.6954 2.7717 2.7147 2.7147 2.7147 2.7147 2.7147 2.7147 2.7147 2.7147 2.7147 2.7147 2.7147 2.7147 2.7147 2.6902 2.6902 2.6902 2.6902 2.6902 
2.6954 2.7717 2.7147 2.7147 2.7147 2.7147 2.7147 2.7147 2.7147 2.7147 2.7147 2.7147 2.7147 2.7147 2.7147 2.6902 2.6902 2.6902 2.6902 2.6902 
2.6954 2.7717 2.7147 2.7147 2.7147 2.7147 2.7147 2.7147 2.7147 2.7147 2.7147 2.7147 2.6919 2.6919 2.6919 2.6919 2.6919 2.6919 2.6919 2.6919 
2.6954 2.7717 2.7147 2.7147 2.7147 2.7147 2.7147 2.7147 2.7147 2.7147 2.7147 2.7147 2.6919 2.6919 2.6919 2.6919 2.6919 2.6919 2.6919 2.6919 
2.6954 2.7717 2.7717 2.7140 2.7140 2.7140 2.7140 2.7140 2.7140 2.7140 2.6895 2.6895 2.6895 2.6895 2.6895 2.6895 2.6895 2.6895 2.6895 2.6895 
2.6954 2.7717 2.7147 2.7147 2.7147 2.7147 2.7147 2.7147 2.7147 2.7147 2.6891 2.6891 2.6891 2.6891 2.6891 2.6891 2.6891 2.6891 2.6891 2.6891 
2.6954 2.7717 2.7147 2.7147 2.7147 2.7147 2.7147 2.7147 2.7147 2.7147 2.6891 2.6891 2.6891 2.6891 2.6891 2.6891 2.6891 2.6891 2.6891 2.6891 
2.6954 2.7717 2.7147 2.7147 2.7147 2.7147 2.7147 2.6924 2.6924 2.6924 2.6924 2.6924 2.6924 2.6924 2.6924 2.6924 2.6924 2.6924 2.6924 2.6924 
2.6954 2.7717 2.7147 2.7147 2.7147 2.7147 2.7147 2.6924 2.6924 2.6924 2.6924 2.6924 2.6924 2.6924 2.6924 2.6924 2.6924 2.6924 2.6924 2.6924 
2.6954 2.7717 2.7147 2.7147 2.7147 2.6924 2.6924 2.6924 2.6924 2.6924 2.6924 2.6924 2.6924 2.6924 2.6924 2.6924 2.6924 2.6924 2.6924 2.6924 
2.6954 2.7717 2.7147 2.7147 2.7147 2.6924 2.6924 2.6924 2.6924 2.6924 2.6924 2.6924 2.6924 2.6924 2.6924 2.6924 2.6924 2.6924 2.6924 2.6924 
2.6954 2.7717 2.7147 2.7147 2.6926 2.6926 2.6926 2.6926 2.6926 2.6926 2.6926 2.6926 2.6926 2.6926 2.6926 2.6926 2.6926 2.6926 2.6926 2.6926 
2.6954 2.7717 2.7147 2.6907 2.6907 2.6907 2.6907 2.6907 2.6907 2.6907 2.6907 2.6907 2.6907 2.6907 2.6907 2.6907 2.6907 2.6907 2.6907 2.6907 
2.6954 2.7717 2.7147 2.6907 2.6907 2.6907 2.6907 2.6907 2.6907 2.6907 2.6907 2.6907 2.6907 2.6907 2.6907 2.6907 2.6907 2.6907 2.6907 2.6907 
2.6954 2.7717 2.7147 2.6907 2.6907 2.6907 2.6907 2.6907 2.6907 2.6907 2.6907 2.6907 2.6907 2.6907 2.6907 2.6907 2.6907 2.6907 2.6907 2.6907 
2.6954 2.7717 2.7147 2.6907 2.6907 2.6907 2.6907 2.6907 2.6907 2.6907 2.6907 2.6907 2.6907 2.6907 2.6907 2.6907 2.6907 2.6907 2.6907 2.6907 
2.6954 2.7717 2.7147 2.6907 2.6907 2.6907 2.6907 2.6907 2.6907 2.6907 2.6907 2.6907 2.6907 2.6907 2.6907 2.6907 2.6907 2.6907 2.6907 2.6907 
2.6954 2.7717 2.7147 2.6907 2.6907 2.6907 2.6907 2.6907 2.6907 2.6907 2.6907 2.6907 2.6907 2.6907 2.6907 2.6907 2.6907 2.6907 2.6907 2.6907 
2.6954 2.7717 2.7147 2.6907 2.6907 2.6907 2.6907 2.6907 2.6907 2.6907 2.6907 2.6907 2.6907 2.6907 2.6907 2.6907 2.6907 2.6907 2.6907 2.6907 
2.6954 2.7717 2.7147 2.6907 2.6907 2.6907 2.6907 2.6907 2.6907 2.6907 2.6907 2.6907 2.6907 2.6907 2.6907 2.6907 2.6907 2.6907 2.6907 2.6907 
2.6954 2.7717 2.7147 2.6907 2.6907 2.6907 2.6907 2.6907 2.6907 2.6907 2.6907 2.6907 2.6907 2.6907 2.6907 2.6907 2.6907 2.6796 2.6796 2.6796 
2.6954 2.7717 2.7147 2.6907 2.6907 2.6907 2.6907 2.6907 2.6907 2.6907 2.6907 2.6907 2.6907 2.6907 2.6907 2.6775 2.6775 2.6775 2.6775 2.6775 
2.6954 2.7717 2.7147 2.6907 2.6907 2.6907 2.6907 2.6907 2.6907 2.6907 2.6907 2.6907 2.6907 2.6907 2.6907 2.6775 2.6775 2.6775 2.6775 2.6775 
2.6954 2.7717 2.7147 2.6907 2.6907 2.6907 2.6907 2.6907 2.6907 2.6907 2.6907 2.6907 2.6793 2.6793 2.6793 2.6793 2.6793 2.6793 2.6793 2.6793 
2.6954 2.7717 2.7147 2.6907 2.6907 2.6907 2.6907 2.6907 2.6907 2.6907 2.6769 2.6769 2.6769 2.6769 2.6769 2.6769 2.6769 2.6769 2.6769 2.6769 
2.6954 2.7717 2.7147 2.6907 2.6907 2.6907 2.6907 2.6907 2.6907 2.6907 2.6769 2.6769 2.6769 2.6769 2.6769 2.6769 2.6769 2.6769 2.6769 2.6769 
2.6954 2.7717 2.7147 2.6907 2.6907 2.6796 2.6796 2.6796 2.6796 2.6796 2.6796 2.6796 2.6796 2.6796 2.6796 2.6796 2.6796 2.6796 2.6796 2.6796 
2.6954 2.7717 2.7147 2.6907 2.6798 2.6798 2.6798 2.6798 2.6798 2.6798 2.6798 2.6798 2.6798 2.6798 2.6798 2.6798 2.6798 2.6798 2.6798 2.6798 
2.6954 2.7717 2.7147 2.6907 2.6798 2.6798 2.6798 2.6798 2.6798 2.6798 2.6798 2.6798 2.6798 2.6798 2.6798 2.6798 2.6798 2.6798 2.6798 2.6798 
2.6954 2.7717 2.7147 2.6907 2.6907 2.6907 2.6907 2.6907 2.6907 2.6907 2.6769 2.6769 2.6769 2.6769 2.6769 2.6672 2.6672 2.6672 2.6672 2.6672 
2.6954 2.7717 2.7147 2.6907 2.6907 2.6796 2.6796 2.6796 2.6796 2.6796 2.6796 2.6796 2.6796 2.6796 2.6796 2.6675 2.6675 2.6675 2.6675 2.6675 
2.6954 2.7717 2.7147 2.6907 2.6798 2.6798 2.6798 2.6798 2.6798 2.6798 2.6798 2.6798 2.6798 2.6798 2.6798 2.6676 2.6676 2.6676 2.6676 2.6676 
2.6954 2.7717 2.7147 2.6907 2.6907 2.6796 2.6796 2.6796 2.6796 2.6796 2.6669 2.6669 2.6669 2.6669 2.6669 2.6669 2.6669 2.6669 2.6669 2.6669 
2.6954 2.7717 2.7147 2.6907 2.6907 2.6796 2.6796 2.6796 2.6796 2.6796 2.6669 2.6669 2.6669 2.6669 2.6669 2.6669 2.6669 2.6669 2.6669 2.6669 
2.6954 2.7717 2.7147 2.6907 2.6798 2.6697 2.6697 2.6697 2.6697 2.6697 2.6697 2.6697 2.6697 2.6697 2.6697 2.6697 2.6697 2.6697 2.6697 2.6697 
2.6954 2.7717 2.7147 2.6907 2.6798 2.6697 2.6697 2.6697 2.6697 2.6697 2.6697 2.6697 2.6697 2.6697 2.6697 2.6669 2.6669 2.6669 2.6669 2.6669 
2.6954 2.7717 2.7147 2.6907 2.6798 2.6697 2.6697 2.6690 2.6690 2.6690 2.6664 2.6664 2.6664 2.6664 2.6664 2.6664 2.6664 2.6664 2.6664 2.6664 
