   0.0000000e+00   0.0000000e+00   0.0000000e+00   0.0000000e+00   0.0000000e+00   0.0000000e+00   0.0000000e+00   0.0000000e+00   0.0000000e+00   0.0000000e+00   0.0000000e+00   0.0000000e+00   0.0000000e+00   0.0000000e+00   1.0000000e+00
   0.0000000e+00   0.0000000e+00   0.0000000e+00   0.0000000e+00   0.0000000e+00   0.0000000e+00   0.0000000e+00   0.0000000e+00   0.0000000e+00   0.0000000e+00   0.0000000e+00   0.0000000e+00   0.0000000e+00   1.0000000e+00   0.0000000e+00
   0.0000000e+00   0.0000000e+00   0.0000000e+00   0.0000000e+00   0.0000000e+00   0.0000000e+00   0.0000000e+00   0.0000000e+00   0.0000000e+00   0.0000000e+00   0.0000000e+00   0.0000000e+00   1.0000000e+00   0.0000000e+00   0.0000000e+00
   0.0000000e+00   0.0000000e+00   0.0000000e+00   0.0000000e+00   0.0000000e+00   0.0000000e+00   0.0000000e+00   0.0000000e+00   0.0000000e+00   0.0000000e+00   0.0000000e+00   1.0000000e+00   0.0000000e+00   0.0000000e+00   0.0000000e+00
   0.0000000e+00   0.0000000e+00   0.0000000e+00   0.0000000e+00   0.0000000e+00   0.0000000e+00   0.0000000e+00   0.0000000e+00   0.0000000e+00   0.0000000e+00   1.0000000e+00   0.0000000e+00   0.0000000e+00   0.0000000e+00   0.0000000e+00
   0.0000000e+00   0.0000000e+00   0.0000000e+00   0.0000000e+00   0.0000000e+00   0.0000000e+00   0.0000000e+00   0.0000000e+00   0.0000000e+00   1.0000000e+00   0.0000000e+00   0.0000000e+00   0.0000000e+00   0.0000000e+00   0.0000000e+00
   0.0000000e+00   0.0000000e+00   0.0000000e+00   0.0000000e+00   0.0000000e+00   0.0000000e+00   0.0000000e+00   0.0000000e+00   1.0000000e+00   0.0000000e+00   0.0000000e+00   0.0000000e+00   0.0000000e+00   0.0000000e+00   0.0000000e+00
   0.0000000e+00   0.0000000e+00   0.0000000e+00   0.0000000e+00   0.0000000e+00   0.0000000e+00   0.0000000e+00   1.0000000e+00   0.0000000e+00   0.0000000e+00   0.0000000e+00   0.0000000e+00   0.0000000e+00   0.0000000e+00   0.0000000e+00
   0.0000000e+00   0.0000000e+00   0.0000000e+00   0.0000000e+00   0.0000000e+00   0.0000000e+00   1.0000000e+00   0.0000000e+00   0.0000000e+00   0.0000000e+00   0.0000000e+00   0.0000000e+00   0.0000000e+00   0.0000000e+00   0.0000000e+00
   0.0000000e+00   0.0000000e+00   0.0000000e+00   0.0000000e+00   0.0000000e+00   1.0000000e+00   0.0000000e+00   0.0000000e+00   0.0000000e+00   0.0000000e+00   0.0000000e+00   0.0000000e+00   0.0000000e+00   0.0000000e+00   0.0000000e+00
   0.0000000e+00   0.0000000e+00   0.0000000e+00   0.0000000e+00   1.0000000e+00   0.0000000e+00   0.0000000e+00   0.0000000e+00   0.0000000e+00   0.0000000e+00   0.0000000e+00   0.0000000e+00   0.0000000e+00   0.0000000e+00   0.0000000e+00
   0.0000000e+00   0.0000000e+00   0.0000000e+00   1.0000000e+00   0.0000000e+00   0.0000000e+00   0.0000000e+00   0.0000000e+00   0.0000000e+00   0.0000000e+00   0.0000000e+00   0.0000000e+00   0.0000000e+00   0.0000000e+00   0.0000000e+00
   0.0000000e+00   0.0000000e+00   1.0000000e+00   0.0000000e+00   0.0000000e+00   0.0000000e+00   0.0000000e+00   0.0000000e+00   0.0000000e+00   0.0000000e+00   0.0000000e+00   0.0000000e+00   0.0000000e+00   0.0000000e+00   0.0000000e+00
   0.0000000e+00   1.0000000e+00   0.0000000e+00   0.0000000e+00   0.0000000e+00   0.0000000e+00   0.0000000e+00   0.0000000e+00   0.0000000e+00   0.0000000e+00   0.0000000e+00   0.0000000e+00   0.0000000e+00   0.0000000e+00   0.0000000e+00
   8.4717478e-05   1.4912254e-01   1.1482189e-02   1.2818306e-01   1.3910353e-01   4.9997791e-02   6.5278443e-02   9.1905906e-02   1.6636481e-02   2.0144035e-02   3.0234499e-02   8.6325526e-03   5.2868410e-03   1.2568347e-01   1.5822396e-01
   1.3411102e-04   4.5248150e-03   1.4968885e-01   3.0880400e-02   1.3582716e-01   2.6488839e-03   4.8495388e-02   4.7836913e-02   1.4162796e-01   9.2871326e-02   1.1683828e-02   6.9738112e-03   2.5075133e-02   1.6794316e-01   1.3378826e-01
   3.6805777e-04   1.6424594e-01   6.7886748e-02   1.3424098e-03   1.9187516e-02   1.5672710e-02   1.2611232e-02   9.9423183e-02   5.3148491e-02   1.2364177e-01   7.9846125e-02   6.3608992e-02   1.3595287e-01   6.6091493e-03   1.5645480e-01
   6.8180099e-04   1.8264457e-01   8.0554702e-02   9.9371660e-02   2.1980683e-01   1.1662249e-01   2.6141349e-03   6.4343794e-03   6.1772067e-02   1.0856055e-02   1.2583531e-02   3.9434882e-02   1.2714320e-02   5.2906520e-02   1.0100206e-01
   8.5991869e-04   1.3825202e-01   6.8965696e-02   1.0356034e-01   9.8181225e-03   8.3141007e-02   1.4063274e-02   1.3949809e-01   2.6620809e-02   1.9137461e-02   6.6932624e-02   1.0107661e-01   6.8568337e-02   1.1370037e-02   1.4813565e-01
   1.0534078e-03   2.0330770e-01   1.5801117e-02   5.2143685e-02   9.2278521e-02   6.9735595e-02   1.6433161e-02   1.3694301e-03   1.8771727e-01   1.1271463e-02   9.9020331e-03   1.1777099e-01   4.2136311e-04   1.1303065e-01   1.0776362e-01
   1.0982557e-03   4.5639927e-02   1.9293789e-01   2.0258708e-02   3.7635392e-02   1.3233539e-01   5.2105894e-03   5.7617611e-04   1.3505642e-01   1.1841140e-01   7.3217721e-02   4.2772564e-03   4.2413737e-02   2.8109801e-03   1.8812015e-01
   1.9980076e-03   1.3668334e-01   2.1078408e-01   1.2120359e-03   3.5554976e-03   2.3397732e-02   1.4824510e-01   4.1810740e-02   6.5445614e-02   1.2001707e-02   1.5537134e-02   2.2712443e-02   8.9711369e-02   6.0588430e-02   1.6631677e-01
   2.0384653e-03   9.6804492e-02   6.3276495e-02   5.4777069e-02   4.8500966e-03   6.9310445e-02   1.3141373e-01   7.3695751e-02   6.2786950e-02   1.8399810e-02   5.0930772e-02   3.0704901e-02   2.0412899e-01   6.2915350e-03   1.3059049e-01
   2.1675921e-03   1.3971980e-01   5.1614425e-02   2.4910860e-01   3.6303291e-02   8.9531928e-02   6.0295831e-02   2.0064440e-02   8.9601228e-02   7.6960844e-03   6.5249275e-02   1.7637630e-02   1.9547200e-03   1.2103047e-01   4.8024698e-02
   2.2352612e-03   6.2773587e-02   3.6043588e-02   1.7090435e-01   6.6964701e-02   1.0244947e-01   8.0096861e-03   2.0489895e-02   1.8478160e-01   2.8033901e-02   1.6214958e-01   1.1166993e-01   1.3411567e-02   9.0341809e-03   2.1048710e-02
   2.3041207e-03   5.7652328e-03   1.3110741e-01   6.1890588e-03   5.0240512e-02   6.0488224e-02   3.3909229e-02   1.8522545e-01   1.7904231e-01   4.7047616e-02   2.3084690e-02   9.5054723e-02   9.7875160e-02   4.5257956e-02   3.7408315e-02
   2.3057898e-03   1.5148126e-01   5.5299190e-03   7.4393675e-02   8.3085004e-02   3.7571658e-03   1.3063845e-01   9.8633091e-02   9.2967111e-02   8.7814215e-02   6.4639175e-03   4.5403550e-02   6.3346887e-02   2.4263579e-02   1.2991639e-01
   2.4329774e-03   5.3128557e-02   1.2272631e-01   3.6189704e-02   6.3305722e-04   1.7973379e-02   1.2412968e-01   7.5190817e-02   5.4057997e-04   5.2254103e-03   1.3676576e-01   4.9419280e-02   1.2974734e-01   1.4651431e-01   9.9382849e-02
   2.6092772e-03   1.5924220e-01   1.2780827e-01   2.3466045e-03   7.4000570e-02   1.3922898e-01   1.5731163e-01   1.3331181e-03   1.2135873e-02   2.3080013e-02   9.2081820e-02   1.4338575e-03   1.4730761e-01   5.4355380e-02   5.7247989e-03
   2.6107981e-03   1.3620230e-01   2.1188402e-03   9.8736047e-02   1.7363541e-02   7.1670858e-02   1.7932526e-01   7.0317582e-02   1.8130788e-01   3.5105622e-02   4.2711421e-03   1.3492997e-01   2.6627637e-02   2.0025506e-02   1.9387021e-02
   2.6263799e-03   5.3494084e-02   1.5588022e-01   1.5388571e-01   1.6545738e-02   9.5928828e-02   1.4705600e-01   5.4137214e-02   6.5481595e-03   1.0456160e-01   7.9843429e-02   4.7058893e-02   1.0845003e-02   4.0314811e-02   3.1273923e-02
   2.7651381e-03   5.2791537e-02   8.1283978e-02   8.2529336e-02   9.3565374e-04   3.3870462e-03   5.8301841e-02   1.2779790e-01   6.6548564e-02   1.4443114e-01   6.7503631e-02   1.3024858e-04   2.9449890e-02   1.6149261e-01   1.2065149e-01
   2.9395663e-03   2.6362836e-02   1.4416102e-01   2.2297194e-02   3.2039253e-02   1.6905227e-01   2.5997315e-02   3.3221238e-02   3.8908360e-02   3.5624081e-02   6.6096506e-02   5.2720598e-02   1.5134937e-03   1.7025749e-01   1.7880878e-01
   3.0019636e-03   1.0863403e-02   9.9461278e-02   7.8151597e-02   7.8079787e-02   5.2671231e-03   1.6648991e-01   6.4964172e-02   7.0837389e-03   1.6810582e-01   8.9574020e-03   1.5761524e-01   1.0313583e-04   1.2367143e-01   2.8184000e-02
   3.2706953e-03   3.2473657e-02   1.7281881e-01   4.1660499e-02   4.4044811e-02   7.7204867e-02   1.4057381e-01   1.0622634e-02   4.9417115e-03   6.8460509e-02   1.6946340e-01   5.9503122e-02   8.1969056e-02   7.6310236e-02   1.6682174e-02
   3.2807919e-03   1.0896128e-01   2.8706800e-02   1.4409170e-01   7.8523940e-03   5.3672716e-03   5.0385728e-02   4.9682182e-02   1.4478630e-01   1.2433309e-01   5.2161874e-02   1.1339246e-01   1.5422695e-01   8.1622452e-03   4.6089282e-03
   3.3212827e-03   9.8149052e-02   1.4244373e-01   7.3928971e-03   5.6762493e-02   9.6437224e-02   2.9926497e-02   9.0493873e-02   4.4192222e-02   1.5430488e-01   3.1399246e-03   1.4728401e-01   7.9890460e-02   4.0413596e-02   5.8478486e-03
   3.3345780e-03   1.7393737e-02   3.9587809e-03   2.0211906e-01   8.4116822e-02   2.0231857e-01   9.7700099e-03   1.4247816e-02   1.7731612e-02   2.1888968e-02   6.8367106e-02   5.6726062e-02   1.1509322e-01   5.2279727e-02   1.3065393e-01
   3.4361560e-03   7.4491118e-02   6.7915147e-02   3.0216687e-03   1.6029600e-01   1.7021542e-02   1.7517464e-01   1.8442092e-03   4.1838759e-02   4.1000471e-02   5.7420951e-02   1.5984675e-01   1.5617552e-01   2.9713669e-04   4.0219929e-02
   3.6338637e-03   3.3392261e-02   9.6248281e-02   1.5252406e-01   1.1098016e-01   3.3785111e-02   5.7945394e-03   7.7391475e-02   1.6951483e-01   7.9552151e-03   9.3792968e-02   1.9053231e-02   2.5535258e-03   3.0740522e-02   1.6263995e-01
   3.8243439e-03   6.5673216e-02   1.0299354e-01   8.0179349e-02   3.0726625e-02   5.5387050e-03   5.6705789e-03   8.5718054e-03   2.0044837e-02   7.9388105e-02   2.3710932e-01   2.2062508e-01   3.8902809e-02   8.9542397e-02   1.1209284e-02
   3.8271187e-03   1.5781571e-01   5.2921715e-02   4.1834527e-02   1.9105031e-01   4.3892678e-02   1.7728255e-01   2.8311615e-04   7.8207255e-02   9.9641738e-03   4.5354499e-02   2.4488709e-02   1.0207405e-01   2.4172634e-02   4.6830957e-02
   4.3509942e-03   6.1638448e-02   1.7117093e-01   1.1896553e-02   1.4233926e-01   2.5496001e-03   1.3406083e-01   7.8624891e-02   8.1932764e-02   3.3795055e-02   1.7461597e-02   1.8772840e-02   1.3985402e-01   6.5212133e-02   3.6340081e-02
   4.5703839e-03   5.2508633e-02   7.0790169e-02   4.0625635e-04   1.1476742e-02   1.1476742e-02   3.1484867e-03   1.8708105e-01   3.0672354e-02   1.0004063e-01   4.6617916e-02   5.9922811e-03   1.7753402e-01   1.2472070e-01   1.7296364e-01
   4.6743719e-03   5.8901149e-03   1.1385030e-01   6.6312166e-02   1.3109803e-02   3.5738823e-02   7.3947480e-02   3.9397428e-02   1.6852885e-01   2.7215852e-03   1.5202782e-01   5.8352887e-03   1.0163699e-01   9.3054687e-02   1.2327430e-01
   4.6898053e-03   1.8028529e-01   6.1370231e-02   6.4497212e-02   2.5527249e-02   9.5981927e-02   5.7787168e-02   5.7725493e-03   1.5160281e-01   2.5016689e-02   1.1043899e-02   1.9191746e-01   6.2448083e-02   4.8377432e-02   1.3682197e-02
   5.1090774e-03   2.2282402e-01   1.9170991e-01   4.3052369e-03   4.0416805e-02   4.2482803e-02   1.2148589e-01   1.5120735e-01   1.6952575e-03   1.1170272e-02   7.9566804e-02   2.8681336e-02   7.7262735e-02   2.0302934e-03   2.0052215e-02
   5.3520035e-03   9.9640218e-02   7.8798827e-03   3.9843935e-03   8.8442019e-02   1.1815910e-01   2.7407454e-02   2.0149896e-02   1.4851004e-01   9.0357483e-02   1.2803026e-01   1.1423823e-01   3.7711831e-02   6.3995134e-02   4.6142054e-02
   5.9605690e-03   1.8153665e-01   2.6752962e-03   8.0714037e-02   8.3946005e-02   1.9427325e-01   1.1535595e-01   5.2788992e-04   9.4508109e-02   7.4407916e-02   5.6072129e-02   1.0934000e-03   5.4448490e-02   2.6207251e-02   2.8273067e-02
   6.0652845e-03   3.8486987e-02   1.4611822e-01   2.0180856e-02   2.9333921e-02   1.9927217e-01   2.0346273e-01   6.8372298e-03   3.8156154e-02   5.1720335e-02   9.1199824e-02   1.3520071e-01   1.5108072e-02   1.6651963e-02   2.2055580e-03
   6.1395627e-03   1.0482180e-03   1.2009584e-01   7.6819407e-02   2.1413597e-02   1.3626834e-02   8.2210243e-02   1.0482180e-02   1.6696616e-01   2.0365379e-02   7.2776280e-02   1.3776580e-02   3.7735849e-02   7.5172207e-02   2.8137167e-01
   6.2689648e-03   5.2861483e-02   9.7544209e-02   1.8423518e-01   1.1928842e-01   3.8770147e-02   1.2957873e-01   7.5329484e-02   5.2312045e-02   8.6086220e-03   3.8660945e-02   3.0628401e-02   1.3242857e-03   4.2967477e-03   1.6029233e-01
   6.6622243e-03   9.7996155e-02   1.6910001e-01   9.1989055e-03   1.6678681e-01   1.2863641e-02   6.3382388e-02   7.7202987e-02   1.3868285e-01   1.7638048e-01   1.4202492e-02   3.1379554e-02   3.0348707e-04   2.3966472e-02   1.1891556e-02
   6.9333678e-03   8.4725983e-02   5.4585286e-02   1.2218829e-01   1.0125058e-01   1.3420132e-01   9.5855737e-03   2.3295083e-02   7.3017524e-02   6.5824163e-02   7.6795737e-03   6.8870054e-02   4.1147362e-02   1.4119219e-01   6.5503654e-02
   6.9389945e-03   7.6469111e-02   8.6073734e-02   4.0310899e-03   6.8327423e-03   8.8703991e-02   5.4555437e-02   5.2417069e-02   5.2428944e-02   2.1641627e-01   2.6828694e-03   5.6179296e-02   3.8950728e-02   1.8921942e-01   6.8100301e-02
   7.0457567e-03   1.4661084e-01   1.9579731e-03   1.1304846e-01   1.7421205e-01   7.6858080e-03   1.4792119e-01   1.6955509e-02   1.4001001e-02   1.3386906e-01   1.0390567e-01   4.8219729e-02   2.3992242e-03   7.3637720e-02   8.5300083e-03
   7.0956082e-03   1.6021153e-01   2.2235944e-02   2.6146588e-02   2.0056503e-02   1.2593439e-01   8.6457016e-03   1.2523043e-01   4.5111391e-02   1.5752708e-01   9.0274045e-02   6.8005412e-02   4.1851203e-02   3.0988523e-02   7.0685659e-02
   7.4324179e-03   4.3507716e-02   2.7602522e-03   1.7121558e-02   1.4072418e-01   1.6029722e-01   4.7138479e-02   1.4382769e-01   1.7963314e-02   1.1818220e-02   1.6172427e-01   9.8309766e-03   6.7350782e-02   1.5501889e-01   1.3484048e-02
   7.7450250e-03   7.6303238e-02   7.0937009e-03   1.1172711e-01   9.3338331e-02   1.5227489e-02   2.1900802e-02   1.2658885e-01   1.0566972e-01   1.2425143e-01   1.2674636e-02   1.3485580e-01   3.8818894e-02   1.2275771e-01   1.0472579e-03
   7.9548608e-03   1.7815188e-01   3.8756822e-02   7.1223754e-03   8.2138563e-02   1.0554065e-01   5.3926556e-02   6.4748867e-04   6.4748867e-03   1.5983720e-01   1.6890204e-01   1.0600314e-01   4.7451670e-02   4.0699288e-03   3.3021922e-02
   8.0292685e-03   1.5047776e-01   1.6909201e-01   1.5066801e-02   7.7710831e-03   5.7332694e-02   5.8811788e-02   1.9911475e-02   5.2330863e-02   1.6716437e-01   4.4397811e-02   3.9822893e-03   1.0824159e-01   1.2515409e-01   1.2236111e-02
   8.2596375e-03   6.2086173e-02   4.5493266e-03   6.5201528e-03   1.4885767e-01   9.2232860e-02   1.4520978e-01   1.4363037e-01   3.8532995e-02   3.9738584e-03   1.0979138e-01   3.6838277e-02   5.3704230e-02   1.8748182e-02   1.2706511e-01
   8.7628272e-03   2.1641877e-01   3.8971521e-02   2.8017987e-02   2.0292863e-02   1.5092817e-01   3.7587917e-02   7.1716822e-02   1.1299435e-02   2.5250778e-02   2.2137669e-02   5.7650179e-04   1.5265767e-01   1.6545601e-01   4.9925055e-02
   8.8410479e-03   4.7826084e-02   1.5612594e-02   1.2699790e-01   1.7146866e-01   1.4697897e-02   1.2294792e-01   1.9752445e-02   5.9944827e-03   2.9623947e-02   1.7144301e-01   1.4885144e-01   7.7173253e-03   8.1557135e-02   2.6668111e-02
   9.0910016e-03   7.6650397e-03   1.6141249e-02   7.7149303e-02   4.9967337e-02   2.1049356e-01   9.0498012e-02   3.0202423e-02   6.0362895e-02   1.6382396e-02   9.9655916e-03   1.9374976e-01   2.0782551e-01   9.0391263e-03   1.1466800e-02
   9.4214050e-03   1.3018049e-01   1.3035386e-01   2.5853410e-02   1.0367994e-01   4.7938079e-02   5.7539070e-02   7.2773202e-02   3.9692220e-02   1.3115339e-02   1.4701808e-01   2.4026284e-03   4.1632324e-02   5.1035214e-02   1.2736474e-01
   9.5714254e-03   5.6137514e-03   8.5645297e-02   1.5651053e-01   5.7267383e-02   3.2300019e-02   5.2012535e-03   1.6681990e-01   6.5986298e-03   6.6903547e-02   1.2719004e-01   8.8137310e-02   6.5381225e-02   1.2199767e-01   4.8620224e-03
   9.8245614e-03   1.8105263e-02   6.8771930e-02   5.0807018e-02   2.0070175e-02   3.5087719e-03   1.0385965e-02   2.3859649e-02   2.2582456e-01   1.2771930e-02   8.5192982e-02   8.9403509e-02   5.6421053e-02   2.3185965e-01   9.3192982e-02
   9.9217157e-03   4.9679826e-02   1.3475668e-01   1.4725552e-02   3.6892327e-02   4.2641442e-02   2.2062983e-01   1.2319197e-01   4.0584085e-02   4.1470468e-04   1.5226642e-01   6.4504306e-02   1.4759071e-03   7.9877516e-02   2.8437712e-02
   1.0302829e-02   6.4122785e-02   3.0405863e-04   1.2691086e-02   1.2140308e-02   1.1326389e-01   2.1348677e-02   1.1248314e-01   6.3797431e-02   6.8181536e-03   7.6730359e-02   1.4505964e-01   1.8565631e-02   1.8251195e-01   1.5986006e-01
   1.0383755e-02   5.4697236e-03   5.3173446e-02   1.5826387e-01   1.5559646e-01   2.9323915e-02   2.6243000e-02   2.2676433e-02   9.6842231e-05   5.1608626e-02   1.7689774e-01   1.0478802e-02   4.9474459e-02   1.4103778e-01   1.0927515e-01
   1.0541140e-02   2.5101540e-02   6.1661078e-03   9.7883585e-02   1.7202255e-01   7.1118596e-02   7.7301455e-02   1.7843081e-01   1.4065467e-01   3.5659827e-02   1.2373172e-02   1.4129710e-01   8.3446450e-03   6.6168013e-03   1.6488002e-02
   1.0641909e-02   7.2372989e-02   9.7190474e-02   9.0571044e-02   6.6693080e-02   5.2696349e-03   1.4682641e-01   9.4442145e-03   1.3248249e-01   3.5975951e-03   9.3062108e-03   9.5105627e-02   1.1585751e-01   2.1682850e-03   1.4247253e-01
   1.0649627e-02   8.1033982e-02   3.5434214e-02   1.8143092e-01   9.2748572e-02   6.6802207e-03   1.5780811e-01   1.5209604e-01   2.2557847e-02   3.6305547e-02   1.7600929e-01   4.9375545e-03   5.2279988e-03   3.4853326e-02   2.2267402e-03
   1.0707421e-02   3.4141514e-03   7.0757521e-02   1.6057660e-01   7.9322567e-02   9.8277247e-02   6.4598102e-03   2.3296058e-02   2.1379209e-03   1.9883578e-01   1.8282845e-01   4.6937403e-02   2.3676740e-05   3.4514451e-02   8.1910933e-02
   1.0755177e-02   1.6258596e-01   9.7880886e-03   3.0380788e-02   3.8067193e-02   8.0784173e-03   5.7582539e-02   5.1657573e-02   2.1307337e-03   4.5914514e-03   1.3869648e-01   1.5785418e-01   6.6543561e-02   1.0799668e-01   1.5329117e-01
   1.0991214e-02   3.7144408e-02   1.3744368e-02   1.9367802e-01   9.2973047e-02   1.0535823e-02   1.6124842e-01   3.0554487e-03   4.5132428e-02   3.6180871e-02   1.2448441e-01   8.6588011e-02   1.2738436e-01   2.8854258e-02   2.8004918e-02
   1.1154077e-02   1.0752041e-02   1.7828010e-01   1.9765730e-01   3.8746394e-02   5.7316251e-02   2.8414290e-02   1.8383514e-02   1.1286128e-03   8.0080897e-03   1.9419051e-01   1.3789209e-01   2.1168425e-02   3.0732940e-02   6.6175363e-02
   1.1291427e-02   8.9749273e-02   9.6220536e-03   4.4176276e-03   5.3934423e-02   5.3141316e-03   1.3608013e-01   1.1673177e-01   1.4691433e-01   4.7736837e-02   1.4025502e-01   1.1908636e-02   1.6456801e-01   4.3872859e-02   1.7603476e-02
   1.1825917e-02   1.0166981e-01   4.4317132e-03   5.8633633e-02   1.0894784e-01   3.0080917e-02   1.2325681e-01   3.5672897e-02   1.1307807e-01   5.9172588e-03   1.0534695e-01   1.1467501e-01   2.9232047e-04   7.6277427e-02   1.0989342e-01
   1.1836016e-02   1.1098923e-01   1.0669402e-01   1.9129403e-02   1.2848390e-01   9.7307301e-02   1.4276211e-01   6.3279573e-02   8.1302434e-03   1.1441670e-01   1.7437847e-02   5.3986753e-02   5.2774322e-02   4.4347098e-03   6.8337877e-02
   1.1866833e-02   4.9535125e-03   1.3446982e-02   3.6304995e-02   3.8086205e-02   6.9333506e-02   1.6315410e-01   1.6386279e-01   8.0747537e-02   1.0579260e-01   8.8740547e-04   3.4214457e-02   1.1901886e-02   1.1212602e-01   1.5332118e-01
   1.2049245e-02   6.3302725e-02   1.4180289e-01   2.8258597e-02   6.6856079e-02   4.0884822e-03   2.7082026e-03   4.9505857e-03   1.3721571e-01   4.9565005e-02   7.9905590e-02   8.0614446e-02   1.7076582e-01   1.3625872e-01   2.1657911e-02
   1.2654602e-02   2.7511062e-02   1.6464641e-01   1.8147038e-01   8.3201242e-04   5.7429589e-02   1.9763158e-02   2.0399806e-02   1.7473088e-01   6.3184368e-02   4.9365258e-02   5.8775513e-02   1.3004568e-02   5.2257559e-02   1.0397483e-01
   1.2965080e-02   5.4005374e-02   4.2884821e-02   6.6524911e-02   4.3056678e-02   2.5303834e-02   2.1504554e-01   1.2946722e-01   2.2150216e-01   6.8903945e-02   4.1696233e-02   9.5138233e-04   2.3347501e-02   5.7814624e-03   4.8563852e-02
   1.3292017e-02   7.2678790e-02   1.9346404e-01   1.4111696e-02   1.7685602e-02   9.9174404e-02   2.6251971e-02   4.5840542e-03   1.0422297e-01   3.5030718e-03   8.6480628e-02   1.6738150e-01   5.0169800e-02   1.1658402e-01   3.0415430e-02
   1.3366908e-02   8.4764956e-03   1.9849688e-03   4.5813008e-02   6.1492057e-02   3.5487224e-03   2.2320729e-02   1.4065042e-01   3.4816734e-03   1.5177850e-01   2.3100447e-01   5.4954512e-02   8.9395935e-03   1.5348241e-01   9.8705527e-02
   1.3427586e-02   1.4134616e-02   1.5920210e-01   3.9450113e-02   1.3885195e-01   1.5737015e-01   8.4154366e-02   1.3135178e-02   1.3785286e-01   7.8531531e-02   1.7795823e-02   1.4320599e-02   1.6243603e-02   1.1100752e-01   4.5219963e-03
   1.4522374e-02   5.4649826e-02   3.6828238e-03   2.1788809e-02   9.8961531e-03   2.9361035e-02   2.0254395e-02   5.0404665e-03   6.8891388e-02   1.2245744e-01   4.0405691e-02   1.7123209e-01   7.5440440e-02   1.9990611e-01   1.6247096e-01
   1.4556346e-02   1.0247997e-01   6.1784228e-02   1.8802853e-01   1.0073031e-02   2.2597617e-03   1.2942810e-03   9.1457721e-03   1.2047876e-01   1.0474161e-01   7.7410483e-02   1.1879097e-02   5.1188601e-02   1.1473647e-01   1.2994306e-01
   1.4640138e-02   9.9238516e-03   4.4215181e-02   1.9995087e-02   2.3090150e-02   3.6059936e-02   6.1360845e-02   6.3915500e-02   2.3306313e-01   1.8472120e-01   8.8528617e-02   9.4276591e-02   9.2409727e-02   3.2473594e-02   1.3264554e-03
   1.5054645e-02   1.2692750e-01   4.7123791e-02   1.2903500e-01   5.4395792e-03   7.6558957e-02   1.4283691e-02   7.3270457e-03   7.8651331e-02   2.0472345e-02   5.4024910e-02   2.7415812e-02   1.7901261e-01   1.2928458e-01   8.9388201e-02
   1.5257544e-02   2.3007236e-03   1.3333628e-02   1.2298924e-01   6.9042320e-02   1.7307597e-01   9.7774427e-03   9.0519396e-02   1.5312457e-01   5.0959157e-02   5.3834158e-03   1.0307796e-02   9.3374048e-02   5.2999739e-02   1.3755501e-01
   1.5461606e-02   3.5740664e-02   2.1834974e-01   2.7464503e-02   2.1925606e-02   3.0428244e-02   5.2344341e-02   6.8957618e-03   2.2680357e-01   3.0073015e-02   5.7319646e-03   3.6333028e-02   1.1197640e-01   5.6120990e-02   1.2435056e-01
   1.5790378e-02   1.3167788e-01   1.4638356e-01   8.2720938e-02   4.7906645e-05   2.0621110e-02   1.0360440e-01   4.5106779e-04   6.0654786e-03   2.5178149e-02   1.3921658e-01   7.3483084e-02   4.9473492e-03   1.0110401e-01   1.4870811e-01
   1.6148443e-02   2.5170253e-02   3.8132547e-03   3.9657459e-03   1.4882530e-01   1.4415049e-01   1.3394795e-01   1.0277502e-02   1.5073015e-01   3.5538412e-02   1.4546403e-02   1.5537072e-02   1.2533061e-01   9.6231073e-02   7.5787344e-02
   1.6210928e-02   7.1828133e-02   1.1035456e-02   3.2427314e-02   1.4760378e-01   1.3791618e-01   6.6281306e-03   1.2411631e-02   1.5085220e-01   9.5419403e-02   8.0086461e-02   2.1644998e-02   1.6346889e-01   5.2303361e-02   1.6314105e-04
   1.6895406e-02   9.8467218e-02   1.0652870e-01   1.1936755e-01   8.4153664e-02   5.5036080e-03   1.3279296e-01   6.2504018e-02   1.1189675e-01   1.0462579e-02   6.4682338e-02   9.5257070e-03   1.6355366e-02   1.3552625e-01   2.5337880e-02
   1.7486413e-02   2.8700903e-02   1.0064614e-01   1.7270994e-01   1.1265767e-04   3.7052683e-05   6.6885209e-02   2.8549083e-02   3.3740958e-02   1.5382365e-01   1.1014840e-02   1.6538472e-01   8.0985565e-02   1.1044297e-01   2.9479896e-02
   1.7594803e-02   4.3510336e-03   1.3267005e-01   2.8884280e-02   1.9553675e-01   2.7029714e-02   5.8921894e-03   2.3569786e-02   1.8736972e-03   2.0139280e-01   7.1354921e-02   1.5325397e-01   8.5419386e-03   8.2072404e-02   4.5981662e-02
   1.8106846e-02   1.2772835e-01   3.3706723e-03   1.4269769e-02   9.7720277e-03   6.6556348e-04   1.7679758e-02   2.2240931e-02   1.5176628e-01   1.1607465e-01   1.6871360e-01   3.4873505e-02   2.5143428e-02   1.5001463e-01   1.3957999e-01
   1.8395692e-02   1.6085907e-03   3.7753906e-02   4.5540802e-02   3.3190274e-04   1.3244925e-01   4.3966255e-02   1.6782843e-01   6.0255965e-02   1.7744479e-01   7.4947249e-02   7.6738354e-03   9.4548603e-02   6.7796475e-02   6.9458250e-02
   1.8454994e-02   4.4951449e-02   6.1664774e-02   4.8816120e-03   9.5369326e-02   3.1785145e-02   6.5796670e-02   1.0918972e-01   5.0690352e-04   5.3268905e-02   1.4601244e-01   1.6151076e-01   5.3465914e-03   1.7842437e-01   2.2836334e-02
   1.8509833e-02   6.5821420e-02   4.3129066e-03   3.8738765e-02   2.0003566e-02   1.2346218e-01   6.9310462e-02   3.9821680e-02   1.3464760e-01   1.0712120e-01   5.8088171e-03   1.0734349e-01   1.3581481e-01   1.2287568e-01   6.4075995e-03
   1.8691371e-02   7.2748559e-02   1.4061196e-02   3.1833277e-02   1.2610940e-02   2.8152298e-03   1.3404237e-01   8.9061703e-02   1.3535707e-01   1.2503083e-01   1.0722893e-01   1.3397950e-01   1.2391946e-02   7.7270360e-02   3.2876716e-02
   1.8769587e-02   6.8582334e-03   1.4006498e-03   2.1364078e-02   4.9926924e-02   1.5497788e-01   1.6173537e-01   6.4893872e-02   1.1498579e-01   1.7181803e-02   1.5750096e-01   1.2603222e-01   3.1483972e-02   6.9246903e-02   3.6417522e-03
   1.9107936e-02   6.0886710e-02   1.4504109e-01   2.3420007e-02   1.7071607e-03   7.4216630e-02   1.6212742e-01   1.5529364e-01   3.4429322e-03   4.0576955e-02   1.2271461e-03   1.0204363e-02   1.0624745e-01   1.9692739e-02   1.7680781e-01
   1.9701854e-02   1.2178929e-02   6.0058133e-02   4.9002621e-02   1.7566556e-01   2.4290707e-02   8.8741567e-02   5.3415927e-02   1.3333149e-01   2.1062620e-03   1.2704517e-01   6.6684400e-02   1.4070871e-01   7.7937830e-03   3.9274891e-02
   1.9745980e-02   2.5444936e-02   3.8391908e-02   2.5201787e-03   1.6449876e-01   2.1347639e-02   1.2625033e-01   1.5970268e-01   4.5494621e-02   2.6789839e-02   2.0698165e-01   1.5664180e-02   7.0665742e-02   6.8221311e-02   8.2802506e-03
   2.1363440e-02   1.4578885e-01   9.5241994e-02   1.0450184e-01   5.6197914e-02   3.6107917e-03   7.6368554e-02   4.2223150e-02   3.6484464e-03   8.7233415e-02   2.9047528e-02   1.4422729e-01   1.3382810e-01   4.3690301e-02   1.3028386e-02
   2.1378513e-02   1.5959210e-02   3.2959784e-02   2.8463301e-02   1.2064813e-01   8.9278931e-03   1.8274136e-01   1.7208468e-01   8.0737721e-03   4.1214184e-02   8.0740603e-02   3.0902483e-02   1.7579299e-01   2.0434913e-02   5.9678183e-02
   2.1586161e-02   2.1031391e-02   1.2216367e-01   1.6477099e-01   1.6187631e-02   1.0475288e-02   4.0873428e-03   1.7217549e-01   3.1098705e-02   1.4325210e-02   3.7055373e-02   3.9184333e-03   1.4916332e-01   1.4409354e-01   8.7867448e-02
   2.2613670e-02   1.7154177e-02   2.6874168e-03   8.4982317e-02   3.4809863e-02   2.5920233e-02   1.0248514e-01   1.4586334e-01   7.3141685e-02   1.5646283e-01   2.5540486e-02   2.8166588e-02   1.9202354e-01   7.5661079e-02   1.2487631e-02
   2.2665453e-02   2.0008678e-01   1.5680710e-01   1.9598192e-02   1.5447487e-01   2.8185080e-02   1.2991701e-01   3.1687053e-02   3.1061401e-02   3.6210094e-02   2.6349337e-02   4.0766014e-03   4.0069987e-03   1.5111172e-01   3.7623044e-03
   2.2786103e-02   5.2284224e-02   1.1926749e-01   1.5978989e-01   4.9280584e-03   1.4343846e-01   8.4669322e-02   1.3362605e-01   1.1724048e-02   1.5544689e-02   8.8551415e-02   5.1515049e-03   2.2920472e-03   2.0496903e-02   1.3544979e-01
   2.2898310e-02   1.1900753e-02   4.6571515e-02   1.9411796e-02   8.5715693e-02   6.8840703e-02   5.5857135e-03   1.4230207e-01   1.0062407e-01   8.6931692e-02   7.3083014e-03   7.1913889e-02   1.6450472e-01   8.3403258e-03   1.5715045e-01
   2.3008304e-02   1.4257567e-01   4.2732485e-03   3.2006164e-02   8.5301180e-02   4.2634976e-02   1.3459741e-01   1.4000991e-01   3.1522788e-04   4.7720075e-02   1.3928824e-01   1.1337190e-01   4.1025811e-02   5.0187214e-02   3.6846713e-03
   2.3015873e-02   2.3313492e-02   2.8769841e-03   5.8234127e-02   1.1289683e-01   1.9345238e-02   9.7817460e-02   7.8373016e-03   1.6984127e-01   1.3144841e-01   1.2628968e-01   5.0793651e-02   1.7261905e-02   4.5634921e-03   1.5446429e-01
   2.3814553e-02   9.3534822e-02   5.2961138e-02   1.1925492e-01   1.5264545e-02   1.7830584e-02   1.2906724e-01   2.4822278e-04   1.2175969e-01   1.2825204e-01   1.5415382e-01   4.4233166e-03   4.0839567e-02   8.1871736e-02   1.6723807e-02
   2.4377857e-02   7.8009142e-02   1.1284916e-01   1.4504825e-01   1.5744033e-02   3.6769934e-02   1.8445912e-01   1.7572372e-02   4.0528187e-02   4.6724225e-03   1.5358050e-01   1.5236160e-01   5.5865922e-03   5.0787202e-03   2.3362113e-02
   2.4834704e-02   1.6892437e-02   7.4584744e-02   1.0058861e-01   6.6924690e-03   1.9283180e-01   7.6721497e-02   2.2657636e-02   1.8303499e-02   1.6255443e-01   8.3696178e-02   8.7889050e-03   2.7132721e-02   1.8182551e-01   1.8948557e-03
   2.5265245e-02   1.6851277e-01   3.1704760e-03   1.6440993e-02   6.9143101e-03   2.2507094e-02   6.4754790e-02   6.5958052e-02   5.9032998e-03   1.5358605e-01   7.7134194e-02   1.2232633e-01   1.3838705e-02   1.9212602e-01   6.1561676e-02
   2.5284576e-02   8.1147823e-02   4.0394799e-02   2.2813007e-02   6.3011125e-03   1.4038411e-01   1.1686951e-02   1.4238575e-02   1.4727461e-02   1.4279439e-01   3.4102149e-02   3.6756315e-02   1.4105257e-01   1.5597636e-01   1.3233979e-01
   2.5516572e-02   2.6667591e-01   2.1078907e-02   1.8166690e-02   1.8249896e-01   7.0725281e-03   4.4099293e-02   1.6488698e-01   4.8536957e-03   4.7288864e-02   1.7334628e-02   4.0077659e-02   1.8998752e-02   1.3229788e-01   9.1526834e-03
   2.6634047e-02   2.1322994e-02   1.6389580e-02   6.4705786e-02   8.8333489e-02   7.5818366e-03   1.6391354e-01   3.1755765e-02   1.4996583e-02   1.2100281e-01   7.7363983e-04   2.7412435e-02   1.5383717e-01   1.3465517e-01   1.2668516e-01
   2.7135711e-02   2.6148711e-02   3.8254422e-02   3.0017786e-02   4.0623340e-02   1.3254679e-02   5.1719967e-03   1.7031887e-01   2.0721788e-02   1.9596268e-01   9.2290251e-02   1.8571899e-01   1.0230013e-01   3.8615737e-02   1.3464914e-02
   2.7603632e-02   1.2508413e-02   1.0676154e-01   8.4294718e-03   9.7309613e-04   9.0783665e-02   5.2406703e-02   3.0555857e-03   1.2168802e-01   1.1974727e-01   9.1361443e-02   1.4212060e-01   6.3100844e-02   1.1296280e-02   1.4816342e-01
   2.8183597e-02   7.8901102e-02   2.2161406e-02   2.9306675e-02   2.1700113e-01   3.4699422e-02   4.4856915e-02   1.6385865e-01   8.1633062e-03   5.9603085e-02   5.8140515e-03   1.2887520e-01   2.6867221e-02   3.5337290e-02   1.1637095e-01
   2.9359911e-02   3.7852081e-02   1.0194201e-01   1.4046047e-01   1.4796298e-01   1.3246144e-01   1.3583368e-01   9.5560610e-02   1.8629716e-02   4.1655355e-02   1.8381042e-02   9.1959058e-03   7.9253090e-03   7.7287128e-02   5.4923613e-03
   3.0321141e-02   1.1403095e-01   1.3800440e-01   6.0877553e-02   3.2304489e-03   3.0522121e-02   1.0536458e-01   1.3451023e-01   1.4127565e-01   1.6991131e-02   1.0043672e-01   5.7792445e-02   2.4958390e-03   3.2470435e-02   3.1676355e-02
   3.0409228e-02   1.0062208e-02   1.5707662e-01   2.6075717e-03   1.3585481e-01   3.7467575e-02   7.2026436e-03   1.3723720e-01   2.9608114e-02   9.2000839e-03   3.7229697e-03   1.0811185e-01   6.7188381e-02   1.5500704e-01   1.0924371e-01
   3.1002412e-02   1.6001766e-01   3.4485671e-02   1.5501297e-01   6.5674675e-02   8.6301044e-03   1.2963558e-02   6.8437678e-04   1.0524372e-02   1.6680495e-01   1.2171951e-02   1.6904700e-02   1.2690770e-01   7.8579162e-02   1.1963574e-01
   3.1198082e-02   1.2270269e-01   7.5176104e-03   9.5841670e-02   4.6371070e-02   5.0427771e-02   3.3146685e-03   1.3282401e-02   1.4987895e-01   1.5986808e-01   1.6063430e-02   1.9272998e-02   9.5998121e-02   1.6497921e-01   2.3283258e-02
   3.3549036e-02   6.6250104e-03   1.8870911e-02   1.5476917e-01   1.6376675e-01   1.0358059e-02   3.9886397e-02   1.0406758e-01   3.1479252e-02   6.7143438e-03   7.9395312e-02   7.5688259e-02   1.5138626e-01   5.7649277e-02   6.5794389e-02
   3.3920536e-02   1.0923137e-01   1.2632341e-01   1.1850087e-01   3.0110376e-03   6.7471352e-02   1.9721775e-01   1.8195237e-01   3.8430415e-02   3.0751631e-02   4.9455590e-04   1.0164624e-03   4.8480858e-02   4.3184453e-02   1.2923726e-05
   3.4322404e-02   9.4650271e-03   1.7064164e-01   2.8452972e-02   4.4507917e-04   1.3101022e-02   2.3852661e-02   6.9001015e-02   2.7378767e-02   8.3236354e-02   1.6649628e-02   8.1044354e-02   1.8224533e-01   1.1345539e-01   1.4670836e-01
   3.4922929e-02   4.4677264e-02   6.6233141e-03   3.7331407e-02   8.2129094e-02   1.2740848e-01   6.8762042e-02   9.2726397e-03   2.3302023e-01   7.5867052e-03   2.1905106e-01   1.3607900e-02   3.1430636e-02   4.2750482e-02   4.1425819e-02
   3.5167065e-02   3.7458715e-03   3.2997942e-02   4.4698393e-02   1.6517923e-01   1.4101946e-01   1.3934991e-01   7.8907812e-03   3.7357927e-02   1.3166601e-01   1.5806848e-01   2.2273832e-02   6.8775587e-03   4.7875310e-02   2.5832229e-02
   3.5314093e-02   4.6862006e-02   1.3332744e-01   6.1888605e-02   1.2497856e-01   2.7952825e-02   6.2661978e-03   9.4662937e-02   1.0458521e-01   9.2336716e-02   4.2490834e-03   1.1259762e-01   3.6494440e-03   2.7249795e-02   1.2407947e-01
   3.5533125e-02   7.7956246e-02   1.4377531e-01   1.9895983e-01   1.3253279e-03   9.1765049e-03   6.1798469e-02   7.1260591e-03   1.1494054e-02   1.0430132e-01   4.4900371e-02   6.1923954e-02   2.0650376e-01   2.8762324e-02   6.4633463e-03
   3.6632325e-02   1.5969527e-01   9.0787360e-02   3.6790468e-02   2.2264312e-02   1.8413828e-01   9.1067716e-02   6.5617859e-02   2.0367610e-02   6.4259275e-03   3.4748649e-04   1.3138917e-01   6.0367356e-02   7.8762597e-02   1.5346276e-02
   3.7789409e-02   7.0949399e-03   4.3467662e-02   6.9290348e-04   1.0946915e-01   1.2057312e-03   9.7824632e-02   3.6231278e-03   2.1513514e-01   1.9069403e-02   8.0268212e-02   5.1441274e-02   1.3746828e-02   1.6015885e-01   1.5901274e-01
   3.7841515e-02   1.3827381e-01   1.7308039e-01   1.8521157e-01   8.6106186e-02   4.7847172e-03   3.8106553e-03   5.8960624e-02   1.1148079e-01   5.6029929e-02   7.9424568e-03   3.1960519e-03   8.6941962e-03   9.2718085e-02   3.1869023e-02
   3.8409329e-02   1.2626023e-01   2.2694827e-02   4.3818330e-02   8.9286688e-02   3.7656616e-02   7.9583091e-02   1.2010098e-01   2.1903635e-02   5.3142817e-04   3.9705521e-03   1.6188380e-01   1.2742961e-01   1.7655793e-02   1.0881509e-01
   3.8822535e-02   2.8559227e-02   1.2521979e-02   1.3096359e-01   9.7817559e-02   1.7598327e-01   1.0896511e-01   1.0987845e-02   7.3881397e-02   1.8066534e-03   4.9177303e-03   1.8418106e-01   3.0170191e-02   2.2929011e-02   7.7492842e-02
   4.1026398e-02   1.2793287e-01   2.3072103e-02   3.0865319e-02   1.4366143e-01   4.5661211e-03   5.1678215e-03   1.5751684e-02   7.1432383e-02   1.6167129e-02   1.4885362e-01   1.2228530e-01   8.9324646e-02   7.9479116e-04   1.5909838e-01
   4.1086175e-02   1.8658749e-03   1.3368097e-01   1.0268625e-01   2.3107850e-02   4.1062348e-02   1.8574914e-01   2.2698115e-02   6.1470420e-02   2.3312062e-01   5.5507533e-02   4.3953994e-02   1.1783260e-02   4.1129424e-02   1.0980273e-03
   4.2641845e-02   9.5285035e-02   2.6381520e-03   1.5452695e-01   2.3272102e-03   8.4081849e-02   1.2236679e-03   5.0879854e-02   1.5487888e-01   2.2023755e-02   1.5059119e-01   1.4063291e-02   1.3583047e-01   9.1750187e-03   7.9832818e-02
   4.3003156e-02   3.7309674e-02   7.0359500e-02   1.6579653e-03   1.1637101e-01   3.3230841e-02   6.2976745e-02   1.0155501e-02   2.9140089e-02   1.9642897e-01   6.8436140e-02   4.5899381e-03   1.7345690e-01   1.4358074e-01   9.3028319e-03
   4.3242997e-02   1.7965624e-01   8.2757366e-03   1.1595126e-02   4.5016370e-02   1.5382866e-01   1.8797745e-01   2.0921244e-01   2.8283012e-02   3.1375045e-03   2.7237177e-02   7.5027283e-03   5.8657694e-03   1.8006548e-02   7.1162241e-02
   4.3663018e-02   3.9425216e-02   2.0084639e-02   1.3242599e-01   8.9878531e-02   7.8537756e-02   2.4597983e-02   7.8968963e-02   8.8892037e-02   1.2274879e-01   1.3948236e-01   1.1541440e-02   5.3628943e-04   1.1358942e-01   1.5627556e-02
   4.4490592e-02   1.3575121e-01   1.4279272e-01   9.0200220e-03   1.6000419e-02   1.3835565e-01   7.9764556e-02   1.6083882e-01   2.4764467e-02   2.7119442e-02   1.8811528e-01   1.2620272e-02   4.8579259e-03   6.4979955e-03   9.0106278e-03
   4.5456856e-02   2.0904576e-01   4.1810167e-02   1.2827786e-01   3.6983106e-02   2.4207403e-02   7.1753780e-02   3.6998145e-02   2.1094066e-01   4.1125084e-02   2.6197820e-02   1.1368486e-02   6.0789024e-02   4.1861471e-02   1.3184374e-02
   4.5689089e-02   1.2383901e-02   5.4977015e-02   1.0329299e-01   1.6633831e-01   2.4298715e-02   5.1693405e-02   3.8652782e-02   1.8369453e-01   7.7117929e-02   3.7526973e-04   1.5573694e-02   4.3249836e-02   1.7881602e-01   3.8465147e-03
   4.6914105e-02   7.8985782e-02   1.2096342e-01   1.5341356e-02   1.6728062e-02   3.7492254e-02   5.4911558e-03   1.0861519e-01   7.8116614e-03   6.3259099e-04   1.2617110e-02   1.8640443e-01   1.5502186e-01   1.7011328e-01   3.6867738e-02
   4.7621789e-02   9.0655576e-02   1.7017065e-01   3.7325784e-02   1.8601387e-02   1.4098901e-01   4.3987189e-02   5.9025640e-03   1.5987361e-02   2.7811821e-02   1.8993123e-01   6.9368173e-02   2.5979596e-03   2.6880953e-02   1.1216855e-01
   4.8330879e-02   7.9205255e-03   1.5114963e-01   7.9597509e-02   5.3677857e-02   1.1424665e-02   8.2887488e-02   8.1889842e-02   8.8893137e-02   1.0081573e-02   1.0655953e-01   1.9250503e-02   2.2560320e-01   6.4670863e-03   2.6266570e-02
   4.9089420e-02   2.9594342e-02   1.7464727e-01   1.4316850e-01   3.5661763e-02   1.0170294e-02   2.4943837e-03   4.6831789e-02   1.6149232e-01   1.5387188e-01   5.2760429e-03   1.3021615e-02   1.2195031e-01   3.7930768e-02   1.4799303e-02
   4.9141756e-02   1.7541699e-05   5.0605149e-02   2.5376027e-02   1.2252032e-01   7.4340723e-02   3.5968283e-02   2.7709376e-01   3.6166125e-02   1.0824519e-01   6.5339086e-02   4.5870535e-02   4.0937451e-02   1.9181442e-02   4.9196605e-02
   4.9881355e-02   1.2689365e-01   1.3197627e-01   2.2125953e-03   3.5392853e-02   2.3372715e-02   4.6998713e-03   2.0246802e-01   1.0241873e-02   3.6047925e-02   4.3715213e-02   1.2120809e-01   1.7594498e-01   2.8463315e-02   7.4812638e-03
   4.9944901e-02   4.9795513e-03   3.4374328e-02   1.7903672e-01   2.2886454e-02   1.1765552e-01   8.2506864e-02   1.6056850e-01   1.8257962e-01   3.2219575e-02   6.4460600e-02   1.8945525e-02   2.6008623e-02   1.4252132e-02   9.5810903e-03
   5.0318253e-02   1.8080478e-01   1.8494635e-02   2.0543793e-02   1.0546449e-01   4.9972050e-02   1.7837795e-01   3.9465195e-02   2.5484865e-02   9.4683691e-02   1.5841075e-01   1.1658499e-02   6.6546065e-03   1.8570493e-03   5.7809394e-02
   5.0408075e-02   1.7856251e-01   1.8282833e-01   1.5207314e-02   1.2816173e-01   4.9943086e-02   1.0126885e-02   1.2449343e-02   4.4672343e-02   5.4943528e-03   5.7520879e-02   7.6334275e-02   1.2230992e-01   1.5408502e-02   5.0572454e-02
   5.0576414e-02   3.1623540e-02   9.3617390e-02   2.8100932e-02   6.4697011e-02   1.3817625e-01   6.7953410e-02   2.2098244e-02   1.2999747e-01   3.2557677e-05   7.0326762e-02   7.5854025e-03   1.2833791e-01   2.5694835e-02   1.4118186e-01
   5.1707080e-02   8.3795879e-02   1.2184606e-01   1.9956654e-01   3.2716562e-02   9.0576750e-03   3.5172334e-02   2.9293172e-02   7.0143317e-02   6.7407584e-02   1.9317024e-02   1.7909829e-01   6.7773741e-03   5.3683590e-03   8.8732743e-02
   5.1787689e-02   1.1504792e-01   1.4882049e-02   3.9624032e-03   5.4828603e-03   1.2338739e-01   1.0357538e-01   1.3822337e-02   2.1807040e-01   1.6490048e-01   4.4968669e-02   3.3634353e-02   5.9896793e-04   8.2887947e-02   2.2991154e-02
   5.2121627e-02   8.0143409e-02   1.7277047e-02   1.6659284e-01   6.1000309e-02   1.0324553e-01   1.5054353e-02   7.6721045e-02   2.8684642e-03   1.2887036e-02   1.4503170e-01   5.2886964e-02   3.8408236e-02   5.9393815e-02   1.1636763e-01
   5.2495943e-02   1.2372933e-02   2.1043248e-02   1.4870773e-01   8.5154047e-03   1.3444015e-01   3.9462156e-02   3.5986984e-03   5.6752343e-02   5.7535025e-03   1.4447092e-01   3.7197230e-03   1.2075498e-01   1.4633335e-01   1.0157891e-01
   5.3890323e-02   6.1757885e-02   2.8598513e-02   9.6106211e-02   1.8425907e-02   4.0451964e-03   2.0658819e-02   1.9626526e-01   1.9820694e-01   2.6791355e-02   1.0045503e-02   6.3084239e-02   6.3912991e-02   1.5349948e-01   4.7113784e-03
   5.4280928e-02   3.9465003e-02   6.5552534e-02   3.2012545e-02   1.6081113e-01   8.4939172e-02   6.9775151e-03   6.7414091e-04   1.3181135e-02   7.9799305e-03   1.7388921e-01   1.6295178e-01   7.6148273e-02   7.3900961e-02   4.7235744e-02
   5.5060034e-02   1.5900515e-01   2.8816467e-02   1.8439108e-02   1.5137221e-01   1.5926244e-01   1.0205832e-02   1.4082333e-01   4.0394511e-02   1.9468268e-02   6.1749571e-03   5.1457976e-04   1.3293310e-01   7.5300172e-02   2.2298456e-03
   5.5239928e-02   1.5555142e-02   1.1457322e-01   1.3692566e-01   1.0038947e-02   1.1736043e-01   5.2610918e-03   1.2535401e-01   1.1035051e-01   6.1090862e-03   1.2465444e-01   1.4249767e-02   2.8619675e-02   1.2903495e-01   6.6731292e-03
   5.5538969e-02   2.2512363e-02   1.3092545e-02   2.3255325e-02   1.7438706e-01   3.0832207e-02   2.5290216e-02   2.0921116e-02   1.3899403e-01   1.2957670e-01   1.1170058e-01   1.8623188e-01   1.1379031e-02   4.1286853e-02   1.5001118e-02
   5.5677008e-02   3.3636918e-02   1.0412220e-03   5.0396033e-02   1.8306144e-01   9.8775555e-03   9.4593954e-02   3.6846288e-02   9.4160248e-02   3.4147294e-02   2.2465857e-02   1.8369313e-02   8.5724229e-03   1.9288502e-01   1.6426943e-01
   5.5914425e-02   3.5977799e-02   2.0590634e-01   4.8650420e-02   1.9711860e-01   1.2958316e-01   6.7897906e-02   5.2846497e-02   9.4470361e-03   9.7446505e-02   2.5373376e-02   5.4819550e-02   1.1235782e-02   3.3982859e-03   4.3843134e-03
   5.6368223e-02   1.4393606e-02   9.2801882e-02   1.9233547e-01   1.4388218e-01   4.2119061e-02   6.3812594e-02   2.7187723e-02   1.7822956e-01   1.2704199e-01   1.1775818e-02   1.6312080e-02   2.2017815e-02   2.6796869e-04   1.1454028e-02
   5.9673185e-02   7.0329490e-02   8.9829055e-03   1.4532806e-01   1.4685670e-01   1.8897985e-02   7.8231355e-03   2.4758557e-02   3.7839366e-03   1.2796123e-02   1.9413130e-02   1.7145146e-01   9.6173753e-02   1.5535401e-01   5.8377570e-02
   5.9751160e-02   4.8500535e-02   1.5412174e-01   7.6787976e-03   1.6278522e-01   4.1131712e-02   1.6787114e-02   2.2744639e-03   1.5335144e-02   5.8148988e-02   1.0472116e-01   1.5516043e-01   2.5480379e-02   5.0163923e-03   1.4310676e-01
   5.9753605e-02   1.7055568e-02   1.1730282e-02   9.2560619e-02   1.6911163e-02   1.7360839e-02   7.3275354e-02   4.2307638e-02   1.7675804e-03   1.1075873e-01   3.0496829e-02   1.9896274e-01   5.2417640e-02   5.2419273e-02   2.2222214e-01
   6.0392753e-02   1.5855738e-03   1.8488534e-01   9.6863642e-02   1.0828697e-01   1.3391223e-02   1.9674989e-02   5.2427235e-03   4.6940374e-02   1.2831353e-01   5.8214922e-02   8.6486121e-02   2.5408472e-02   1.6375677e-01   5.5658881e-04
   6.0439558e-02   1.6923582e-01   1.3094947e-02   4.2676209e-02   1.1708699e-01   4.6426421e-02   5.1880038e-02   8.1261185e-02   1.7407221e-01   1.6002199e-03   5.9621355e-02   1.3483257e-02   1.5988958e-01   1.6598935e-03   7.5723166e-03
   6.0912874e-02   9.1750050e-02   6.2977714e-02   1.8717753e-02   8.5607136e-03   1.4842210e-01   2.4873879e-02   8.2198712e-02   3.0064066e-02   1.2531742e-01   6.9264036e-03   6.9257193e-02   4.2054560e-02   1.9396524e-02   2.0857004e-01
   6.1238768e-02   7.3345569e-03   3.0322886e-02   1.0675363e-01   1.4020489e-01   1.1121048e-01   2.8242728e-02   1.8767554e-01   2.3949047e-02   1.2740832e-03   1.7490331e-01   5.2294899e-02   3.6642129e-03   3.2142004e-02   3.8788967e-02
   6.3626560e-02   5.0763429e-03   3.3972234e-02   1.1540319e-01   5.2092707e-02   5.9261776e-02   1.1487643e-01   6.7314298e-02   7.0923517e-02   1.7806493e-02   5.1473874e-03   1.5810486e-01   4.3526534e-02   1.6433321e-01   2.8534462e-02
   6.4592274e-02   1.8824768e-03   1.3521487e-01   1.6316703e-01   3.4600988e-03   3.5858097e-03   2.6134730e-02   1.1426153e-02   5.5788932e-02   2.2186485e-02   1.6921131e-01   4.9332737e-02   1.0280213e-01   1.7107379e-01   2.0141175e-02
   6.4768891e-02   6.5544952e-03   8.7151736e-02   9.6680695e-02   8.2312664e-03   6.7088746e-02   1.0773553e-01   5.0260098e-03   1.0112096e-01   1.6010278e-01   1.6836951e-03   8.7661844e-03   6.0358607e-02   1.0945922e-01   1.1527118e-01
   6.4909943e-02   4.3499541e-02   9.6538031e-03   1.3409264e-01   2.2425271e-02   6.0177092e-02   1.8345732e-01   7.1114664e-02   1.2021166e-01   2.1325724e-04   1.7127971e-02   4.1725255e-02   2.0205088e-01   4.4580335e-03   2.4882671e-02
   6.6319271e-02   5.0579518e-02   1.6564685e-01   9.0962486e-03   1.6992915e-01   9.3259228e-02   2.8896930e-03   1.2636054e-01   2.4272251e-02   1.9824384e-02   1.6836226e-02   5.5938133e-02   1.5437395e-01   3.9584650e-02   5.0899065e-03
   6.7215265e-02   1.1405858e-01   1.2474898e-01   1.1041254e-01   1.3244907e-01   1.4257175e-01   1.6230669e-03   8.3702891e-03   2.5748094e-02   1.4990420e-01   5.2729013e-02   1.4203764e-02   2.8216395e-02   1.0677528e-02   1.7071467e-02
   6.7251326e-02   1.8075285e-01   1.6127395e-01   1.4402876e-01   7.5664912e-04   1.3583339e-01   7.9472795e-02   3.3518243e-02   1.4870792e-02   4.9076301e-02   8.0044824e-02   7.2817141e-04   2.4421539e-02   1.8661641e-02   9.3087654e-03
   6.7874600e-02   1.6072735e-03   6.6934424e-02   1.0976180e-01   1.3508114e-01   5.9720080e-03   1.9094953e-02   1.2596350e-02   1.2422957e-01   4.6544117e-02   8.0664050e-03   1.4599077e-01   1.0642085e-02   1.3511363e-01   1.1049086e-01
   6.9196702e-02   1.7692629e-02   3.1998872e-02   1.6637494e-01   1.5204890e-01   7.6266961e-03   1.1862732e-01   6.3043122e-03   2.6754292e-02   2.9189814e-02   6.4077232e-02   7.6521241e-06   9.6016616e-02   6.6676828e-02   1.4740719e-01
   7.1138309e-02   1.7804385e-02   1.3385547e-01   3.8441147e-02   8.2166320e-02   9.1919061e-03   8.4816549e-03   1.8679946e-01   6.6958613e-03   2.1890766e-02   1.6819387e-01   4.0208549e-02   8.3791688e-03   1.9003227e-01   1.6720864e-02
   7.1940272e-02   3.2226891e-02   1.1638511e-02   1.1125303e-01   7.0290272e-03   3.6004616e-02   1.6701331e-01   1.3260120e-01   2.6848856e-02   5.6946360e-02   4.3996050e-02   1.6766045e-01   1.4678612e-02   2.8691204e-03   1.1729370e-01
   7.2331137e-02   1.0621269e-01   3.5586126e-02   6.7368309e-02   1.5174096e-01   1.3112349e-01   8.8978139e-02   6.9960667e-03   1.8139916e-01   3.5176139e-03   3.5475021e-02   1.1972945e-03   2.0209054e-03   1.1255015e-01   3.5029428e-03
   7.2798469e-02   1.7815806e-01   5.4787750e-02   1.2050951e-02   2.0648508e-01   1.9440801e-02   7.3602436e-02   1.9251043e-01   3.4351099e-03   3.9927588e-02   1.3888616e-02   7.9187439e-03   3.8690289e-02   2.4155048e-04   8.6064122e-02
   7.3873806e-02   2.7876533e-02   5.0078318e-03   4.9693131e-02   1.7275969e-02   1.3902817e-01   1.3656961e-01   3.4847534e-02   1.6351244e-02   2.7719907e-02   7.6595702e-02   6.3374169e-02   1.3226181e-01   1.8702708e-01   1.2497498e-02
   7.4675739e-02   9.8660430e-02   1.6159898e-03   8.7603657e-02   1.6193919e-01   1.1609611e-02   5.0180736e-02   2.6366149e-03   3.2574952e-02   1.7644057e-01   2.0935573e-01   2.5345524e-02   6.2258133e-02   3.8273442e-03   1.2757814e-03
   7.4744367e-02   4.4307618e-03   3.6466810e-02   3.9537094e-02   2.4125762e-02   1.1515914e-03   2.6426469e-02   4.6228889e-02   5.9856581e-02   7.2647957e-03   1.2606369e-01   1.7086167e-01   1.6398944e-01   1.2625969e-01   9.2592381e-02
   7.4833854e-02   1.4338923e-01   5.4333654e-04   1.6595354e-02   8.4694564e-02   1.1318212e-01   1.4403399e-01   2.3786636e-02   5.1803016e-03   1.2956599e-01   1.3388259e-02   2.3825449e-02   9.1665824e-02   1.3450022e-01   8.1486619e-04
   7.5649235e-02   1.0028069e-01   7.3323808e-02   2.0301090e-01   1.0565781e-02   1.4776660e-01   1.3432703e-02   1.2514716e-01   3.8997939e-02   8.8599789e-02   2.1056366e-02   6.8158699e-02   1.6171185e-02   9.9668945e-03   7.8722550e-03
   7.6743944e-02   1.5094413e-02   1.3948493e-02   9.7955948e-03   5.0420858e-02   1.6650824e-01   4.0217036e-03   1.0317434e-01   9.8498827e-03   7.1739068e-02   1.3672472e-01   1.6543990e-01   2.8461232e-02   3.7317797e-03   1.4434582e-01
   7.6765219e-02   1.1217792e-02   2.1726136e-02   1.3031859e-01   5.5076743e-02   1.2255154e-01   6.6669777e-02   8.5380150e-02   8.4779396e-02   3.3421821e-03   1.3785298e-01   7.9853108e-02   8.7141968e-02   3.5589327e-02   1.7350966e-03
   7.7751441e-02   4.1548193e-02   1.8916323e-01   1.0302088e-01   8.2909184e-02   3.8499121e-02   1.1309756e-01   1.4515101e-02   4.4141483e-03   2.8794727e-02   4.8733035e-02   7.9199206e-02   1.3473959e-01   1.3883327e-02   2.9731257e-02
   7.9259118e-02   1.1556701e-01   3.1169200e-02   1.2254895e-01   1.1956413e-01   4.4047927e-02   7.6516158e-02   1.5496047e-01   6.9807932e-02   4.7310930e-02   5.6933546e-03   3.0225990e-02   3.1520336e-02   6.8462374e-02   3.3461277e-03
   7.9488277e-02   6.8354566e-02   1.8948721e-02   8.1361739e-03   3.1313564e-02   4.1751418e-03   8.3609892e-02   5.6096778e-02   9.7955251e-03   3.2223531e-02   2.3675195e-01   1.1106948e-01   2.4783214e-02   4.9780537e-03   2.3027513e-01
   7.9633716e-02   1.2984740e-01   5.4727848e-03   1.5160128e-01   6.2232807e-03   6.5950136e-03   1.3332437e-01   5.7648144e-03   5.9391661e-03   1.0339930e-02   1.4517937e-01   5.5144728e-02   2.6098141e-02   1.6189598e-01   7.6940035e-02
   8.0964096e-02   2.0019313e-02   2.3753055e-01   5.7133720e-02   1.3653066e-01   2.4773144e-02   1.5074490e-01   5.7987754e-03   6.7335540e-02   5.3940335e-02   9.0524083e-03   3.1067109e-02   1.0134525e-02   8.3512162e-02   3.1462763e-02
   8.3359832e-02   2.4082856e-02   7.3581946e-02   3.3108344e-03   7.1297192e-02   3.7372173e-02   1.4328083e-01   9.8259795e-03   5.4629949e-03   1.1820551e-01   1.8036001e-01   3.2059806e-04   1.2310878e-01   4.0759996e-03   1.2235445e-01
   8.6735044e-02   9.8923187e-02   1.1105851e-01   1.3048603e-02   5.5632701e-03   9.9317185e-03   1.6502458e-02   6.4979433e-02   7.5740422e-02   5.2514488e-03   6.2895623e-02   8.0817776e-02   9.1300509e-02   1.4333913e-01   1.3391287e-01
   9.0812962e-02   5.7457501e-02   9.6776932e-02   6.2461939e-02   3.1232645e-02   1.9576297e-01   1.0883540e-02   2.0300772e-01   7.5540889e-04   4.1985589e-02   9.7496650e-04   2.2723347e-02   8.5401365e-03   9.6013641e-02   8.0610704e-02
   9.1670087e-02   3.0026543e-02   1.4219499e-02   8.2863122e-03   1.9120182e-02   1.4429356e-01   1.4693422e-01   1.3972459e-03   1.4652082e-01   4.8327332e-03   7.9315492e-02   5.1953473e-02   1.8037804e-01   6.0087711e-02   2.0964085e-02
   9.2453116e-02   2.0664714e-02   1.2893541e-01   4.0822222e-02   1.4510464e-02   8.6590906e-02   3.3882425e-02   1.5674068e-01   1.3216178e-02   1.0471122e-01   1.6097015e-02   1.1321118e-02   1.1043490e-01   1.5577618e-01   1.3843450e-02
   9.3169256e-02   9.9831351e-02   1.7708319e-01   9.9620268e-04   2.6819545e-02   1.8169874e-01   5.7028900e-03   2.0275583e-02   9.7595157e-02   5.4891201e-02   3.6685464e-03   7.1066555e-03   1.1436796e-01   2.3670762e-02   9.3122964e-02
   9.3736109e-02   1.4274840e-01   1.6935850e-01   1.0097367e-02   4.9957725e-02   3.3261331e-03   6.1608302e-02   1.4869642e-01   1.3707098e-01   3.4212504e-03   9.6345766e-03   4.9933406e-03   7.6138673e-02   6.5634899e-03   8.2648733e-02
   9.4362096e-02   1.1324237e-01   3.4171758e-02   3.7849643e-03   8.4693461e-03   6.4279409e-02   4.4360190e-03   2.1086423e-02   1.6413933e-01   7.6332462e-03   1.6755849e-01   1.0318248e-01   4.4112274e-02   1.5661843e-01   1.2923366e-02
   9.5380774e-02   5.7428215e-03   1.8102372e-02   1.1435705e-01   2.7715356e-02   1.0948814e-01   2.8589263e-02   8.3645443e-03   5.6179775e-03   1.4481898e-02   2.3320849e-01   7.8651685e-02   1.3795256e-01   8.7390762e-03   1.1360799e-01
   9.5675555e-02   6.7779521e-02   1.0082904e-03   1.2211517e-02   1.5998207e-01   2.2406453e-03   1.2065875e-01   2.2406453e-04   1.1203227e-02   7.2933005e-02   1.2323549e-02   2.1106879e-01   1.9045485e-02   1.7365001e-02   1.9628053e-01
   9.7784406e-02   7.9889220e-03   2.3434171e-03   9.6719216e-02   3.4405624e-02   6.6041755e-03   1.9716660e-01   1.9290584e-01   2.7801449e-02   6.7426502e-02   8.5854282e-02   5.8585428e-03   2.4818918e-02   1.9173413e-03   1.5040477e-01
   9.8254219e-02   3.1857142e-02   1.2480704e-02   5.7228616e-02   1.1204702e-01   4.7373819e-02   1.6927461e-02   7.8576658e-02   1.1389425e-01   1.4693761e-01   4.7136585e-02   1.8669573e-02   4.5784265e-03   8.3806071e-02   1.3023185e-01
   9.8794083e-02   3.1910826e-02   2.6139910e-03   1.0402825e-02   1.5172053e-01   4.3987291e-03   6.7337013e-02   1.4305742e-01   1.0507493e-01   1.5024008e-01   3.5294711e-02   1.0401166e-01   3.0605285e-02   2.7055518e-02   3.7482390e-02
   9.9406874e-02   6.7729513e-02   1.8297656e-03   2.3419160e-03   1.1986994e-01   7.5096754e-02   4.2805307e-03   9.5210806e-03   3.3384489e-03   1.1139901e-01   1.1000421e-01   5.1477609e-02   9.1455781e-02   1.3291636e-01   1.1933221e-01
   9.9962612e-02   7.0990162e-03   7.0340640e-02   3.0390635e-02   1.1146136e-01   1.2368324e-01   4.4766178e-02   1.0767197e-01   1.4863550e-02   1.7138851e-02   1.0915273e-01   1.9477596e-03   1.1551005e-01   7.2861046e-02   7.3150356e-02
   1.0034338e-01   1.0139531e-02   1.1022710e-02   6.3840293e-02   7.6630626e-02   1.0239685e-02   1.6436516e-01   2.2515210e-03   1.7153356e-01   3.0177087e-02   9.2199736e-03   8.2323508e-03   1.4793244e-01   6.6771629e-02   1.2730005e-01
   1.0044573e-01   4.8512491e-02   1.0054939e-02   8.6037110e-03   2.8920908e-02   1.8503162e-01   1.5880585e-01   1.1506168e-02   5.0792993e-03   4.3122214e-02   1.9187312e-01   4.7683218e-03   1.6989738e-01   1.8865969e-02   1.4512284e-02
   1.0105604e-01   1.6828408e-01   1.8257613e-02   5.1855792e-02   1.5389097e-02   1.7008575e-02   6.7118797e-03   1.6753654e-01   1.5701411e-01   1.8237198e-02   5.6589393e-02   1.7441716e-02   2.4941226e-02   6.9322693e-02   1.1035405e-01
   1.0141438e-01   3.1999198e-02   1.4264219e-01   1.5768884e-01   1.9460327e-01   1.8858461e-02   1.9059083e-03   2.6883338e-02   3.5610392e-02   4.7146153e-03   1.2338249e-01   1.7052864e-02   4.7146153e-02   3.9723142e-02   5.6374762e-02
   1.0458740e-01   8.5558026e-03   1.3102778e-01   9.4087952e-03   7.8177468e-02   5.1272766e-02   4.6581649e-03   1.3575394e-01   1.2576013e-01   1.1926654e-01   1.3536540e-01   4.6902587e-03   1.6239303e-02   2.1806260e-02   5.3429990e-02
   1.0480875e-01   1.9827327e-01   9.7379781e-03   5.0296155e-02   3.4835860e-02   7.3185423e-02   4.0558177e-02   5.1400462e-02   9.6375866e-03   4.0156611e-04   4.6280494e-02   1.8813372e-01   1.0239936e-02   4.0156611e-03   1.7819496e-01
   1.0529867e-01   7.6689879e-03   5.9894901e-02   1.7663059e-01   7.8440281e-02   1.5331907e-02   4.0204242e-03   9.3543484e-03   3.2829869e-02   5.1634009e-02   1.1784344e-01   2.6425891e-02   1.7927155e-01   2.0039661e-02   1.1531546e-01
   1.0598367e-01   8.9942529e-02   3.5153054e-02   1.5666860e-01   3.6187819e-03   1.3813668e-01   8.1593939e-04   9.3548483e-04   1.5647577e-01   1.8410865e-03   1.3165297e-01   5.9256334e-03   2.3084158e-02   1.1936237e-01   3.0403287e-02
   1.0686358e-01   4.4089149e-02   6.4365147e-02   4.8757701e-02   1.2452732e-01   7.0489941e-02   3.6241010e-02   1.2561135e-03   6.4586326e-03   5.9194173e-02   9.4202330e-02   2.4653152e-02   1.3980450e-02   3.6792460e-02   2.6812884e-01
   1.0708361e-01   7.5542882e-02   4.3088606e-02   6.6678955e-02   5.5777088e-02   7.9572495e-02   1.1730915e-01   4.8286353e-03   4.5802647e-02   1.3987146e-01   1.4341329e-01   8.7732610e-02   3.0771191e-02   2.1689756e-03   3.5841117e-04
   1.0709919e-01   4.3824497e-02   1.1778061e-01   9.9098731e-02   1.3240048e-01   1.5789904e-02   5.4344085e-03   9.4365268e-04   7.5983698e-02   1.4882093e-01   7.3447929e-02   3.0666666e-02   1.2365574e-01   1.9698074e-02   5.3554827e-03
   1.0734818e-01   4.4027721e-04   1.1140250e-01   2.0600760e-01   2.3389060e-02   3.8994035e-02   4.6109558e-04   1.0570070e-01   2.7329698e-02   1.0340014e-02   2.1761002e-02   9.0726822e-02   1.3146397e-01   1.1294757e-02   1.1334029e-01
   1.0926314e-01   6.3196480e-02   3.1208292e-02   9.1867613e-03   3.8517291e-02   2.0055370e-02   2.4757180e-02   1.4044839e-01   1.7713317e-02   5.5599211e-02   8.7477676e-02   1.5178705e-01   5.8372433e-03   8.5564550e-02   1.5938805e-01
   1.1464474e-01   8.1282708e-03   1.6422287e-01   2.7228613e-02   9.1844824e-02   4.0742397e-02   2.7098687e-02   1.0476324e-01   3.9261052e-02   8.8157413e-04   1.1962014e-01   7.0335416e-02   5.2901429e-02   9.8666308e-03   1.2846012e-01
   1.1660648e-01   1.2753804e-01   4.8623424e-03   5.8676977e-03   3.3463370e-02   3.5176857e-03   7.8224034e-02   1.0474084e-02   5.4958610e-02   3.8440317e-02   1.5722876e-01   3.2447007e-02   1.5257514e-01   1.9605260e-02   1.6419117e-01
   1.1677063e-01   1.8437093e-02   1.4748805e-01   5.3364368e-03   7.1256252e-02   2.5734342e-02   4.5713637e-04   4.3123704e-02   4.6306883e-03   7.1727912e-02   1.6503111e-01   4.2619145e-02   1.8623105e-01   5.3958364e-02   4.7198103e-02
   1.1740199e-01   7.1349513e-03   5.4982152e-02   9.5953636e-04   1.4019281e-01   1.5453032e-01   9.2952049e-02   2.7589295e-02   1.5221806e-02   1.9422045e-02   7.1618600e-02   1.5642707e-01   9.1328373e-03   4.6746203e-02   8.5688341e-02
   1.1830508e-01   2.6281425e-03   3.3493549e-02   8.1217853e-03   5.9852517e-03   7.5820019e-02   2.1046123e-01   1.7746894e-02   1.3738488e-01   1.6181403e-02   2.8494948e-02   8.2779009e-02   7.5241626e-03   1.1714195e-01   1.3793169e-01
   1.1833533e-01   8.8212768e-03   3.1346545e-03   9.6216900e-02   9.6900879e-02   1.0962250e-01   1.3297096e-01   2.4132924e-02   5.4923164e-02   1.6487942e-01   8.3585923e-05   5.9874879e-02   6.6452621e-02   4.9440546e-02   1.4210353e-02
   1.1921698e-01   2.2939287e-02   1.2900637e-01   8.1000721e-02   2.3817769e-03   7.3491877e-02   1.0890771e-01   1.1924624e-02   1.1785119e-01   1.7227452e-02   1.4310044e-01   8.6148849e-02   4.2501752e-03   6.4643154e-02   1.7909397e-02
   1.1922292e-01   1.1917651e-01   7.6105366e-02   9.7378683e-02   5.7608902e-03   1.0167793e-01   1.0620835e-01   1.1264814e-01   9.1370635e-02   3.8826778e-02   2.4646159e-02   1.3682234e-03   1.0655974e-03   2.7777301e-02   7.6766511e-02
   1.2210260e-01   1.4906771e-01   3.4587595e-02   1.6294643e-02   5.1710575e-02   1.7821765e-02   6.9740414e-03   1.0031226e-01   1.1511051e-01   2.6943298e-02   1.6688285e-01   1.6772721e-01   3.1985071e-06   2.0365155e-02   4.0965834e-03
   1.2296058e-01   1.4965099e-01   5.4243758e-02   3.2955844e-02   1.2950102e-01   1.5489531e-02   1.1805963e-01   1.0487757e-02   1.2612987e-02   1.1995096e-02   1.4753929e-01   5.9067227e-03   1.2814413e-01   4.9169861e-02   1.1282800e-02
   1.2329107e-01   2.3161607e-01   3.7833711e-02   9.2889107e-02   3.0215811e-03   1.4356351e-02   1.6164794e-02   1.4190907e-02   4.0941732e-02   5.3480437e-02   8.0265882e-02   4.1271381e-02   1.1430735e-01   4.6801751e-02   8.9567867e-02
   1.2342861e-01   3.9570798e-03   8.3978451e-02   9.1869322e-02   1.4916085e-02   1.4792668e-01   1.5221089e-01   1.5857802e-01   1.4167754e-02   1.6334492e-02   2.4668860e-03   9.0392401e-03   1.2018024e-02   1.2548205e-01   4.3626407e-02
   1.2606749e-01   2.0114400e-02   1.2579742e-01   1.0729791e-01   1.7603222e-02   1.0735206e-01   4.4820657e-02   1.0058552e-02   4.5823960e-03   1.5726293e-01   9.2444795e-03   1.1528317e-01   8.5394484e-02   6.3306834e-02   5.8139966e-03
   1.2742718e-01   2.1204766e-01   4.1262136e-02   1.0260371e-01   6.9947043e-02   9.2563989e-02   7.5463372e-02   2.4492498e-02   3.2436011e-02   3.9717564e-03   1.3239188e-03   1.3018535e-02   2.6809356e-02   2.8684907e-03   1.7376434e-01
   1.3158259e-01   1.0051118e-01   1.2015424e-01   2.8280581e-02   8.5478144e-02   2.7731344e-02   6.9208461e-02   9.1256423e-02   2.9606745e-02   2.5488178e-03   5.0796350e-02   1.2872175e-01   2.5813969e-02   1.0229006e-01   6.0193417e-03
   1.3221283e-01   1.1455148e-02   7.4931362e-02   2.5921033e-03   5.5301654e-02   1.8693478e-02   7.0057706e-04   5.2989910e-02   1.9578495e-01   6.8392750e-02   5.8672549e-02   1.0096409e-01   1.8093600e-02   1.9482441e-01   1.4390588e-02
   1.3388904e-01   7.1363509e-04   1.3604351e-01   1.8902492e-01   2.6606700e-03   2.0719059e-02   1.4760201e-01   4.9843788e-02   2.8821974e-02   9.5106286e-02   5.0672050e-03   5.6578142e-02   5.7804402e-02   3.9780041e-02   3.6345312e-02
   1.3476105e-01   7.8167988e-02   1.4707566e-01   7.7340218e-02   2.4086102e-02   2.7945077e-02   3.4534498e-02   2.2055882e-03   4.8530705e-02   1.4765774e-01   1.4586223e-01   4.9702527e-03   2.3643866e-02   4.2551730e-02   6.0667296e-02
   1.3508739e-01   1.4484939e-01   1.0040907e-02   1.8594273e-04   1.9059130e-02   4.9274823e-02   1.8389736e-01   4.0814429e-02   1.6734846e-03   2.8542209e-02   3.6258832e-03   3.2168092e-02   1.8259576e-01   6.1082187e-02   1.0710301e-01
   1.3996787e-01   1.4473985e-01   2.6382725e-03   6.9712861e-02   1.0926627e-01   1.6406083e-02   4.0971548e-02   2.9435778e-02   4.1007334e-02   9.2704522e-02   3.3862309e-04   7.3675369e-02   1.7581572e-01   5.9503140e-02   3.8167613e-03
   1.4224977e-01   6.7090353e-02   3.6731499e-02   6.5077186e-02   1.4844831e-01   3.6187600e-03   9.8827260e-03   1.3056356e-02   1.2506023e-01   2.9892141e-03   1.2298996e-01   1.0105752e-02   1.5260355e-01   4.1927109e-03   9.5903630e-02
   1.4244792e-01   1.3611879e-03   7.1645455e-02   1.4927064e-01   1.4793200e-01   2.1186716e-02   9.1633770e-02   1.0042836e-01   5.7732342e-02   6.2231356e-02   4.0172437e-02   9.2380649e-05   1.0668626e-01   5.4530354e-03   1.7261464e-03
   1.4260587e-01   3.2369549e-03   2.1932601e-03   4.6797088e-02   1.1920980e-01   1.0191338e-02   4.1043397e-03   1.4435383e-01   1.2481262e-01   2.8279685e-02   1.1814874e-01   1.5340188e-01   6.3205657e-02   2.5260971e-02   1.4197958e-02
   1.4401321e-01   2.8557399e-02   1.1181347e-01   1.3738122e-01   1.7297485e-02   1.4334260e-02   3.8051353e-03   5.5528840e-02   1.1496980e-01   1.0347300e-02   2.0308207e-02   6.0436010e-02   2.0136400e-02   1.1230393e-01   1.4876733e-01
   1.4419374e-01   2.0800398e-02   2.6072250e-02   8.6489472e-02   5.6083267e-02   4.5219808e-02   9.2876467e-03   1.7891198e-01   2.3899745e-02   3.0736081e-02   2.9737629e-02   3.3397994e-02   1.6266886e-01   3.4647797e-02   1.1785333e-01
   1.4442798e-01   1.0192135e-01   5.1543635e-02   7.4999184e-04   1.0960724e-01   1.1922484e-01   1.6920228e-02   2.7597031e-05   1.7229495e-01   1.7382763e-02   4.2622425e-02   3.3999211e-02   4.2273502e-03   1.2010895e-02   1.7303954e-01
   1.4488332e-01   1.9597525e-01   8.6220848e-03   3.0125338e-02   2.8504051e-02   1.0386843e-01   3.0348348e-02   7.5170284e-02   2.0192497e-01   8.9785104e-03   3.7665000e-02   6.6787557e-02   5.6828499e-02   3.9262057e-03   6.3921574e-03
   1.4568698e-01   1.0429935e-01   1.1900997e-02   2.6307655e-02   1.4915874e-01   6.8814765e-02   1.3123815e-02   1.1688236e-01   2.2719829e-02   1.7714357e-01   1.6648449e-02   1.9626480e-02   6.1950199e-02   1.2973768e-02   5.2763035e-02
   1.4603612e-01   2.2481449e-02   1.7972510e-01   5.0014498e-02   2.1596950e-02   2.0900784e-02   1.2900865e-03   9.0092136e-02   2.9790381e-03   1.0367041e-02   8.4648895e-02   3.0035067e-02   1.6732033e-01   1.5996168e-01   1.2550822e-02
   1.5051016e-01   1.5063567e-01   1.3878860e-01   2.3971147e-02   2.7788797e-02   1.4963255e-01   7.7082705e-03   5.2211533e-02   5.0129430e-02   4.5376070e-03   5.5066447e-02   1.1699981e-02   1.3355421e-04   9.2430048e-02   8.4756200e-02
   1.5084499e-01   4.0939006e-02   8.1107960e-02   8.8974371e-02   1.0843340e-02   3.5885001e-02   9.6787107e-03   1.5120442e-02   3.4756738e-02   2.0592669e-01   7.7912170e-03   5.6831804e-02   9.3294294e-02   3.5845831e-02   1.3215961e-01
   1.5128600e-01   1.2984359e-01   7.3101648e-02   7.1421800e-02   2.1587019e-02   2.0690365e-03   1.3110336e-01   7.1139263e-02   1.0131577e-01   1.3768380e-02   3.7901978e-02   1.5962362e-02   1.4864994e-01   1.4036843e-03   2.9446171e-02
   1.5167364e-01   1.3299099e-01   1.0665237e-01   3.2823235e-04   1.7325975e-01   2.1316756e-02   4.6088468e-02   3.6385247e-02   3.6668070e-02   3.3866538e-02   6.6381503e-02   1.4702769e-02   4.7754411e-03   2.1911998e-02   1.5299824e-01
   1.5189951e-01   2.4607686e-02   4.3721467e-02   1.1391311e-01   3.6839155e-02   1.2807277e-01   1.0676818e-02   9.8162378e-02   1.5320333e-01   1.4693216e-01   1.8297217e-02   5.8635977e-03   3.8665967e-02   9.9189468e-04   2.8152938e-02
   1.5362945e-01   2.4503738e-02   2.1787777e-02   9.1426111e-02   1.1029863e-02   9.2968672e-02   1.1448894e-02   1.0384433e-03   1.3276529e-01   2.9298856e-02   7.6949299e-02   1.3577757e-01   7.2994579e-02   6.1109146e-02   8.3272311e-02
   1.5567021e-01   7.5081025e-04   1.7196515e-02   2.0033511e-02   1.2459960e-03   1.4391612e-01   4.9662695e-02   2.0134338e-02   5.0699416e-03   1.3390613e-01   1.8219851e-02   8.0926777e-02   1.4706868e-01   4.0662461e-02   1.6553597e-01
   1.5583928e-01   1.7403109e-01   1.7174093e-01   5.4910519e-03   6.5510804e-02   6.2055912e-02   1.3221105e-01   5.3584602e-03   2.1010335e-02   3.4705778e-02   1.6194031e-02   1.5115017e-02   7.7038301e-02   2.4371926e-02   3.9326037e-02
   1.5688718e-01   5.8903489e-03   1.8701858e-01   1.1927957e-01   4.5310376e-03   5.8337109e-02   7.4422293e-02   6.4567286e-03   1.0874490e-02   5.3126416e-02   1.4952424e-02   7.0684187e-02   4.5310376e-04   2.2394653e-01   1.3140009e-02
   1.5761032e-01   2.7909828e-02   5.0483253e-03   4.2787376e-03   5.2521974e-03   4.3766310e-02   2.0749277e-01   1.3483702e-01   8.1141410e-02   7.1472109e-02   3.1745817e-02   5.5996816e-03   1.9549210e-01   1.9725828e-02   8.6275521e-03
   1.5766323e-01   2.9349561e-02   7.2847084e-03   5.0048049e-02   1.4938934e-01   1.5410359e-01   8.5518991e-02   6.6560340e-03   5.8785859e-02   1.6174006e-02   4.3823539e-04   4.5632247e-04   7.4630073e-02   6.1974788e-02   1.4752722e-01
   1.5772842e-01   1.0361447e-01   8.8926509e-02   1.7681021e-01   8.9902784e-03   6.3228001e-02   4.1447953e-02   2.9387011e-02   6.4739584e-03   6.8828295e-02   2.0086962e-02   2.9802931e-03   9.0234896e-04   1.0761376e-01   1.2298153e-01
   1.6171249e-01   9.6728969e-02   9.4158026e-03   2.3253034e-02   1.1148375e-01   1.3976639e-01   4.5238790e-02   3.3135475e-02   1.5764436e-01   1.7016536e-02   1.3789483e-01   3.9149998e-03   1.0084147e-02   2.3664938e-02   2.9045489e-02
   1.6340432e-01   4.4019251e-02   4.0851523e-02   2.5103575e-02   6.3790903e-02   8.4208906e-03   9.6793989e-02   1.5792532e-02   1.7177742e-01   5.3529494e-03   4.3340186e-02   1.6657991e-01   7.8786778e-03   9.8684672e-02   4.8209199e-02
   1.6348845e-01   1.7151499e-01   3.5364449e-02   6.5669518e-03   2.1500803e-02   1.2331526e-02   2.1384980e-02   1.3209391e-01   9.7138512e-03   5.0433881e-02   1.0817874e-02   4.4323165e-02   1.6095318e-01   1.0434848e-01   5.5163515e-02
   1.6389209e-01   8.9067935e-02   1.4292780e-02   1.3007184e-01   1.5011081e-01   5.0849507e-02   7.0577759e-02   6.1025128e-02   8.8961540e-03   6.6957077e-02   1.3664391e-04   6.3606877e-02   1.8214229e-03   6.3112813e-03   1.2238270e-01
   1.6448375e-01   5.5710246e-02   8.3705090e-02   8.1984617e-02   1.3963749e-01   1.4429769e-02   5.7374006e-03   1.4856689e-01   2.5088918e-02   1.4557997e-02   7.5755868e-02   7.4514556e-03   3.1416971e-03   8.7067115e-02   9.2681698e-02
   1.6622821e-01   1.1973107e-02   7.7826265e-02   1.0515154e-01   7.1799046e-03   1.2150321e-02   1.0009763e-01   1.1779780e-01   1.0860168e-01   2.6302037e-03   1.1464949e-01   3.2104872e-02   5.2829917e-02   1.8357247e-04   9.0595490e-02
   1.7386841e-01   4.6328369e-02   3.0707170e-02   3.4745328e-03   1.1112455e-02   1.8236630e-02   1.2917734e-01   7.3834113e-02   1.5316482e-02   6.6505182e-03   5.4407895e-02   1.6658788e-01   1.6795734e-01   1.1469372e-02   9.0871501e-02
   1.7480996e-01   1.0025799e-01   5.6700390e-04   3.9433854e-03   2.9583083e-02   8.0187982e-02   1.2459743e-02   3.8418129e-03   7.6056157e-03   5.6836115e-02   1.1265746e-02   1.9094249e-01   8.4046750e-02   1.0852756e-01   1.3512477e-01
   1.7576286e-01   3.7483983e-02   9.4711681e-02   8.4676186e-04   4.5741875e-02   4.3974912e-02   2.3123244e-02   1.0447853e-01   1.0178059e-01   9.8933777e-02   5.2607958e-03   8.0357913e-02   1.2996641e-01   4.6478530e-02   1.1098139e-02
   1.7915265e-01   8.3583379e-02   1.4795556e-01   3.7083385e-02   1.1343050e-01   2.4597517e-02   2.3152325e-02   8.6561257e-03   1.1840169e-01   1.8548930e-02   1.0887437e-02   9.0237252e-03   4.1268150e-02   1.4262841e-01   4.1630217e-02
   1.8100924e-01   4.8008605e-03   2.1581810e-02   4.9997235e-02   3.9661714e-02   1.9584260e-02   9.1216884e-02   8.0237899e-02   6.3922515e-02   5.8360507e-02   4.8524624e-03   1.8572996e-02   1.2618149e-01   2.2716081e-02   2.1730405e-01
   1.8131505e-01   1.8379105e-02   5.9323987e-02   1.1284377e-01   3.6032911e-02   8.4080425e-03   2.0895357e-01   3.5582180e-02   2.9301665e-05   2.3120902e-02   1.1040217e-02   8.7542000e-03   2.4093061e-03   1.5114503e-01   1.4266243e-01
   1.8352275e-01   7.0559599e-02   5.5999930e-02   2.1331220e-01   8.6995435e-04   1.1516201e-02   1.6894874e-02   8.3929872e-02   9.1057175e-03   4.8271598e-02   1.5189051e-01   2.2623579e-02   3.1644950e-02   1.5810566e-02   8.4047695e-02
   1.8418176e-01   5.7838865e-02   2.1644545e-03   5.7623018e-02   4.8043699e-02   1.1079557e-02   6.9413232e-02   3.6494097e-02   1.0515578e-02   4.0032354e-02   2.1377117e-01   6.6203352e-02   1.0577301e-01   6.4982944e-02   3.1882910e-02
   1.8535559e-01   6.4038353e-02   4.5518106e-02   3.5472493e-02   7.5638112e-04   8.9648939e-02   7.4826795e-02   2.9103472e-02   5.4766271e-02   6.2733411e-03   1.1976780e-01   1.1335388e-02   1.8487707e-01   2.9687522e-02   6.8572486e-02
   1.9059953e-01   1.0765897e-01   3.6936718e-02   1.0552938e-02   4.4021262e-02   1.0837792e-01   4.0982460e-02   1.2127066e-01   8.4950716e-03   6.1096128e-03   1.5462416e-01   1.5260513e-02   2.8271542e-03   9.8327567e-02   5.3955456e-02
   2.0476596e-01   1.5078289e-02   1.9008844e-02   6.3240373e-03   6.9360162e-03   8.6908784e-02   9.4882940e-02   1.0113024e-01   1.2168848e-01   2.4738128e-03   2.1335398e-02   2.7893134e-02   1.1767292e-01   1.6052689e-01   1.3374252e-02
   2.0568040e-01   3.1210986e-03   8.9263421e-02   3.1315023e-02   6.9392426e-02   3.5580524e-02   1.1652102e-02   7.0744902e-03   4.6608406e-02   7.5738660e-02   1.0986267e-01   1.8237620e-01   1.0091552e-02   1.3524761e-03   1.2089055e-01
   2.1469082e-01   4.0959681e-02   1.3667105e-02   5.9789822e-03   9.2787098e-03   2.6778303e-02   1.0067109e-01   1.2822072e-01   4.7626540e-02   1.3107861e-01   8.0119861e-02   1.3353718e-01   2.4105814e-02   9.2688677e-03   3.4017704e-02
   2.1701117e-01   2.6173441e-02   5.0031802e-02   1.6420459e-02   7.4737920e-03   4.4365316e-03   5.8295206e-02   2.0087903e-02   9.4025062e-02   3.5038750e-02   1.8124215e-01   3.8465058e-02   5.1551465e-02   1.8114288e-01   1.8604336e-02
   2.2690277e-01   2.8596568e-03   3.9980202e-02   8.4194897e-02   1.5227673e-01   2.1447426e-02   1.6564012e-01   1.5178179e-02   8.4249890e-02   1.0690717e-01   5.4993401e-04   4.2894853e-02   4.4544655e-02   5.7743071e-03   6.5992081e-03
   2.4376868e-01   2.1922229e-01   4.2251166e-02   4.1853866e-02   3.4205151e-02   6.5717408e-02   1.5470220e-01   1.7464332e-02   3.9632022e-02   9.7038035e-03   2.5968855e-02   1.2547624e-02   5.3227298e-03   7.7715699e-02   9.9241731e-03
   1.0000000e+00   0.0000000e+00   0.0000000e+00   0.0000000e+00   0.0000000e+00   0.0000000e+00   0.0000000e+00   0.0000000e+00   0.0000000e+00   0.0000000e+00   0.0000000e+00   0.0000000e+00   0.0000000e+00   0.0000000e+00   0.0000000e+00
