   0.0000000e+00   0.0000000e+00   0.0000000e+00   0.0000000e+00   0.0000000e+00   0.0000000e+00   0.0000000e+00   0.0000000e+00   0.0000000e+00   0.0000000e+00   0.0000000e+00   0.0000000e+00   0.0000000e+00   0.0000000e+00   0.0000000e+00   0.0000000e+00   0.0000000e+00   1.0000000e+00
   0.0000000e+00   0.0000000e+00   0.0000000e+00   0.0000000e+00   0.0000000e+00   0.0000000e+00   0.0000000e+00   0.0000000e+00   0.0000000e+00   0.0000000e+00   0.0000000e+00   0.0000000e+00   0.0000000e+00   0.0000000e+00   0.0000000e+00   0.0000000e+00   1.0000000e+00   0.0000000e+00
   0.0000000e+00   0.0000000e+00   0.0000000e+00   0.0000000e+00   0.0000000e+00   0.0000000e+00   0.0000000e+00   0.0000000e+00   0.0000000e+00   0.0000000e+00   0.0000000e+00   0.0000000e+00   0.0000000e+00   0.0000000e+00   0.0000000e+00   1.0000000e+00   0.0000000e+00   0.0000000e+00
   0.0000000e+00   0.0000000e+00   0.0000000e+00   0.0000000e+00   0.0000000e+00   0.0000000e+00   0.0000000e+00   0.0000000e+00   0.0000000e+00   0.0000000e+00   0.0000000e+00   0.0000000e+00   0.0000000e+00   0.0000000e+00   1.0000000e+00   0.0000000e+00   0.0000000e+00   0.0000000e+00
   0.0000000e+00   0.0000000e+00   0.0000000e+00   0.0000000e+00   0.0000000e+00   0.0000000e+00   0.0000000e+00   0.0000000e+00   0.0000000e+00   0.0000000e+00   0.0000000e+00   0.0000000e+00   0.0000000e+00   1.0000000e+00   0.0000000e+00   0.0000000e+00   0.0000000e+00   0.0000000e+00
   0.0000000e+00   0.0000000e+00   0.0000000e+00   0.0000000e+00   0.0000000e+00   0.0000000e+00   0.0000000e+00   0.0000000e+00   0.0000000e+00   0.0000000e+00   0.0000000e+00   0.0000000e+00   1.0000000e+00   0.0000000e+00   0.0000000e+00   0.0000000e+00   0.0000000e+00   0.0000000e+00
   0.0000000e+00   0.0000000e+00   0.0000000e+00   0.0000000e+00   0.0000000e+00   0.0000000e+00   0.0000000e+00   0.0000000e+00   0.0000000e+00   0.0000000e+00   0.0000000e+00   1.0000000e+00   0.0000000e+00   0.0000000e+00   0.0000000e+00   0.0000000e+00   0.0000000e+00   0.0000000e+00
   0.0000000e+00   0.0000000e+00   0.0000000e+00   0.0000000e+00   0.0000000e+00   0.0000000e+00   0.0000000e+00   0.0000000e+00   0.0000000e+00   0.0000000e+00   1.0000000e+00   0.0000000e+00   0.0000000e+00   0.0000000e+00   0.0000000e+00   0.0000000e+00   0.0000000e+00   0.0000000e+00
   0.0000000e+00   0.0000000e+00   0.0000000e+00   0.0000000e+00   0.0000000e+00   0.0000000e+00   0.0000000e+00   0.0000000e+00   0.0000000e+00   1.0000000e+00   0.0000000e+00   0.0000000e+00   0.0000000e+00   0.0000000e+00   0.0000000e+00   0.0000000e+00   0.0000000e+00   0.0000000e+00
   0.0000000e+00   0.0000000e+00   0.0000000e+00   0.0000000e+00   0.0000000e+00   0.0000000e+00   0.0000000e+00   0.0000000e+00   1.0000000e+00   0.0000000e+00   0.0000000e+00   0.0000000e+00   0.0000000e+00   0.0000000e+00   0.0000000e+00   0.0000000e+00   0.0000000e+00   0.0000000e+00
   0.0000000e+00   0.0000000e+00   0.0000000e+00   0.0000000e+00   0.0000000e+00   0.0000000e+00   0.0000000e+00   1.0000000e+00   0.0000000e+00   0.0000000e+00   0.0000000e+00   0.0000000e+00   0.0000000e+00   0.0000000e+00   0.0000000e+00   0.0000000e+00   0.0000000e+00   0.0000000e+00
   0.0000000e+00   0.0000000e+00   0.0000000e+00   0.0000000e+00   0.0000000e+00   0.0000000e+00   1.0000000e+00   0.0000000e+00   0.0000000e+00   0.0000000e+00   0.0000000e+00   0.0000000e+00   0.0000000e+00   0.0000000e+00   0.0000000e+00   0.0000000e+00   0.0000000e+00   0.0000000e+00
   0.0000000e+00   0.0000000e+00   0.0000000e+00   0.0000000e+00   0.0000000e+00   1.0000000e+00   0.0000000e+00   0.0000000e+00   0.0000000e+00   0.0000000e+00   0.0000000e+00   0.0000000e+00   0.0000000e+00   0.0000000e+00   0.0000000e+00   0.0000000e+00   0.0000000e+00   0.0000000e+00
   0.0000000e+00   0.0000000e+00   0.0000000e+00   0.0000000e+00   1.0000000e+00   0.0000000e+00   0.0000000e+00   0.0000000e+00   0.0000000e+00   0.0000000e+00   0.0000000e+00   0.0000000e+00   0.0000000e+00   0.0000000e+00   0.0000000e+00   0.0000000e+00   0.0000000e+00   0.0000000e+00
   0.0000000e+00   0.0000000e+00   0.0000000e+00   1.0000000e+00   0.0000000e+00   0.0000000e+00   0.0000000e+00   0.0000000e+00   0.0000000e+00   0.0000000e+00   0.0000000e+00   0.0000000e+00   0.0000000e+00   0.0000000e+00   0.0000000e+00   0.0000000e+00   0.0000000e+00   0.0000000e+00
   0.0000000e+00   0.0000000e+00   1.0000000e+00   0.0000000e+00   0.0000000e+00   0.0000000e+00   0.0000000e+00   0.0000000e+00   0.0000000e+00   0.0000000e+00   0.0000000e+00   0.0000000e+00   0.0000000e+00   0.0000000e+00   0.0000000e+00   0.0000000e+00   0.0000000e+00   0.0000000e+00
   0.0000000e+00   1.0000000e+00   0.0000000e+00   0.0000000e+00   0.0000000e+00   0.0000000e+00   0.0000000e+00   0.0000000e+00   0.0000000e+00   0.0000000e+00   0.0000000e+00   0.0000000e+00   0.0000000e+00   0.0000000e+00   0.0000000e+00   0.0000000e+00   0.0000000e+00   0.0000000e+00
   1.9834678e-05   2.2361722e-02   1.1869503e-01   1.2477103e-01   1.8532137e-02   3.8226366e-02   2.7578774e-02   1.0673356e-01   5.8220444e-02   6.8738352e-03   1.4876358e-03   1.6502831e-02   8.5124950e-02   4.1768656e-02   7.9281812e-02   3.2634692e-02   1.1529736e-01   1.0588934e-01
   3.2749129e-04   8.0223597e-02   1.1280820e-01   4.1035493e-02   5.0016030e-02   1.2690978e-01   8.4091412e-02   9.6515329e-02   2.1358959e-02   1.0667134e-03   7.0660914e-02   3.1814986e-02   5.2404972e-02   9.6508915e-03   2.0585805e-02   2.5683009e-02   1.1949454e-01   5.5351876e-02
   8.7697025e-04   1.1677332e-01   6.6790329e-02   5.9578285e-02   9.5957091e-03   5.6514938e-03   1.1164441e-03   5.0210141e-02   6.6755980e-02   1.2956890e-02   1.7529605e-01   9.3280190e-02   1.0818021e-01   2.6434658e-02   2.1680611e-02   1.6567311e-01   1.1515167e-04   1.9034463e-02
   1.3135818e-03   8.6837145e-02   7.1710174e-02   1.4685921e-02   3.9092279e-02   9.6091353e-02   4.6358928e-02   9.3115267e-02   1.1334660e-01   6.4016586e-03   8.7064108e-03   9.0682300e-02   5.6371026e-03   7.2457622e-02   1.2831604e-02   7.8668323e-04   1.1457829e-01   1.2536707e-01
   1.3245636e-03   1.5989818e-02   1.5129371e-02   1.2231122e-01   7.6986196e-03   6.6860031e-02   9.7050462e-02   9.2883852e-02   1.0236327e-01   1.5231054e-02   1.1614414e-01   8.1885034e-02   2.6270203e-02   3.4258582e-02   7.6186618e-02   4.0426758e-02   5.3156363e-03   8.2670761e-02
   1.3566949e-03   6.8848888e-02   3.4023893e-02   1.9882586e-02   1.4711746e-02   8.5451034e-03   8.3035209e-02   2.8651387e-02   6.4710810e-02   3.4526933e-03   1.1587697e-01   1.0144156e-01   4.6007288e-02   1.0701062e-01   3.0107652e-02   8.6478626e-02   1.0736874e-01   7.8489520e-02
   1.4469566e-03   1.6610169e-02   6.6176424e-02   1.5207280e-01   1.6044708e-01   1.4240944e-01   1.3499857e-03   7.4921463e-02   1.0815846e-01   3.3901436e-02   5.5846703e-02   1.2141229e-02   4.3518976e-02   1.6478138e-02   2.2548019e-02   3.7233526e-03   4.4902007e-02   4.3347364e-02
   1.4503917e-03   1.3033110e-01   1.6545335e-01   5.9379681e-03   3.1926711e-02   2.3543963e-02   2.8157754e-02   6.7287084e-02   3.2474253e-02   2.0440701e-02   2.0745216e-02   4.7584561e-03   1.4674933e-01   2.4821645e-03   2.4228998e-02   9.7041438e-02   1.7226085e-01   2.4730276e-02
   1.4776815e-03   4.5888251e-02   5.9368669e-02   3.4873541e-02   4.3497033e-02   3.7168399e-02   1.0923606e-01   6.7084733e-02   2.4306369e-03   7.3342594e-03   1.6344013e-02   2.8250785e-02   4.0406466e-02   1.3609892e-01   1.3602703e-01   3.8756840e-04   1.6119997e-01   7.2925976e-02
   1.6311979e-03   9.1510980e-02   5.8140315e-02   4.2112906e-03   1.9905461e-03   3.8601529e-02   4.8413445e-02   7.3203352e-02   3.9950426e-03   9.9100315e-03   7.3249357e-02   2.2185304e-02   9.4292938e-02   1.6027362e-01   1.2460945e-01   9.3269936e-02   7.4351834e-03   9.3076486e-02
   1.6690429e-03   1.6649265e-02   4.7437295e-03   1.2393556e-01   1.2224860e-01   1.4271460e-02   3.4927156e-02   1.2490886e-01   1.2699108e-02   2.9483304e-02   7.6675804e-02   1.3874545e-01   6.4727790e-03   5.2508302e-02   2.0938620e-02   9.1977327e-02   4.9544123e-02   7.7601505e-02
   1.6810696e-03   1.9816177e-02   7.2664539e-02   9.1283568e-02   3.8178726e-02   1.0975659e-01   2.4580365e-02   1.5122462e-01   3.3196207e-02   5.3805719e-02   1.5246494e-01   5.6319764e-02   2.0667868e-02   4.8533691e-02   1.0556092e-02   8.4033244e-02   3.0627875e-02   6.0894290e-04
   1.7608499e-03   1.3712432e-01   1.1224377e-02   2.9187930e-02   7.9889953e-02   1.0690292e-03   2.0423190e-02   1.0499205e-01   1.2030587e-01   3.0846990e-02   1.4052518e-02   1.0643822e-01   4.1577235e-02   2.1740675e-03   1.2316558e-01   3.6912278e-02   1.1072783e-01   2.8127717e-02
   1.8499762e-03   4.4544390e-02   1.4524201e-01   9.4829878e-03   2.1852718e-02   3.4908149e-03   8.4835845e-02   9.8286380e-02   6.4744597e-02   1.4952848e-01   7.6651452e-02   8.0415806e-02   4.6972724e-02   8.9558063e-02   2.7993266e-02   1.5525861e-02   3.4636818e-02   4.3878170e-03
   1.9032485e-03   1.8495189e-02   1.3105629e-02   2.8357671e-02   1.0268646e-01   3.3697076e-03   2.0849635e-02   1.1938413e-01   7.4473910e-02   1.2397962e-01   1.1056112e-01   7.3120407e-02   7.7175000e-02   3.9761364e-03   2.6513007e-02   1.1957795e-01   6.1593683e-02   2.0877493e-02
   2.0465182e-03   3.7919939e-02   1.9335767e-02   1.1645190e-01   6.1406108e-02   3.5564683e-02   1.0302472e-01   3.1207182e-02   1.4655024e-01   1.1942158e-01   2.9742456e-02   4.4795784e-02   8.9153519e-02   1.6491973e-02   5.7751905e-02   3.9627789e-02   3.9148275e-02   1.0359663e-02
   2.2393209e-03   9.7660391e-02   1.0664554e-02   1.3364186e-01   3.3979356e-02   5.9591383e-02   1.1690403e-01   5.1354495e-02   2.6013937e-02   3.6431531e-02   1.3051585e-01   1.2436354e-01   1.4958706e-02   4.3364444e-02   8.6846473e-03   7.1164832e-02   2.4353450e-02   1.4113676e-02
   2.3780804e-03   2.7735513e-02   1.5430595e-01   3.6342812e-02   1.3966865e-03   1.8494080e-03   4.8646923e-02   1.3172817e-02   8.1278285e-02   1.6364535e-02   9.2353600e-03   2.1836037e-03   1.4165026e-01   1.4490304e-01   6.1099013e-02   8.4389747e-02   1.6695113e-01   6.1168409e-03
   2.4095927e-03   2.7742123e-02   2.9275955e-02   1.1623562e-01   1.1579378e-01   1.3421947e-02   4.1839541e-02   6.3667202e-02   1.4053997e-01   3.2157982e-02   1.5913430e-01   8.5882814e-02   1.6010569e-02   8.0666743e-04   4.5580913e-02   3.9996476e-02   6.3517201e-02   5.9873599e-03
   2.4163062e-03   9.1422796e-02   5.0532493e-02   1.4055484e-01   3.4316279e-03   4.8382464e-03   9.8746170e-03   2.5954154e-02   2.1645927e-02   3.4290101e-03   1.2611301e-01   1.1979888e-01   4.6977517e-02   1.0014661e-01   4.6758787e-02   7.7576156e-02   8.7821534e-04   1.2765081e-01
   2.7379636e-03   1.0086084e-01   1.3307108e-01   1.0900638e-01   8.9861924e-02   8.9868629e-02   3.5815816e-02   1.0680825e-03   4.7882633e-02   5.6489083e-02   3.7867900e-02   2.9541921e-04   1.2419253e-02   3.5634584e-02   1.2757156e-01   2.0546008e-03   3.8449250e-02   7.9045000e-02
   2.7801825e-03   1.3202498e-01   5.2601272e-03   1.3802968e-01   2.5744282e-02   5.9118957e-03   1.0589478e-01   1.1868554e-01   7.2921738e-02   5.0384113e-02   1.4385969e-02   6.3631964e-02   1.2703366e-02   3.2795137e-02   4.8566054e-02   6.0510583e-02   3.3547576e-02   7.6222029e-02
   2.7888787e-03   2.5922656e-04   6.4803014e-02   5.7284427e-03   1.5911372e-03   1.0021163e-01   1.0370679e-01   2.5354561e-02   1.2660216e-01   1.2401997e-01   1.0246628e-01   1.3681660e-02   7.5358591e-02   1.3031117e-02   3.4558262e-03   3.3860794e-02   8.9074409e-02   1.1400551e-01
   3.0543801e-03   8.3834278e-03   1.6176403e-01   3.4407301e-02   8.2877885e-02   7.1672726e-02   1.5917867e-01   5.6142017e-03   7.2068489e-02   2.2699989e-02   6.3729658e-02   3.5100929e-02   5.7040694e-02   2.0747085e-02   5.8874540e-03   1.4866164e-01   2.3506119e-02   2.3605311e-02
   3.0693552e-03   1.1264850e-01   1.8266485e-02   1.2359759e-01   2.8418383e-02   8.3732131e-02   4.7650850e-02   4.1469743e-03   6.9655323e-02   5.3800815e-02   5.5304568e-03   2.9148079e-02   8.8373284e-02   3.7351372e-02   3.9207540e-02   1.1802091e-01   1.2924830e-01   8.1336611e-03
   3.3193529e-03   8.8742376e-02   2.7854999e-02   6.4933039e-03   4.8110189e-03   1.8709200e-02   5.1512377e-03   1.5425363e-02   4.1831362e-02   1.4574967e-01   1.1017972e-02   1.5910198e-01   9.0354121e-02   1.4204232e-01   1.6224789e-02   1.0015094e-01   1.0423571e-01   1.8784289e-02
   3.3970108e-03   4.2742658e-02   9.4321924e-02   9.5099192e-03   8.0262099e-02   2.7057102e-02   7.3749608e-02   2.5268413e-02   1.9450916e-03   9.7642034e-02   1.1395885e-01   2.8875988e-03   1.2451375e-02   8.3682003e-02   9.1210790e-02   1.1810272e-01   9.6086341e-02   2.5724462e-02
   3.4893440e-03   8.6568427e-02   1.1256100e-02   1.3341954e-01   6.1388016e-02   1.1967436e-01   2.2620124e-02   3.2241688e-02   1.4791472e-01   1.1078502e-02   1.7106344e-02   5.0708995e-02   2.7743420e-02   1.5062427e-01   1.9200586e-02   1.0100929e-01   2.5537716e-05   3.9307374e-03
   3.5171771e-03   5.9033538e-03   6.5663671e-03   2.2273146e-02   1.2935821e-01   1.1937562e-01   7.1122969e-02   2.4523859e-02   1.1210653e-01   1.0681232e-03   6.3801864e-03   6.5656280e-02   1.2387012e-01   3.1465139e-02   4.0037646e-02   9.4621178e-02   5.2987311e-03   1.3685536e-01
   3.5752828e-03   1.2346384e-01   2.5633106e-02   8.7799830e-02   1.2406000e-02   7.8702816e-02   1.1446596e-01   3.3248446e-02   1.3566754e-01   2.3003850e-02   8.7042309e-02   2.4268074e-03   5.6358637e-02   2.8893711e-02   2.2048305e-02   1.3417179e-01   6.7030758e-03   2.4388704e-02
   3.9896762e-03   6.2527432e-02   1.1712278e-01   2.2267619e-02   3.9077953e-02   5.2079597e-02   6.8482879e-03   1.3103117e-01   3.4881793e-02   1.4864283e-01   6.4850049e-02   7.6552003e-03   7.8040174e-03   4.0421415e-02   1.5818361e-01   3.7558052e-02   3.2190403e-02   3.2868110e-02
   4.1219693e-03   6.9905101e-03   7.4654018e-02   1.0755533e-01   1.2392900e-02   1.8336100e-02   1.3902627e-02   3.7694944e-02   9.6061158e-02   1.4661029e-01   8.1010453e-02   4.5213054e-02   3.1156180e-03   2.3638589e-02   7.8904950e-02   7.3554310e-02   1.9527436e-02   1.5671574e-01
   4.7491140e-03   1.7172879e-02   1.3593457e-01   5.1728251e-03   2.7670082e-02   9.1358243e-02   1.1708958e-01   1.3210752e-02   1.0240712e-01   1.1869235e-02   2.8193660e-02   8.4223113e-03   7.1804961e-02   1.3128235e-01   1.0544804e-01   3.2251085e-02   8.2740238e-02   1.3222967e-02
   5.0003695e-03   8.5519406e-03   1.4635761e-01   1.3149914e-01   1.1523519e-01   1.5790032e-01   6.4433589e-03   4.0370107e-02   4.2212810e-02   4.6782255e-03   2.7776779e-03   1.0389378e-01   7.2338562e-03   3.1520705e-03   5.0018352e-02   3.1203226e-02   9.2748444e-02   5.0723520e-02
   5.4122372e-03   2.0482053e-02   2.5823799e-02   2.9932426e-02   9.8561721e-02   1.5671051e-01   1.0423877e-02   7.4412504e-02   1.0709512e-02   3.8718599e-02   4.8349197e-02   4.1065729e-02   1.2829961e-01   4.8738255e-03   1.5846326e-02   3.4394102e-02   1.2354799e-01   1.3243597e-01
   5.4543099e-03   3.8988109e-02   3.8703805e-02   9.8242303e-03   1.2884305e-01   4.0224355e-02   2.1740567e-02   6.9078254e-03   1.4770751e-01   3.6733917e-02   6.3938698e-02   3.3133720e-02   3.6946665e-03   5.6715299e-02   3.4395387e-02   1.4210450e-01   6.4546223e-02   1.2634383e-01
   5.6691731e-03   1.2574488e-02   3.3803351e-02   1.2544120e-01   1.0699431e-02   1.8295196e-02   8.6766751e-03   1.3426855e-01   2.7127050e-02   3.6857901e-02   1.0754491e-01   1.3496593e-01   4.0442942e-02   3.0912966e-03   9.3993267e-02   7.6397129e-02   1.0178125e-01   2.8370260e-02
   5.6876008e-03   2.0218266e-02   1.4942174e-01   3.8252130e-02   8.8219998e-02   1.0117426e-01   3.3557401e-02   1.7943824e-02   1.3897811e-01   5.6117458e-02   6.2474472e-03   2.7497698e-02   2.8914030e-03   9.2940634e-03   7.3417635e-02   2.2690842e-02   1.3206745e-01   7.6322671e-02
   5.7517861e-03   1.1533786e-02   2.9033106e-02   1.3020119e-01   3.1176266e-03   1.3534001e-01   3.0055387e-02   8.5028730e-02   6.4343319e-02   1.1585138e-01   2.1886518e-02   2.1291992e-02   1.3815895e-01   1.3098199e-02   1.7480182e-02   9.1663321e-02   4.3525258e-02   4.2639261e-02
   5.8465759e-03   1.2378972e-01   6.7703869e-02   7.7762145e-02   8.1120904e-02   6.1386995e-02   6.7286207e-03   1.7837787e-02   4.9152677e-03   1.0813888e-01   1.0927394e-01   8.3317883e-02   8.7813215e-02   1.1409785e-01   1.2234774e-02   1.1634437e-02   1.5351627e-02   1.1045507e-02
   5.8550257e-03   9.8041335e-02   7.2497271e-03   2.0323456e-02   1.4059126e-01   8.1163884e-02   1.1669730e-01   2.7840832e-02   3.5626909e-02   4.8567238e-02   5.9801573e-03   4.2164052e-02   2.3607723e-02   6.1115574e-02   1.1994572e-01   9.0672087e-03   1.2610182e-01   3.0060783e-02
   5.9956014e-03   4.7814103e-03   5.1151960e-02   1.0333824e-01   4.6062314e-03   3.9433304e-02   1.3253177e-02   8.9216036e-02   1.2225306e-01   2.0013561e-02   1.2044137e-01   1.2778046e-02   1.6003647e-02   1.0503974e-02   1.1000538e-01   1.2020906e-01   1.3036435e-01   2.5651595e-02
   6.0658918e-03   5.4404134e-03   2.3595496e-02   1.0945860e-01   4.9075433e-02   1.0778870e-01   2.7845063e-02   1.1839750e-02   3.7212475e-02   6.5986940e-03   1.3637067e-01   1.3147431e-01   4.0645043e-04   1.2903235e-01   1.4144968e-01   3.3546175e-02   5.9086191e-03   3.6891232e-02
   6.3155792e-03   5.3021909e-02   1.1767824e-02   8.0267411e-02   1.1438317e-01   4.3756666e-02   1.1403763e-01   1.5647740e-02   1.0239843e-02   1.1864500e-01   6.5312392e-04   7.4642141e-03   1.1499108e-01   9.8400569e-02   1.2866866e-01   5.2541363e-02   2.3721471e-02   5.4767416e-03
   6.3550503e-03   9.8850333e-02   6.3191171e-03   2.2763638e-02   2.0537805e-02   3.3757144e-02   1.3389312e-01   1.7821706e-02   9.3059485e-03   1.4607559e-02   4.4778210e-02   1.3454002e-01   5.4660425e-03   4.7672298e-03   9.4133481e-02   1.0172476e-01   1.1644282e-01   1.3393600e-01
   6.6882867e-03   5.0847648e-02   1.8353699e-02   5.7881001e-02   1.3934242e-01   1.9274592e-02   2.2675320e-02   7.4658700e-03   3.1330471e-02   5.3537361e-02   2.5131313e-02   2.4313895e-02   1.8382489e-01   1.6223331e-01   6.9071349e-03   8.3945161e-02   9.4866521e-02   1.1381105e-02
   6.7356936e-03   6.2002875e-02   1.1967467e-01   1.6491285e-02   6.3876613e-02   1.4837574e-01   7.6240269e-02   1.5263251e-02   1.1542595e-01   2.1868367e-03   2.8065361e-03   1.8698408e-02   2.5499056e-02   8.2471991e-02   9.4513241e-03   9.4777383e-02   5.7741730e-02   8.2280378e-02
   6.8041402e-03   7.3547830e-02   1.0800913e-01   3.4882785e-02   4.2998848e-03   5.9652358e-02   1.2331117e-01   2.0446045e-02   8.7688227e-02   1.3507143e-01   1.3476529e-01   1.2201720e-01   1.1569440e-02   3.7472946e-03   1.3553060e-02   1.5684130e-02   3.2582628e-02   1.2367974e-02
   7.1950464e-03   1.0818157e-01   5.2866969e-02   3.0909275e-02   5.8913892e-02   3.4998436e-02   1.0756248e-01   1.4371040e-02   1.2293602e-01   6.8208818e-02   1.2542525e-01   1.9948417e-02   2.1882249e-02   1.1641829e-01   1.2580113e-03   2.5547472e-03   3.2591728e-02   7.3777770e-02
   7.2558609e-03   5.6766790e-02   1.4486349e-02   2.3515079e-02   3.9194952e-02   7.5585513e-04   1.4096989e-02   3.7981051e-02   1.6441887e-01   1.5575304e-01   5.8222689e-03   1.2337712e-02   8.5791706e-02   3.3383515e-02   1.6975087e-02   1.1871673e-01   1.5864906e-01   5.4099096e-02
   7.5206850e-03   1.3855081e-01   1.8097447e-02   1.9799507e-03   3.2908006e-02   3.5768981e-02   6.2907348e-02   2.0114458e-03   1.2111078e-02   4.7998949e-02   1.3023203e-01   1.2132011e-01   1.5817623e-01   4.0574960e-02   7.1682826e-03   4.9816560e-02   8.4232643e-04   1.3201480e-01
   7.6546831e-03   2.9174667e-02   1.3740154e-01   5.9609807e-02   1.0727648e-01   2.6629712e-02   6.4149620e-02   1.0468916e-01   2.2656266e-02   1.0431178e-01   1.1853537e-01   1.8672195e-03   4.8408109e-02   8.3812043e-03   2.4965677e-02   1.0789659e-01   8.3805234e-04   2.5554057e-02
   7.7389642e-03   1.4208573e-01   2.3168426e-02   1.4047758e-01   6.0543630e-02   2.6110163e-03   1.9161197e-02   6.6957014e-02   7.4119855e-04   2.4054879e-03   8.4125771e-02   2.5747309e-03   8.5191926e-02   8.9650717e-02   5.4791848e-02   1.3291049e-01   1.7104917e-02   6.7759356e-02
   7.9800881e-03   3.0694896e-02   1.3673607e-01   1.0064514e-01   5.0543966e-02   6.2476836e-03   5.5013663e-02   6.4394796e-02   1.3977299e-01   5.4901975e-02   6.8684074e-02   1.9197926e-02   1.1639885e-01   4.2579310e-02   1.7461426e-02   3.7241021e-05   7.6314690e-03   8.1078443e-02
   8.1235626e-03   3.8297864e-03   1.1755442e-02   2.4297608e-02   4.4801737e-02   1.0252182e-01   5.0534369e-02   6.1431231e-02   1.0316389e-01   1.0409046e-01   7.5467611e-02   7.5780230e-02   1.1665332e-02   9.3621400e-02   1.5966115e-02   1.1741369e-01   7.7018020e-02   1.8517693e-02
   8.3212941e-03   6.8587870e-03   6.9471065e-02   1.2696841e-02   4.1540226e-02   1.7302037e-01   7.6884959e-02   3.9131329e-02   5.8696583e-03   2.8322851e-02   5.4260029e-02   1.9805135e-03   1.5197332e-04   1.7082694e-01   5.5233004e-03   1.4377938e-01   5.9748545e-03   1.5538563e-01
   9.0052746e-03   3.2343176e-02   4.5766818e-02   1.3731727e-03   5.1162094e-02   3.1837194e-02   2.6224351e-03   1.0633650e-02   3.0703578e-02   1.8289642e-01   1.0023394e-01   6.3186449e-02   3.1911555e-02   8.4981890e-02   2.3328052e-02   9.5785885e-03   1.8593942e-01   1.0249628e-01
   9.0141396e-03   3.3357270e-02   1.6453482e-02   4.0224640e-02   1.8702802e-02   7.5628437e-02   1.3608851e-01   3.8649977e-02   1.1199108e-01   7.6957112e-02   9.6257141e-03   3.2731264e-02   1.4240466e-01   1.5243644e-01   9.8096645e-02   5.7210569e-04   2.5181045e-03   4.5476130e-03
   9.1183115e-03   1.2760425e-01   1.4705895e-01   1.3272902e-01   9.2587620e-03   2.1582706e-02   4.8159338e-02   9.2281578e-02   1.4344008e-02   4.2828107e-02   3.1386547e-02   4.2125473e-02   2.7365282e-04   2.2171625e-02   3.3451450e-02   1.5419281e-03   8.2669099e-02   1.4141519e-01
   9.3515365e-03   1.3085752e-02   1.1382264e-01   1.2556188e-01   1.1798397e-01   3.6876661e-02   1.1375083e-02   2.4042382e-02   1.6340159e-03   3.2636270e-02   3.7178168e-02   5.3664568e-02   1.2287617e-03   9.6094894e-02   1.0195276e-01   7.3283865e-02   6.5785033e-02   8.4441761e-02
   9.4694301e-03   4.6361880e-02   3.1952132e-02   1.5053189e-01   1.4497864e-02   4.2414992e-02   1.5662359e-03   1.5919351e-01   3.8400382e-02   5.7307661e-02   3.0231237e-02   5.0706648e-02   4.9455344e-02   2.5068232e-03   1.1048448e-02   9.4450049e-02   9.6378925e-02   1.1352655e-01
   9.4862160e-03   8.8979572e-02   3.9823126e-02   1.0352041e-02   1.6493560e-02   6.0076034e-02   9.9493736e-03   5.7708050e-02   1.7731443e-01   1.0284565e-01   1.7180854e-02   1.3061055e-02   5.0373813e-02   5.6157263e-02   4.8884891e-02   5.6484649e-02   4.7871943e-02   1.3695748e-01
   9.6205671e-03   4.2972346e-03   1.5782927e-04   1.2526531e-01   1.1102664e-01   8.9976278e-02   1.0956776e-01   9.8046293e-02   4.3490282e-02   7.2695660e-04   1.7664197e-02   1.0271034e-01   5.9618852e-02   9.5983778e-03   8.2596706e-02   1.0607748e-01   5.0974026e-03   2.4461491e-02
   9.6341582e-03   5.3032020e-03   2.7221417e-02   1.3050883e-01   1.0723842e-01   1.7108060e-02   3.7180009e-02   1.3296805e-01   6.1929904e-03   1.0564549e-01   7.6619713e-02   9.1590349e-03   2.0157506e-03   1.0370649e-01   5.3113442e-02   1.6882040e-02   9.5337478e-02   6.4165432e-02
   9.6987272e-03   3.3885797e-02   5.9878540e-04   3.1716053e-02   5.9910362e-03   1.3080731e-01   2.8487202e-02   1.6196247e-02   4.9181573e-02   1.5644113e-01   7.3632282e-02   1.5203483e-01   1.0829967e-02   1.3231961e-02   1.0715254e-01   7.0066247e-02   9.6377992e-02   1.3670325e-02
   9.8269463e-03   4.9329604e-02   1.1009694e-01   4.6788604e-02   8.0904034e-02   1.6408856e-01   5.4833652e-02   3.1465438e-02   1.2719037e-01   3.9853081e-02   8.4446070e-03   1.8917519e-02   1.1396409e-01   8.8843893e-03   1.0428070e-01   9.1819787e-03   1.6065770e-02   5.8837226e-03
   1.0494816e-02   2.5240195e-02   8.1693449e-02   1.6951429e-02   1.2622852e-01   1.8619868e-01   1.1671336e-02   6.7820372e-02   2.1802234e-03   1.2554362e-01   1.6036918e-01   1.6850565e-02   2.3151935e-02   2.1110214e-02   4.0234436e-02   3.1848719e-02   1.0312349e-02   4.2099961e-02
   1.0910759e-02   8.5354757e-02   5.4096198e-02   2.6170856e-02   6.2951464e-02   6.5486633e-02   1.2441759e-01   2.6887036e-03   5.2896034e-02   9.4646253e-03   1.9026911e-02   5.1765649e-03   1.3902347e-02   1.4591812e-01   8.7103960e-02   4.6959816e-02   3.1162355e-02   1.5631231e-01
   1.0919616e-02   1.4938052e-01   2.7561643e-02   1.5352955e-01   8.1414950e-02   8.3857443e-02   3.2845892e-02   1.4031525e-02   3.8184757e-02   7.5613244e-03   1.7522126e-02   1.1574279e-01   1.2763173e-01   1.4739784e-02   1.2588280e-02   4.4312294e-02   6.1334122e-02   6.8416533e-03
   1.1194439e-02   9.4326022e-02   1.5671690e-01   8.5342253e-03   1.4504589e-01   2.3595449e-04   7.4674524e-02   9.2088133e-02   1.0341524e-03   4.6461779e-02   3.9430800e-02   1.0626792e-01   4.7669929e-04   1.5909256e-02   1.0301549e-01   5.4178874e-02   1.6314415e-03   4.8777499e-02
   1.1649913e-02   7.6500939e-02   2.8641598e-02   7.2694287e-02   5.3789433e-02   1.0966320e-02   5.3068271e-04   5.6451791e-02   1.3010135e-01   9.8964029e-02   7.9588421e-02   6.4922707e-02   1.8697284e-02   9.7992462e-03   1.0584347e-01   1.2336322e-01   1.1297345e-02   4.6197960e-02
   1.2427701e-02   7.2551829e-02   1.0654344e-02   1.2740229e-01   5.5322381e-02   8.6615128e-02   5.6350970e-03   1.2322172e-01   2.4684805e-02   1.0937073e-01   1.1765348e-02   1.6632902e-03   2.5284870e-02   4.3576672e-02   1.3936058e-01   1.1812590e-01   2.1947510e-02   1.0389808e-02
   1.2594605e-02   1.0784090e-02   1.2150276e-01   3.7103612e-02   7.3444109e-02   2.8975932e-03   5.8599228e-02   1.2378306e-01   9.2430963e-02   5.5212672e-03   2.7295163e-02   1.0271710e-01   1.3018047e-01   4.7569707e-02   5.2569738e-04   1.2489492e-01   1.8679125e-02   9.4765195e-03
   1.3271084e-02   7.5768235e-02   7.6108547e-02   8.9660765e-03   1.5891596e-02   3.4462587e-02   1.0232639e-01   5.5805436e-02   9.5016675e-02   2.1141977e-03   4.1791966e-02   1.5766698e-02   1.0312686e-01   2.1353006e-02   1.0123824e-01   5.9104549e-02   9.2578898e-02   8.5308960e-02
   1.3338836e-02   2.2848023e-02   1.1247499e-01   3.1337522e-02   2.7170342e-03   1.4703228e-01   9.7758445e-02   5.8823554e-02   1.2445060e-01   1.3087506e-01   3.9678397e-03   3.4611939e-02   3.4487050e-04   1.3066622e-01   7.5159401e-02   2.3002729e-03   5.5215303e-03   5.7715820e-03
   1.4129160e-02   6.9293341e-02   4.9076192e-02   6.9414292e-02   9.3690321e-03   4.6397986e-02   4.3237814e-02   2.5841412e-03   1.6019859e-01   6.6173907e-02   2.6977141e-03   3.4107991e-03   5.0565898e-02   7.5206671e-03   1.8946338e-01   6.7687319e-03   9.2937527e-02   1.1676083e-01
   1.4181695e-02   1.1149551e-01   7.2653689e-02   2.0189314e-02   4.7239205e-02   4.6498883e-02   9.9528656e-03   1.0831672e-02   1.1486896e-01   3.0743900e-02   4.6517504e-03   8.9038408e-02   4.3160993e-03   7.4005066e-02   1.2536392e-01   1.2519535e-01   7.6983562e-02   2.1790156e-02
   1.4761611e-02   6.2316105e-02   3.3474021e-02   1.3521990e-01   3.4479151e-02   6.9714689e-02   2.3869293e-02   1.4146916e-01   1.0200735e-01   9.4761936e-03   4.6386611e-03   1.8042259e-02   6.9344199e-02   7.4493031e-02   3.9440874e-02   1.4271077e-01   1.8695952e-02   5.8467796e-03
   1.4762887e-02   1.1426759e-01   1.2832947e-01   5.1816139e-03   1.1414744e-01   1.2680742e-01   3.8821852e-02   5.7802371e-02   9.6210992e-03   7.1091893e-03   7.9594605e-02   1.0517940e-02   7.1720464e-04   1.3215290e-01   3.1383137e-03   1.5818804e-02   1.6620967e-02   1.2458832e-01
   1.4818397e-02   9.6386207e-02   2.6350921e-02   1.6049286e-02   1.2411833e-01   2.3333793e-02   2.0479494e-02   1.9685603e-02   3.2045328e-02   4.2977027e-03   2.9226753e-02   1.0304697e-01   1.5929142e-02   1.6159751e-01   1.0800894e-01   9.4039159e-02   1.8802045e-02   9.1784417e-02
   1.4859750e-02   1.1100794e-01   8.5526868e-03   2.8475099e-03   6.0365083e-02   9.2035852e-02   5.0049146e-02   1.1310665e-01   5.2553487e-02   1.1636186e-01   1.1061283e-02   4.3614854e-02   6.9403512e-02   6.5204271e-02   5.6243144e-02   3.8393422e-03   3.5014886e-02   9.3878739e-02
   1.4932408e-02   1.4056431e-01   5.1931136e-02   1.0409104e-02   8.4436282e-02   1.1029065e-01   2.7144912e-02   4.6827170e-02   4.4358866e-03   1.0298047e-01   4.7902102e-03   1.3929549e-01   1.1827204e-03   1.8086239e-02   7.4808224e-02   8.9917511e-02   6.6347086e-02   1.1620189e-02
   1.4953866e-02   4.3698373e-02   5.3549687e-02   9.3558089e-02   7.5463525e-02   1.7980246e-01   8.6826478e-03   2.2539548e-02   4.2420865e-02   1.9357999e-02   4.0121375e-02   2.6531795e-03   1.1330283e-02   2.8230283e-02   8.1161873e-02   1.9352526e-01   6.7103547e-03   8.2240335e-02
   1.5135154e-02   2.3094434e-02   3.4069698e-04   5.3243925e-02   7.6282136e-02   5.6143073e-02   7.9402832e-02   4.7716815e-02   1.0812778e-01   9.5876472e-02   1.0064885e-01   1.2882246e-01   2.1674835e-02   2.9167002e-03   3.8325518e-03   8.0256718e-02   3.3908770e-03   1.0309369e-01
   1.5305455e-02   7.6088010e-02   1.2096039e-01   2.0796891e-02   4.7728109e-02   3.3832376e-03   7.5310027e-02   1.0864903e-01   1.2024514e-01   7.5444784e-02   6.0242165e-03   8.3430098e-02   2.7672393e-02   2.2870105e-02   1.4901820e-03   6.0778447e-02   1.1855583e-01   1.5267654e-02
   1.5446326e-02   3.3251046e-02   1.1291038e-02   7.2053134e-03   1.4269193e-01   4.4242924e-02   1.7336428e-02   1.3815222e-02   2.9062954e-02   1.2622180e-01   6.1191967e-02   1.5085848e-02   1.3855987e-01   4.5166301e-02   7.5768915e-02   9.4916916e-02   1.1654431e-02   1.1709077e-01
   1.5453495e-02   7.5263182e-02   1.1200226e-01   2.4659070e-02   1.2402172e-01   2.2438367e-03   3.7113622e-03   6.9691501e-02   2.5531281e-03   2.5900530e-02   4.2700806e-02   9.8670965e-02   1.2270410e-01   1.2442854e-01   1.8947085e-02   7.5787691e-02   2.9880686e-02   3.1380031e-02
   1.5864333e-02   1.2370313e-01   3.3830444e-03   2.5618000e-02   9.0597347e-02   2.0360948e-02   4.3197635e-02   1.7276256e-02   1.0314768e-01   7.4546442e-02   7.0056747e-02   9.7123207e-03   1.1945592e-01   8.8983610e-02   3.8943306e-02   1.1526585e-01   2.0456937e-02   1.9430500e-02
   1.6491875e-02   2.4840934e-02   1.3147696e-01   1.1400449e-02   7.0056588e-02   1.1575990e-02   4.9184426e-02   8.8511939e-02   1.5792011e-01   1.5298653e-04   2.4693780e-02   1.6690010e-01   1.9878267e-02   6.1776989e-02   5.2975969e-02   2.6783052e-02   4.7708694e-02   3.7670883e-02
   1.6952256e-02   3.4948232e-02   6.2225691e-02   1.1212345e-01   1.4663355e-02   1.2549775e-01   2.5988305e-02   5.6244548e-02   2.2929237e-02   1.0797932e-01   3.3493595e-02   1.2501039e-01   6.8865609e-02   1.1943117e-01   5.1826636e-02   5.8781266e-03   5.4822071e-03   1.0460126e-02
   1.6954824e-02   1.4278571e-01   3.8541525e-02   3.4099071e-02   1.1257074e-01   1.3289206e-02   5.1572642e-02   1.3185783e-01   3.3389474e-03   3.5816614e-03   7.9861720e-03   6.5873570e-02   3.4489393e-02   1.1816701e-01   7.7228634e-04   5.4420409e-02   1.2499533e-01   4.4703663e-02
   1.7280793e-02   9.6295161e-03   8.3979864e-02   3.6038431e-02   3.8343810e-02   1.0925756e-01   1.1253664e-01   1.4071914e-02   5.5669974e-03   1.0482953e-01   1.1534737e-01   2.2780495e-02   9.3118496e-02   1.0733757e-01   3.2419918e-02   6.0736278e-02   1.1863229e-02   2.4861590e-02
   1.7414789e-02   5.8556763e-02   1.1653340e-01   1.0900516e-01   6.7251912e-02   6.8980976e-03   9.0340540e-02   4.7317113e-02   1.1488181e-02   2.7331153e-03   2.0731302e-02   1.0137405e-01   8.9033033e-02   1.0594174e-01   7.1967751e-02   5.8902732e-04   3.8632439e-02   4.4191582e-02
   1.7558593e-02   8.4349597e-03   1.8275914e-01   4.8900012e-02   1.3713238e-02   1.0080740e-01   8.4520925e-02   1.7064205e-01   3.1800135e-02   5.8263723e-02   2.1500816e-02   3.7530076e-02   1.8487109e-03   1.1035381e-02   1.5916927e-02   2.9190333e-02   2.3360032e-03   1.6324157e-01
   1.7597867e-02   6.6188622e-03   1.0313412e-01   9.3084711e-03   6.6296242e-02   1.3054670e-02   1.7183354e-02   4.0535889e-02   8.5410648e-02   2.5298402e-02   8.3233013e-02   1.0844296e-01   6.7289218e-02   5.3758591e-02   1.0409350e-01   1.0790980e-01   2.5137204e-03   8.8320671e-02
   1.7891219e-02   7.6899417e-03   7.6154400e-02   8.8374258e-03   6.2701175e-02   2.8220124e-03   1.1644863e-01   1.1836279e-01   1.1342944e-01   5.1388915e-02   6.2657743e-04   3.2508752e-02   8.6346269e-02   7.2152944e-03   1.3593979e-02   1.2712245e-01   3.3746556e-02   1.2311417e-01
   1.8181312e-02   2.1604838e-02   8.3024100e-02   1.4075973e-01   9.6565876e-02   4.4094931e-03   1.5994693e-01   6.3572624e-02   7.0002299e-02   2.5019647e-02   3.9816536e-03   2.0019626e-02   2.6419526e-02   3.6273843e-02   1.2217534e-02   1.6172297e-01   2.5218206e-02   3.1059800e-02
   1.8642686e-02   1.1917456e-02   8.2938920e-02   1.7958888e-02   9.6036838e-02   2.1561774e-04   2.6627782e-02   6.9615545e-02   9.1924381e-03   6.1259696e-02   1.2574171e-01   1.0502749e-01   1.1641683e-01   9.0863087e-02   1.1838715e-01   1.6742673e-02   3.1016322e-02   1.3988611e-03
   2.0079666e-02   7.1004800e-03   1.6868861e-02   1.9478989e-01   1.3539679e-01   3.1913510e-03   1.0699248e-01   1.0430061e-01   3.6437333e-02   2.7896323e-02   2.5675219e-02   1.1162854e-02   1.1165157e-01   4.8478835e-02   6.6013959e-02   5.2212054e-02   1.8905359e-02   1.2846363e-02
   2.0111625e-02   1.1025641e-02   7.1158847e-02   2.9947568e-03   1.1059887e-01   1.1950343e-01   1.1517329e-01   5.1265065e-03   7.9768510e-03   1.8063667e-02   2.8548058e-02   7.9119214e-02   6.4698478e-04   3.3449493e-02   1.1938092e-01   1.1428738e-01   1.1596141e-01   2.6873062e-02
   2.0249203e-02   2.3133873e-02   6.7353986e-03   1.2901045e-01   4.8634218e-04   1.2581189e-03   1.4700836e-01   6.9528761e-03   1.5606295e-02   5.3626265e-02   1.3703293e-02   1.1135348e-01   9.7696862e-02   6.4672179e-02   8.1426819e-02   5.2803718e-02   1.4178494e-01   3.2491530e-02
   2.0539611e-02   8.9557593e-04   2.3834225e-02   4.2172705e-04   9.7066855e-03   1.2428915e-01   7.6327317e-02   7.2795083e-03   9.0733288e-02   7.0226996e-02   1.1160756e-02   6.4303194e-02   3.1160865e-02   2.2480260e-02   7.6392383e-02   1.2772822e-01   1.2849751e-01   1.1402273e-01
   2.0825902e-02   1.0789639e-01   8.4215144e-02   1.9620346e-02   8.1237099e-02   2.9836347e-02   7.1730450e-02   4.6197186e-03   2.6474678e-02   3.0030712e-02   2.5211876e-02   9.6023443e-02   1.1601768e-01   1.6981165e-02   1.3594507e-01   6.8240865e-03   1.6252735e-02   1.1025715e-01
   2.0936853e-02   9.7776231e-03   2.0036183e-02   7.4957177e-03   1.5184998e-03   4.9071275e-02   1.2328282e-01   1.1162432e-01   2.0497056e-02   9.5700655e-03   1.4357954e-01   1.3521919e-01   1.0326452e-01   8.0073211e-04   9.3152487e-02   8.1456990e-02   2.7675819e-02   4.1040318e-02
   2.1639661e-02   5.3157394e-02   4.2903155e-02   2.2154688e-02   1.9317031e-02   8.4846755e-02   1.2694286e-03   3.7455557e-03   1.4296456e-01   3.9136779e-02   1.5804968e-02   1.1386128e-01   1.4073621e-01   1.1554591e-01   4.9127476e-02   4.5544539e-02   3.7199234e-02   5.1045382e-02
   2.1927373e-02   6.4176586e-03   1.0842799e-01   1.1285499e-01   2.0732128e-02   9.2931210e-02   1.1618898e-01   1.3193097e-02   1.2988447e-02   8.1254347e-03   1.3024811e-02   2.8185547e-02   4.8381022e-03   6.8413282e-02   2.4167410e-02   5.6613066e-02   1.4490603e-01   1.4606445e-01
   2.2061119e-02   6.0427917e-02   1.4797822e-01   4.2755729e-03   1.6740858e-01   4.8480574e-03   1.6500030e-01   2.2793639e-02   6.9280041e-02   1.3066758e-02   1.3409647e-02   6.2192810e-02   6.2611063e-02   1.2629581e-02   2.7482653e-02   1.7554014e-02   1.2123825e-01   5.7417706e-03
   2.2541508e-02   1.5008769e-02   1.4307325e-01   2.8030758e-02   3.4875692e-02   8.3295430e-02   1.0262682e-02   7.5544681e-02   2.6533039e-02   1.2568920e-01   4.2531887e-03   1.6442531e-02   2.7566421e-02   4.7328595e-02   1.8307428e-02   5.1420852e-02   1.1934566e-01   1.5048031e-01
   2.2606985e-02   2.4882973e-03   9.6163878e-02   1.3267360e-03   3.0584852e-03   1.2929857e-01   1.0545729e-01   1.3454214e-01   2.0684501e-02   6.9806858e-02   1.5888623e-02   6.5532137e-02   1.2680768e-03   4.4907210e-02   2.7228062e-02   1.1120851e-01   1.3390843e-01   1.4625213e-02
   2.3231579e-02   9.3825910e-02   6.5845706e-02   2.4533131e-02   1.1054820e-02   2.6891365e-02   3.7987747e-02   1.4877443e-01   3.0795148e-02   2.1184575e-02   4.4153678e-02   9.3156999e-02   9.6759625e-02   7.3132937e-03   2.6734046e-02   2.3321191e-02   1.8259366e-01   4.1843095e-02
   2.3802458e-02   9.9366931e-02   1.4773173e-02   1.5918761e-02   1.1625219e-01   1.6030893e-01   2.3089350e-02   8.2639710e-02   2.9985412e-02   8.2689133e-02   7.0934389e-02   9.4670229e-02   1.2059725e-01   1.7599371e-02   6.6917751e-03   3.7283185e-02   3.3236399e-03   7.4118015e-05
   2.4426818e-02   2.8574891e-03   7.3070560e-03   1.2940964e-01   1.1990837e-01   1.7658879e-02   4.9013475e-02   1.2006664e-02   3.9109300e-02   3.9814743e-02   1.0358521e-01   7.4057355e-02   2.2595171e-02   1.6939658e-03   6.1999513e-02   1.8325246e-01   1.0597326e-01   5.3306237e-03
   2.4669130e-02   9.5458052e-02   1.9464106e-04   6.1979823e-02   5.8122369e-02   1.2662472e-01   3.1084533e-02   9.2211331e-03   3.3786553e-03   1.2385454e-02   1.2997348e-01   9.4664078e-02   1.1856677e-01   2.4944373e-02   1.1019972e-01   6.0875198e-03   4.2150199e-02   5.0295345e-02
   2.4742297e-02   1.6067054e-01   1.7104813e-01   2.5967272e-02   1.0753964e-03   5.1294258e-02   5.5136959e-02   2.7271003e-03   1.6590685e-03   4.4431573e-02   6.4094381e-02   6.1211641e-02   8.7991463e-02   1.1802510e-03   5.9631145e-02   9.6544678e-02   7.6662971e-02   1.3930874e-02
   2.4923563e-02   1.0095706e-02   5.5178420e-04   5.7901057e-02   1.8411405e-01   1.4077428e-01   9.8540052e-02   1.1852324e-02   1.0304961e-01   4.0221547e-02   3.0450465e-02   1.1281153e-01   1.2723952e-02   5.9359827e-02   6.5054660e-03   4.3004650e-02   5.2520014e-02   1.0600118e-02
   2.5084143e-02   3.5335178e-02   3.0558594e-02   2.8985511e-02   8.4238575e-02   1.0338449e-01   5.9568626e-03   1.5810912e-01   2.7923804e-03   1.0405195e-02   1.7068614e-02   9.4814613e-02   3.5869993e-02   7.7299701e-03   9.6920713e-02   1.6016880e-01   1.3845029e-02   8.8732220e-02
   2.5536019e-02   4.8593714e-02   8.5836370e-03   1.1662711e-02   8.9162854e-02   1.3793050e-01   6.1447981e-02   9.5607844e-02   2.6253112e-02   4.3845645e-02   1.3155261e-01   3.6967858e-02   2.0554302e-03   2.0265515e-03   1.1576241e-01   8.2971720e-03   4.2158231e-02   1.1255572e-01
   2.5880425e-02   3.2935440e-02   1.1337439e-01   1.1093721e-01   1.0558727e-01   2.8886688e-02   1.4099856e-01   9.3752181e-03   4.2225419e-04   8.3545455e-02   1.1883990e-02   4.8139135e-02   1.7804195e-02   6.1622844e-02   1.2058606e-02   5.5549589e-02   7.4449273e-03   1.3355380e-01
   2.6090541e-02   1.5328136e-01   2.4714686e-02   1.1038984e-02   1.8015965e-01   2.2892197e-03   5.0121731e-02   1.3694675e-02   1.8118887e-01   2.0144811e-02   4.8311960e-03   4.5937948e-02   4.3327092e-02   5.7120792e-02   1.7849575e-03   1.6640242e-02   1.1992789e-01   4.7705355e-02
   2.6098491e-02   2.0933116e-02   3.2110239e-03   1.5290656e-02   6.2754663e-02   2.0288870e-02   4.3028847e-02   1.4489425e-03   9.7850715e-02   1.2993846e-01   1.0136575e-01   4.0070300e-02   8.1961477e-02   1.1557920e-01   1.0121849e-01   1.2657746e-03   3.8785934e-02   9.8909285e-02
   2.6678102e-02   2.6777380e-02   1.3745788e-03   1.3806479e-01   2.8831903e-02   4.5597481e-02   9.4626112e-02   7.3645235e-02   6.8810701e-03   2.2406709e-03   3.4437059e-02   6.5112213e-02   3.2358031e-02   1.1684604e-01   1.2031355e-01   5.3777042e-02   1.0012368e-02   1.2242637e-01
   2.6786306e-02   4.1360396e-03   1.3169617e-02   4.8369977e-02   1.0174745e-02   6.1586936e-02   1.1663202e-03   1.6060449e-02   3.3926735e-02   5.6790095e-02   1.0994999e-03   1.1397561e-01   1.1437413e-01   6.2273672e-02   1.2051840e-01   1.3663960e-01   1.4418185e-01   3.4770017e-02
   2.6931292e-02   9.6599744e-02   2.3294963e-02   5.9115832e-02   2.0022719e-03   1.4035987e-01   1.4270395e-01   1.6943688e-02   1.7527480e-02   8.2486969e-02   3.5502061e-02   1.6939760e-03   3.6313765e-02   1.6142566e-01   7.4639379e-02   5.6487879e-02   1.3981405e-02   1.1989816e-02
   2.7220986e-02   1.6206790e-01   1.5922215e-02   8.4492641e-03   1.0517279e-02   4.7234687e-02   4.2080589e-02   3.5174673e-02   1.8449464e-02   6.0103636e-03   9.2698059e-03   9.1619931e-02   9.2403151e-02   4.1183337e-02   5.3279155e-02   9.7844762e-02   1.5302177e-01   8.8250668e-02
   2.7607728e-02   1.7256105e-02   1.0254956e-01   8.7753637e-02   1.4589986e-01   2.4662720e-02   3.1964161e-03   8.7622302e-02   8.0924341e-02   2.5538519e-02   2.0495065e-03   7.7310015e-02   6.4381413e-03   1.6502329e-02   9.6881778e-03   6.2067602e-02   1.5224639e-01   7.0686652e-02
   2.7612410e-02   9.4276254e-02   1.3607421e-01   1.0677869e-02   1.1184372e-01   1.1462257e-01   1.3990295e-02   9.6051257e-02   1.1303773e-02   1.4312207e-01   5.0438954e-02   6.2265702e-02   1.3160673e-03   6.1978527e-02   2.5857702e-03   2.0836591e-02   1.3330996e-02   2.7672954e-02
   2.7864913e-02   6.1386623e-02   2.1951045e-02   4.2912822e-02   7.5761478e-02   1.7139927e-03   1.8328694e-03   5.2740101e-02   1.1683311e-01   5.1461982e-02   1.1707292e-02   2.7179024e-03   5.6041139e-02   1.6689699e-01   1.5394594e-01   2.8314945e-02   1.1252472e-01   1.3392123e-02
   2.8025792e-02   4.6075124e-03   5.1038059e-02   1.0300963e-01   1.3318465e-01   8.8966224e-02   9.0943913e-02   4.2726142e-02   6.0554462e-02   9.6685684e-02   1.4244324e-02   4.0407364e-02   1.3129870e-02   1.1708470e-02   4.7031713e-02   2.3382409e-03   1.0948687e-01   6.1911081e-02
   2.8173918e-02   6.7292790e-03   9.5256321e-02   1.2439038e-03   1.2374467e-01   3.6126217e-03   1.6546603e-01   6.8538717e-02   2.4621978e-02   1.6778530e-02   1.3588675e-01   6.1194364e-02   1.1124015e-02   1.6882742e-02   5.2787086e-02   2.1945695e-02   1.3125970e-01   3.4753672e-02
   2.8615797e-02   1.4577172e-02   2.8392615e-02   8.1605950e-02   2.0130091e-02   9.3142577e-02   1.9277287e-03   3.9731198e-02   4.6555229e-02   3.4104087e-02   1.1354363e-01   3.1295066e-02   1.0842149e-01   1.0315534e-01   7.4010289e-03   6.9143608e-02   1.1394947e-01   6.4307921e-02
   2.8652403e-02   3.0418495e-02   1.0777011e-01   1.5852670e-01   1.3132698e-02   4.1798113e-04   6.3351193e-02   9.4767294e-03   7.6002294e-03   1.5431295e-01   1.0587748e-01   9.1189906e-02   5.7584130e-02   4.5231994e-02   2.6277422e-04   3.5978595e-02   9.1344302e-03   8.1081215e-02
   2.8657721e-02   1.3353347e-01   1.0898814e-01   2.2008327e-02   1.2443555e-01   7.6847832e-02   1.6735378e-03   9.0570685e-03   4.8276352e-03   1.0491965e-01   2.8138457e-03   2.8259116e-02   1.0496605e-03   3.0260511e-02   3.9661886e-02   5.7373796e-02   1.2757082e-01   9.8061419e-02
   2.8860867e-02   2.6082239e-03   1.3395567e-01   7.6609737e-02   8.9217077e-03   1.0328712e-01   4.5633247e-02   1.2889401e-01   6.8584804e-03   1.1961859e-01   3.2868919e-02   1.7513755e-02   8.1060670e-02   6.4412681e-03   6.9120684e-02   2.6659007e-02   7.4313797e-02   3.6774247e-02
   2.8881083e-02   9.9550103e-02   9.6745107e-02   1.4419323e-02   4.2860046e-02   5.0851897e-02   1.1017052e-01   8.8002831e-03   9.9131666e-02   3.2903205e-02   4.6711833e-03   1.0261664e-01   2.5496449e-03   1.3470292e-01   1.0989301e-02   1.5599444e-02   1.2348713e-01   2.1070504e-02
   2.8924640e-02   9.2653535e-02   4.9171390e-03   1.2128427e-01   4.3691194e-03   2.8802311e-02   9.4164714e-02   6.2168327e-03   1.1083096e-01   2.6130455e-02   1.0197620e-01   7.2914624e-03   6.2058291e-03   1.4635273e-01   1.2973935e-01   4.0646715e-02   3.7701812e-02   1.1791922e-02
   2.9227741e-02   4.4267233e-02   9.5759220e-02   4.9859107e-03   4.0085181e-03   9.5366647e-02   7.1714809e-02   1.2639551e-01   1.2753338e-01   9.7531798e-03   8.1482119e-02   4.6110970e-02   4.4979051e-03   2.0760731e-02   1.1082386e-01   1.4107644e-02   8.5383791e-02   2.7820837e-02
   2.9846570e-02   1.2812431e-01   2.4004807e-02   5.5404306e-02   7.4343072e-03   7.5899393e-02   2.8349254e-02   3.5058265e-02   2.5777404e-02   3.3052298e-02   1.2894825e-01   9.4305215e-03   2.9984479e-03   4.9494205e-02   2.2166180e-02   1.0773918e-01   1.3070053e-01   1.0557177e-01
   3.0065050e-02   1.0082297e-01   1.1413262e-01   1.0222915e-01   1.7465077e-03   1.1119690e-01   1.7185284e-02   2.1009725e-02   5.8592015e-02   1.1569188e-01   8.2669158e-02   5.9815789e-03   4.3529060e-03   5.6986739e-03   1.2321695e-02   1.1157496e-01   1.7721100e-02   8.7007831e-02
   3.0292680e-02   1.4878433e-01   1.2417671e-02   3.8371345e-02   9.1628654e-03   1.4046588e-03   2.9259161e-02   1.9070901e-03   1.2366956e-02   1.0481406e-01   6.5573855e-02   7.5627945e-02   1.5621819e-03   1.3154925e-01   5.2639685e-02   1.4514075e-01   1.3774755e-01   1.3779586e-03
   3.0319501e-02   4.5288157e-02   8.8126228e-02   9.1416851e-02   9.7602043e-02   1.4349729e-01   2.7165691e-02   9.1199994e-03   3.4409182e-02   7.3612824e-03   1.3760915e-01   6.3721788e-03   5.8794932e-02   3.7269709e-03   7.0879653e-02   5.8325651e-02   4.9161984e-02   4.0823256e-02
   3.0409352e-02   6.2028302e-02   4.0946069e-02   1.6761816e-01   1.1743051e-02   4.2313030e-02   3.2765632e-02   1.1613941e-01   5.4791827e-02   1.3745465e-01   1.6290343e-02   5.6541337e-02   2.7304073e-03   1.4090585e-01   1.2982919e-02   2.7666545e-02   2.2718264e-02   2.3954850e-02
   3.0717935e-02   1.2063801e-01   6.7665297e-02   2.3722951e-02   1.4402574e-01   1.0091729e-01   1.4144484e-01   4.3020031e-02   7.6933733e-02   4.0205051e-02   9.0340459e-02   5.3113399e-03   4.5215865e-03   2.1043407e-03   4.0265382e-02   4.8218155e-02   1.4823271e-02   5.1245806e-03
   3.2560215e-02   8.3775917e-03   1.0045292e-02   7.5699865e-02   1.6708995e-01   7.9144744e-02   1.1472048e-01   1.3369847e-02   1.1121184e-02   3.5899606e-03   1.1589794e-01   5.5670493e-03   1.4281012e-01   2.7226592e-02   1.2798282e-01   1.5727894e-02   1.5337956e-03   4.7534651e-02
   3.2843171e-02   1.8648180e-02   1.7255097e-02   1.4586937e-02   1.0144607e-01   6.5830233e-02   1.9445953e-02   1.1534670e-01   4.4584057e-03   4.5505067e-02   1.1970281e-01   1.2422815e-01   1.2750882e-02   2.4916831e-02   1.0293266e-01   4.1359554e-02   1.3077892e-01   7.9643798e-03
   3.3775892e-02   6.9122678e-02   1.1343784e-01   1.1483714e-02   3.4906730e-03   1.7148346e-01   2.6505652e-02   7.2717779e-02   1.6933572e-02   6.7923558e-03   1.1135955e-01   1.1730739e-01   5.7984372e-02   1.1773748e-02   1.1661873e-01   2.2109546e-02   5.6781759e-03   3.1424879e-02
   3.4486008e-02   1.3623174e-02   5.5372433e-02   1.0881764e-01   1.6298996e-02   9.2021031e-03   1.4867249e-01   2.1817583e-02   1.1862683e-01   4.3077894e-03   3.4396832e-03   3.9226138e-02   7.4768950e-02   1.4892965e-01   3.6769590e-02   1.5024280e-01   9.9553063e-03   5.4428325e-03
   3.4797732e-02   1.5809734e-02   3.0419206e-02   1.9217621e-01   7.3251975e-02   1.7845121e-01   9.1888405e-02   7.3974245e-03   6.4790936e-03   1.7839217e-02   1.1050969e-01   2.8246981e-02   2.0155882e-02   5.5783591e-02   9.2299083e-03   8.7188686e-03   1.0887871e-02   1.0795699e-01
   3.5121867e-02   2.3648524e-02   4.6828654e-03   1.0260244e-01   8.8992298e-02   3.9869338e-03   3.3485758e-02   1.4894143e-01   2.4642466e-02   1.7845998e-02   3.3845902e-02   9.3936094e-03   1.0629067e-01   1.3588501e-01   1.3915178e-02   1.1818735e-01   9.6528097e-02   2.0036106e-03
   3.5330540e-02   1.6871134e-02   1.3400236e-01   7.8299441e-02   1.9120661e-02   1.1587691e-01   1.2596426e-01   6.6027814e-02   1.9849986e-02   5.0858095e-02   1.0827019e-02   1.2964589e-01   4.2280534e-03   1.5668320e-02   4.3000825e-02   9.0550776e-02   3.6400316e-03   4.0237880e-02
   3.5423460e-02   9.4561078e-03   1.5899394e-02   9.4425511e-02   6.3472382e-04   5.3639034e-02   1.4420042e-01   2.1263832e-02   2.7226594e-02   1.1721666e-01   5.7072875e-02   4.9071380e-02   1.3801545e-01   3.2933071e-04   1.7670418e-02   8.4759985e-02   2.0907741e-02   1.1278709e-01
   3.6235882e-02   8.9307129e-03   2.2138468e-03   3.5664108e-02   6.5248314e-02   1.9801011e-02   9.2296920e-02   1.0579310e-01   5.8556641e-03   1.1193941e-01   2.9071885e-03   1.0355363e-01   1.0234381e-01   1.7665168e-02   7.2119352e-02   8.2938132e-02   3.4129610e-02   1.0036414e-01
   3.6490572e-02   1.5173130e-01   1.3135447e-03   1.3441240e-01   3.4848144e-02   6.1214628e-03   4.3980917e-02   2.6350500e-02   7.9923872e-02   7.5479621e-02   1.1043670e-02   1.6078722e-02   2.6656085e-02   4.7266048e-02   1.3376604e-01   7.1092742e-03   1.1650347e-01   5.0924365e-02
   3.8081835e-02   9.8307280e-02   1.0282636e-01   1.0109370e-02   1.1465075e-01   7.4935162e-02   5.0281032e-03   1.0645739e-01   6.8224480e-02   1.1651620e-02   1.1256421e-02   4.3795601e-02   1.0939404e-01   1.0533667e-02   3.5141404e-02   1.8219761e-02   3.1961407e-02   1.0942535e-01
   3.8930239e-02   1.3839041e-02   1.3729934e-01   1.1088772e-02   2.0012606e-02   3.8398450e-02   1.8875309e-02   2.8065939e-02   3.0801093e-02   1.4428616e-02   1.3252999e-02   1.7336564e-01   7.8535986e-02   1.7441058e-01   5.9230784e-02   4.2794294e-02   1.0651694e-02   9.6018614e-02
   3.8985836e-02   4.9544309e-02   3.0770444e-02   1.2657851e-02   2.5455295e-02   1.1262196e-01   1.1596171e-01   1.0862571e-01   8.6543454e-03   1.0492854e-01   6.8749650e-02   9.5883424e-02   1.5913374e-02   1.2590817e-01   1.0507822e-02   4.4142350e-02   3.4737432e-04   3.0341835e-02
   3.9047895e-02   3.8095030e-02   1.2355053e-01   1.1774724e-01   2.1686309e-02   8.3673087e-02   8.6942525e-04   1.1865501e-01   1.2344265e-01   3.2496255e-02   2.9414748e-02   1.2034928e-01   6.3424537e-03   1.0270105e-02   1.1422015e-02   1.1521784e-02   4.7443590e-03   1.0667182e-01
   4.0628241e-02   1.6412690e-01   2.7355133e-03   1.0423714e-01   3.6786767e-02   1.4109588e-02   1.2042245e-01   4.3316016e-02   2.9017290e-02   1.5788969e-02   1.3010868e-01   4.7680432e-04   4.1389678e-03   6.3960411e-04   2.4026633e-03   1.4479019e-01   6.1617484e-03   1.4011247e-01
   4.3122337e-02   2.7499025e-03   2.5551166e-02   4.0288658e-02   1.5776559e-02   2.2117373e-02   1.3474844e-01   9.8883874e-02   9.4878317e-02   1.0222953e-02   9.0446145e-03   1.2014651e-03   1.4549891e-02   1.3541088e-01   6.7873408e-02   1.3246237e-01   6.7459722e-02   8.3658069e-02
   4.3439212e-02   1.0465512e-01   8.4760344e-02   3.1348619e-03   6.2938592e-02   8.0551741e-03   1.1407704e-01   3.8544937e-02   5.9192668e-02   1.1038459e-01   3.1009966e-02   4.6960276e-02   7.2992308e-02   3.2881008e-02   1.5745578e-02   4.3719632e-02   1.6804995e-02   1.1070370e-01
   4.4025106e-02   9.3953796e-02   7.5111490e-03   9.6550686e-02   5.0179675e-03   1.1206028e-02   2.4491405e-02   4.1390742e-03   1.3732689e-02   1.0608554e-01   9.9965365e-02   1.1501325e-01   7.9662179e-02   2.6265594e-02   5.5420803e-03   4.3615989e-02   1.2883407e-01   9.4388030e-02
   4.5157120e-02   5.0097065e-02   5.7407203e-04   1.0462596e-01   5.5359768e-03   7.5034307e-02   1.2243926e-01   1.2964110e-02   6.5399523e-02   7.4243396e-02   5.4164264e-03   1.4746517e-01   6.7456408e-02   2.2986484e-02   1.0138917e-02   1.3857945e-01   3.8847612e-02   1.3038745e-02
   4.5751861e-02   5.1143235e-02   3.3224021e-02   9.2954530e-04   1.1721163e-01   2.5687919e-02   1.5630404e-01   3.0007727e-02   1.1750492e-02   4.3063630e-02   5.8754856e-02   7.4506359e-02   6.0544168e-02   1.7006880e-02   9.0683940e-02   1.2596407e-01   7.0051936e-04   5.6765097e-02
   4.7692050e-02   2.9598190e-02   3.7144657e-02   1.4661230e-01   5.1445068e-02   1.8445520e-02   1.9131177e-02   1.0940237e-01   6.6076204e-02   7.7558198e-02   5.1627876e-03   1.4997279e-01   1.2307927e-01   5.0182856e-02   2.0763018e-02   4.4752838e-04   3.2800137e-02   1.4485880e-02
   4.8205581e-02   1.1973464e-01   6.7357322e-02   2.9173878e-02   1.2797673e-01   2.2362116e-02   1.0604129e-03   3.8751339e-03   1.3162632e-01   6.3664388e-03   1.0362911e-01   3.6069183e-02   6.6463201e-02   7.5255256e-02   1.2347169e-01   5.0450045e-03   1.5516518e-03   3.0776330e-02
   4.9378428e-02   1.0969913e-01   3.1483786e-02   3.7206138e-02   1.6012646e-02   1.1055514e-02   1.2293406e-01   6.7993159e-03   6.3764232e-02   9.6137428e-02   1.0003302e-03   3.0415255e-02   1.0812906e-01   1.0341846e-01   6.7045005e-03   7.0320211e-02   1.1756138e-01   1.7980128e-02
   4.9381165e-02   7.1611135e-02   4.4319129e-02   9.8473656e-02   1.7313469e-02   1.0864146e-02   4.4262702e-02   1.1737594e-02   1.0871701e-02   6.3879550e-03   3.1896973e-02   4.1171462e-02   1.4996271e-01   1.6671695e-01   1.0985239e-02   1.6580872e-01   6.5375135e-02   2.8601588e-03
   4.9698470e-02   1.7682703e-02   3.9717990e-02   5.0600704e-02   4.5782432e-02   1.4850865e-01   8.3806205e-02   5.0580069e-02   1.8060438e-02   4.7446886e-02   7.0472453e-05   5.4702826e-02   1.3335596e-01   1.8236882e-02   9.1546215e-02   5.6366346e-02   5.5667786e-04   9.3280075e-02
   5.0341598e-02   1.6511710e-02   1.7639189e-02   1.6658521e-02   1.2182636e-01   3.2407120e-02   2.7898238e-02   1.3058598e-01   5.9110300e-03   7.2968158e-02   1.3623330e-01   1.1015070e-01   6.2505216e-03   5.8869594e-03   2.7344208e-03   3.1419253e-02   6.9336736e-02   1.4524020e-01
   5.0864594e-02   8.3755027e-03   8.2304413e-02   1.0986486e-01   1.5365675e-02   5.3357700e-02   9.8382757e-03   5.3101893e-03   1.1995137e-01   2.1596176e-02   7.5431003e-03   1.5241643e-01   6.1249776e-02   4.7550232e-02   1.3417434e-02   1.3187082e-01   4.0713224e-02   6.8410226e-02
   5.1646867e-02   8.5017866e-03   8.8054624e-03   1.1300768e-01   5.8049292e-02   1.0831663e-01   6.3500437e-02   2.3801200e-02   4.9057518e-03   1.4517711e-01   6.2496333e-02   8.8998639e-02   5.7627652e-02   1.5168417e-04   1.2651902e-01   1.3676370e-02   1.3639855e-02   5.1178230e-02
   5.2463683e-02   1.4398316e-01   2.6967190e-02   2.7620605e-02   1.0983265e-01   2.8729611e-02   2.5206411e-02   1.0276227e-01   4.2339217e-03   4.5913320e-03   1.1920275e-01   1.4283322e-02   5.1515211e-02   2.6820525e-02   1.3499190e-01   4.1060629e-02   7.5238169e-02   1.0496654e-02
   5.2910625e-02   1.3244887e-01   1.1517206e-01   3.2735128e-02   3.7653103e-03   7.4327655e-03   2.3916706e-02   1.1705537e-02   1.3577668e-01   1.3918383e-01   3.5206157e-02   3.1319719e-03   1.0748722e-01   4.0547205e-02   8.2230221e-03   4.6242684e-02   1.0250694e-01   1.6072866e-03
   5.3198046e-02   1.1702037e-02   5.6887951e-03   3.1608127e-02   1.2775556e-01   1.0333684e-01   1.0503089e-02   3.8031739e-02   1.8142879e-02   2.1674317e-02   4.5698035e-02   3.4108031e-02   3.3887638e-02   1.2962141e-01   8.2796672e-02   8.7506317e-02   1.2829495e-01   3.6445521e-02
   5.4414893e-02   9.7078640e-03   3.4901967e-02   5.3635658e-03   1.7147717e-02   1.0660379e-01   8.0020509e-02   1.5283946e-02   8.4252019e-02   1.1188370e-02   1.6323184e-03   1.5094693e-01   5.9530332e-03   1.6672033e-01   8.9954013e-02   7.2584546e-02   1.7859760e-02   7.5464428e-02
   5.6774239e-02   1.2258026e-01   1.3456477e-02   6.5225441e-02   2.1629236e-02   2.3917318e-02   5.1574173e-03   7.7674822e-03   1.0155411e-01   1.0610578e-03   1.4205300e-01   1.5561253e-02   4.4802269e-02   8.3517290e-02   8.1009536e-02   2.2707109e-02   5.3393603e-03   1.8588715e-01
   5.8338599e-02   1.9316147e-02   1.4205651e-01   3.7208428e-02   1.4627079e-01   7.9699607e-03   7.5079426e-02   3.4403076e-03   1.4420552e-01   2.3416381e-02   7.5769403e-03   2.7499503e-03   1.9573019e-02   1.0833293e-01   4.3710073e-02   9.4086471e-02   4.7719094e-02   1.8949454e-02
   6.0135381e-02   1.4130244e-01   8.9130355e-02   1.5741271e-02   1.5046812e-01   1.6294883e-01   3.6330119e-02   4.6278771e-02   4.1426103e-02   1.2425646e-02   1.0776881e-02   3.0933944e-02   6.4554321e-02   2.6415570e-03   7.1813121e-02   1.7864710e-02   4.2189411e-02   3.0390097e-03
   6.0558993e-02   3.4377636e-02   1.5486693e-02   4.2031465e-02   8.1447480e-04   8.4960543e-02   1.1308246e-01   6.5282990e-04   5.6751077e-02   6.2304612e-02   4.8445350e-02   1.9410602e-02   5.4210253e-02   2.5894430e-02   1.4374930e-01   4.9609267e-03   1.5785307e-01   7.4455285e-02
   6.0754817e-02   5.0542482e-04   1.1620236e-01   1.6829187e-01   6.6462601e-02   1.0505440e-03   2.6804187e-04   5.3467005e-02   1.0963146e-01   4.0575100e-03   9.9910617e-03   4.1995064e-03   1.2799657e-01   2.5409860e-02   4.7770604e-02   8.9461285e-02   1.1357741e-01   9.0205934e-04
   6.1311221e-02   1.1924219e-03   3.5880326e-02   4.3559538e-02   6.3214955e-02   3.9938900e-02   3.0885936e-03   3.5013655e-03   7.1563922e-02   1.1470231e-01   9.2184727e-02   1.1710877e-01   9.7486807e-02   3.6918113e-03   1.1103829e-01   2.5102821e-02   9.4446026e-02   2.0987187e-02
   6.5208969e-02   4.4455306e-02   1.5110777e-01   1.3244273e-01   1.2422360e-03   8.7140580e-03   1.0854254e-01   6.1410651e-02   3.5329046e-02   8.2163534e-03   7.5391310e-02   1.7569162e-02   1.0505801e-02   8.0890128e-03   3.6987976e-02   1.0360879e-01   8.7269204e-02   4.3909098e-02
   6.7600908e-02   1.9030749e-02   6.3710765e-03   5.2467337e-02   2.2804579e-02   7.0331706e-03   4.8848969e-02   1.2694772e-01   8.9117405e-02   1.2348341e-01   3.4526755e-03   1.7172617e-02   7.3548973e-03   1.3873822e-01   8.7075857e-02   1.0154592e-01   8.0672543e-02   2.8195077e-04
   6.8111052e-02   1.5396727e-02   7.2212365e-03   4.4062508e-02   1.0710974e-01   5.2586811e-02   1.1034010e-01   9.8836221e-02   8.0666282e-02   2.2142442e-02   5.4154093e-03   1.2191801e-01   1.6167232e-02   3.3235957e-02   7.7800050e-02   2.9524391e-02   8.5918804e-02   2.3547020e-02
   6.8269635e-02   2.5323838e-02   3.8865998e-03   6.7286343e-02   1.0589808e-01   2.2974438e-02   1.1955324e-01   3.9910431e-02   4.9129646e-03   1.2146137e-01   2.1824263e-02   4.8946921e-03   1.2383136e-01   5.0863590e-03   1.8118533e-02   1.0042090e-01   1.0361097e-01   4.2735992e-02
   6.8522277e-02   1.2549966e-01   7.1921560e-02   1.5923164e-02   2.5597392e-02   1.1732210e-03   5.6148485e-02   6.3524185e-02   2.2726160e-02   1.0656100e-02   1.6759644e-01   1.3566265e-02   5.9587808e-02   6.2019183e-02   2.7718843e-02   4.1491293e-02   1.5342672e-01   1.2901244e-02
   6.9014396e-02   2.0826670e-03   4.9226188e-02   7.4549181e-02   7.6024438e-02   8.2491832e-03   1.2022864e-01   1.3205068e-02   6.0125368e-02   1.1776317e-02   1.0564630e-02   7.0052944e-03   8.7275574e-02   6.5318112e-02   1.5573394e-01   4.4987786e-03   2.7206803e-02   1.5791542e-01
   6.9622703e-02   1.4862665e-01   3.1245667e-02   1.4441466e-01   3.4164273e-02   3.0053051e-02   1.0120825e-02   3.2360868e-02   1.5482823e-01   1.0213432e-02   1.6631701e-02   6.3277698e-03   6.0831519e-03   1.3123663e-01   3.0142542e-02   2.4267898e-02   9.3682764e-02   2.5977180e-02
   6.9652278e-02   1.4623868e-02   1.5041206e-01   4.4361052e-02   1.7868798e-02   2.8818965e-02   6.7325071e-02   2.4662907e-02   1.2426899e-01   2.2841399e-02   2.8337495e-04   4.8407660e-02   1.5997416e-01   2.9298149e-02   4.2900227e-02   2.9337302e-02   9.2364450e-02   3.2599292e-02
   7.1200568e-02   1.7174723e-02   3.1047951e-02   4.7822343e-02   6.6866822e-02   1.3923516e-02   2.5352297e-03   9.6478660e-02   1.2887956e-02   5.4194539e-02   4.9587197e-02   1.6269077e-01   3.5695261e-02   6.2217369e-02   1.3187646e-02   1.5965388e-01   9.4602741e-02   8.2328295e-03
   7.4312275e-02   2.6067244e-03   1.2871599e-01   7.1894684e-02   6.0458894e-02   6.6312159e-02   1.2928351e-02   2.2372479e-02   1.1440899e-01   1.1436616e-01   9.6051507e-02   1.6704848e-02   4.9758270e-03   1.6981821e-02   3.1806997e-02   1.3065413e-01   2.5807755e-02   8.6404092e-03
   7.4325353e-02   4.7567382e-02   1.3804995e-02   1.3515989e-01   5.7641580e-02   7.2697474e-03   2.2099542e-02   4.9296670e-02   6.4777258e-02   6.0058389e-02   3.4815102e-02   1.0793551e-01   3.1612296e-02   1.2319955e-01   1.5838951e-02   7.6464043e-03   1.3056461e-01   1.6386776e-02
   7.6612052e-02   1.1765998e-01   2.6701737e-02   6.8739277e-03   4.0084411e-02   1.2487695e-03   1.7328269e-02   1.1982153e-02   6.9578012e-02   1.7189724e-01   3.4789445e-02   1.0581027e-01   3.2356795e-02   5.7301738e-03   3.0440399e-02   1.0884127e-01   5.8532802e-03   1.3621181e-01
   7.7274215e-02   1.4868044e-01   2.6478262e-03   1.3875528e-02   8.0765384e-02   1.3652151e-01   4.9865438e-02   5.5864353e-02   2.1950233e-03   5.1664846e-02   1.0347760e-02   4.2126921e-02   5.8722069e-02   3.0733135e-03   8.6111238e-02   9.7416710e-02   5.5482054e-03   7.7299215e-02
   7.7359786e-02   1.0230003e-01   1.6266903e-02   5.1588368e-03   1.9114296e-02   2.5956768e-03   8.1207537e-02   1.1473552e-01   6.1364444e-02   1.3025367e-02   6.6262172e-03   1.1439036e-01   2.8693378e-02   1.0334506e-01   5.5567581e-02   1.1515220e-01   7.9562052e-02   3.5347630e-03
   7.7385891e-02   5.4055257e-02   9.1209217e-02   2.5067044e-02   2.6182287e-02   1.4351053e-01   9.9386515e-02   2.0561494e-02   2.7068910e-02   7.2153185e-02   1.2032322e-02   6.5510573e-02   7.5103436e-03   1.1467054e-01   6.4520591e-03   1.1932872e-02   2.6618697e-02   1.1869226e-01
   7.7600791e-02   6.0225177e-03   1.2729441e-01   3.0544898e-03   2.3153991e-02   2.2897751e-02   1.2308979e-01   7.1375367e-02   4.7733812e-02   3.1492298e-02   7.8024262e-02   1.1060733e-01   1.0526376e-02   6.5887305e-02   1.3291488e-02   9.2191861e-04   7.9949736e-02   1.0707637e-01
   7.7830069e-02   1.1160730e-01   6.5783307e-03   3.1108713e-03   2.8749427e-02   5.4497292e-02   5.3718858e-02   1.9702744e-02   4.9216402e-02   4.8172684e-02   1.2016229e-01   9.7170091e-02   1.3653490e-02   1.0711695e-01   1.1250984e-01   7.5942329e-03   8.4066502e-02   4.5426330e-03
   7.9854814e-02   9.4910658e-03   1.8834408e-02   5.0254096e-02   1.0798631e-01   1.1779891e-01   3.3744501e-02   7.7699123e-02   1.5000540e-02   1.3465083e-01   1.3123772e-03   9.4071961e-02   5.2368505e-02   5.8913439e-03   3.1518937e-02   1.3674077e-01   9.2676681e-03   2.3513840e-02
   8.1074884e-02   1.8353960e-02   5.3477372e-03   9.5965983e-02   1.1685740e-01   3.8764304e-02   3.4793324e-03   2.6465438e-02   6.5914920e-02   1.2313832e-01   1.1240640e-01   2.1641813e-02   1.1456618e-01   1.5314124e-02   2.5239164e-03   1.8930226e-02   1.2058478e-01   1.8670282e-02
   8.1506763e-02   2.6850853e-03   1.8772602e-02   1.7956859e-02   9.2152707e-02   1.8238508e-03   5.9398313e-02   1.4283644e-01   3.8026175e-02   3.5034353e-02   1.2854869e-01   3.0853070e-02   3.6904097e-02   4.4584355e-03   1.9501642e-02   1.3882016e-01   1.4826023e-01   2.4605211e-03
   8.1639153e-02   1.1392030e-02   1.4049497e-01   8.5090485e-03   7.6563592e-02   3.1206093e-03   6.0413607e-03   5.8018963e-03   1.4465242e-01   4.7620001e-04   2.2363552e-02   1.4150305e-01   1.1721749e-01   5.1308331e-02   1.2103391e-01   5.3263910e-03   5.6224564e-02   6.3314349e-03
   8.3002193e-02   1.3951802e-01   2.3176683e-03   1.1834399e-01   6.9442118e-02   2.7168261e-02   1.0218229e-02   5.8115345e-02   2.0105567e-03   1.2377208e-01   2.5812245e-02   7.3544020e-02   2.7067752e-03   3.1491434e-02   5.6936565e-02   3.8755291e-03   2.7579203e-02   1.4414577e-01
   8.3816617e-02   1.0175339e-01   1.1621653e-01   1.7416396e-02   6.8848248e-02   6.5317331e-02   8.2706535e-02   1.0286507e-02   2.7550515e-02   3.7982413e-02   1.4319454e-01   4.4148861e-03   2.1290450e-02   7.6411104e-03   1.4898351e-01   2.0563627e-03   1.3532059e-02   4.6992605e-02
   8.5334452e-02   2.8763940e-02   1.0959310e-01   5.3520740e-03   1.2376200e-01   2.3387245e-02   3.9926932e-04   1.4407615e-01   2.8356478e-02   8.0724442e-02   2.0926755e-02   3.0174783e-02   3.6915678e-02   7.0309531e-02   2.1845805e-02   2.4357674e-04   5.0153528e-03   1.8481937e-01
   8.9704159e-02   2.7062512e-03   9.8792638e-02   1.1327763e-01   1.0109748e-01   4.7725882e-02   1.0458832e-02   1.5430211e-02   4.4013237e-02   1.0210237e-01   3.4452390e-03   3.7609591e-02   6.7137309e-02   2.1067475e-02   1.2444904e-01   7.2128397e-02   3.1333058e-02   1.7521199e-02
   9.0175301e-02   2.8956949e-02   9.8240762e-03   8.0940617e-03   8.1111537e-02   4.6741760e-02   9.8436367e-03   1.2322479e-01   1.2053973e-01   7.0337341e-03   1.1218188e-01   1.5010694e-02   4.2170043e-03   5.4702417e-02   1.1309986e-01   1.3067928e-01   1.9950015e-02   2.4613274e-02
   9.0708215e-02   7.4117026e-02   1.2555109e-02   3.0222615e-02   1.6089646e-01   5.2702029e-02   6.5448957e-02   1.2321755e-02   1.2998460e-01   2.3104703e-02   4.5260036e-02   3.7081230e-02   2.4620329e-02   1.5514909e-01   2.6466857e-02   1.4587051e-02   2.5107780e-02   1.9666158e-02
   9.2239295e-02   6.3465897e-03   6.4497302e-02   2.0881931e-03   2.2423494e-02   1.0266991e-01   2.0744645e-02   1.1388184e-01   1.0701294e-01   1.2956364e-01   9.0111167e-03   9.2050871e-02   1.0509654e-02   4.8291603e-02   2.8325616e-02   9.6333676e-03   9.0786052e-02   4.9923871e-02
   9.3433298e-02   1.4325429e-01   1.4830138e-02   5.1686226e-03   2.7899058e-02   3.3141212e-02   1.6890336e-02   5.1293436e-02   9.1550054e-02   5.2551644e-02   1.6690488e-03   3.3686373e-02   1.3273232e-01   1.8868031e-02   1.4879485e-01   8.8471220e-02   3.6799572e-02   8.9664994e-03
   9.3639362e-02   1.0314767e-02   1.4205936e-01   1.3704306e-01   8.2256317e-03   8.4833171e-02   2.1873126e-02   2.4080754e-03   2.2013356e-03   9.9200111e-02   1.1071426e-03   5.9583981e-02   7.2701974e-02   1.7200048e-02   1.4579627e-03   1.2356252e-01   3.1471850e-02   9.1116532e-02
   9.3802651e-02   1.1229415e-01   1.2776633e-02   9.0505930e-03   4.2192616e-02   8.4403562e-02   9.9399354e-03   2.7805209e-02   1.1556496e-01   1.3070462e-01   1.0611011e-01   1.0000937e-02   6.3064674e-03   5.3696975e-03   2.4450076e-02   1.1374545e-01   1.6492795e-02   7.8989534e-02
   9.5874119e-02   8.9517599e-02   1.2085384e-01   3.4647892e-03   7.3456317e-03   4.8342628e-02   3.2731538e-02   6.2828248e-04   1.1408818e-02   8.5648208e-02   3.7108702e-02   1.0993487e-01   3.1056490e-03   1.0637760e-01   1.5970601e-02   1.0737049e-01   5.4428377e-02   6.9888262e-02
   9.9008651e-02   3.2213847e-02   5.7557209e-02   3.9873913e-03   1.1464475e-01   1.1644671e-01   5.5453328e-03   1.0658640e-01   2.8043001e-03   6.9029792e-03   1.1384410e-01   2.6341460e-02   8.2156427e-02   7.7721924e-03   1.1475389e-01   7.7198592e-02   2.6598595e-03   2.9575925e-02
   9.9046608e-02   1.7846715e-02   2.0133727e-02   6.0980081e-02   6.7667392e-02   1.2720452e-02   9.5157100e-02   3.6786784e-02   4.0675296e-02   1.3325849e-01   1.7019746e-03   1.0369635e-01   1.9306588e-03   2.3445055e-02   1.6175042e-02   2.6315539e-02   1.0915661e-01   1.3330613e-01
   1.0159809e-01   6.3501699e-02   2.0201687e-02   1.0533665e-01   3.5064855e-03   1.3500913e-01   9.5760657e-03   1.2466138e-01   1.2039158e-01   1.8434634e-02   3.2287601e-02   1.4388003e-02   5.5494884e-04   1.9931176e-02   4.4071948e-02   8.2507523e-02   4.1460712e-02   6.2580689e-02
   1.0309627e-01   1.2623092e-01   7.4473374e-02   1.4549864e-03   6.8001891e-02   3.6952056e-02   1.4465101e-01   2.0277953e-02   1.1024919e-02   9.2121198e-02   1.7744295e-02   5.8762757e-03   2.5810715e-02   1.1115608e-01   1.1151643e-01   5.1167698e-03   1.2634194e-02   3.1860675e-02
   1.0477020e-01   7.7457239e-02   3.1082282e-03   5.1496502e-02   8.9879256e-02   4.7805523e-02   8.5686798e-02   6.1618743e-03   3.9867979e-02   3.2714679e-02   1.2104987e-01   8.1291116e-02   6.2961290e-02   2.1903944e-02   1.2639406e-03   5.4311285e-02   9.3304070e-02   2.4966212e-02
   1.0501476e-01   2.2848571e-02   1.6893317e-02   1.0140458e-01   1.1041304e-01   1.2294729e-01   3.8784226e-02   1.0929070e-01   3.3416431e-03   1.0654781e-01   8.6942684e-02   2.9443293e-02   9.4707800e-03   9.4660736e-04   1.5008731e-02   7.0992425e-03   5.9376628e-02   5.4226095e-02
   1.0599832e-01   1.1533911e-01   1.0389067e-01   5.8239792e-02   1.1934709e-01   2.0849402e-03   5.4812346e-02   3.4874053e-02   2.1978819e-02   1.1267462e-01   2.8878692e-02   6.3317175e-02   1.9314620e-02   3.0919336e-03   3.6252047e-02   3.0322814e-02   6.9416307e-02   2.0166651e-02
   1.0630964e-01   8.5712717e-02   6.6137452e-03   4.3847731e-02   3.4920778e-02   2.0701212e-03   6.9320160e-03   1.1461130e-01   1.4068604e-02   1.7660384e-02   3.3880335e-02   2.9032186e-04   9.4726860e-02   4.0221079e-02   1.1461447e-01   4.5217249e-02   1.1557032e-01   1.2273233e-01
   1.0634206e-01   7.6968446e-02   1.8125596e-02   4.8239764e-03   3.6653482e-03   1.6974228e-01   5.4068387e-02   3.1242107e-02   2.9827269e-02   1.4057774e-01   1.2394167e-01   9.8889267e-02   1.0837704e-02   1.7060148e-02   2.2640711e-02   3.3472959e-02   4.0842015e-02   1.6932310e-02
   1.0699901e-01   6.6928669e-03   2.0330452e-02   2.6187333e-02   6.0749387e-02   1.2598787e-01   5.4018450e-02   1.2464603e-01   2.2310435e-02   7.9879033e-03   7.8305304e-02   2.5564543e-02   4.0642635e-02   5.2973797e-02   1.2512581e-02   4.8203291e-04   3.8087236e-02   1.9552214e-01
   1.0755359e-01   6.3894708e-02   4.4475963e-02   8.2130787e-02   5.6405634e-03   4.3485554e-03   8.4424446e-03   1.0218259e-01   1.0605872e-01   6.5553001e-04   9.9829996e-02   1.0865632e-02   1.0274098e-01   8.6760784e-02   7.5523525e-03   6.6828684e-02   5.3450145e-02   4.6587976e-02
   1.0841052e-01   3.6957322e-02   1.8599417e-02   1.0968057e-01   1.6208641e-02   3.8627369e-02   1.2276534e-02   1.0521041e-01   7.5411270e-02   4.8177206e-02   1.2030980e-01   1.2046647e-01   1.0105920e-02   1.9378345e-02   7.3991344e-04   3.5107471e-02   9.0871308e-03   1.1524569e-01
   1.0857551e-01   3.2469374e-02   3.4409954e-02   1.1129779e-01   7.6804378e-02   9.9748561e-02   6.0019991e-02   5.5561559e-03   7.3887696e-02   2.2065370e-02   4.7085797e-03   8.1802566e-03   7.1775789e-03   4.4541201e-02   7.0967649e-02   1.1454884e-01   1.1457061e-01   1.0470505e-02
   1.0893140e-01   7.9595137e-03   2.9637513e-03   1.5943166e-01   3.5300721e-02   4.3180925e-02   1.9924348e-02   2.7662803e-02   4.6912162e-02   2.0955955e-02   5.3490457e-02   1.8864735e-02   9.3795472e-02   4.6497377e-02   8.7115296e-02   3.2593828e-02   1.2485214e-01   6.9567455e-02
   1.0918219e-01   7.7241615e-02   1.9108152e-02   8.1538319e-02   1.1240026e-01   1.1715538e-02   1.2252423e-01   2.6735321e-02   2.4412708e-02   1.1400427e-01   4.9935855e-02   7.2582875e-03   3.3489971e-02   1.3256105e-01   1.3509235e-03   1.0710728e-02   5.6643109e-02   9.1874696e-03
   1.1124859e-01   5.5555272e-02   2.4852436e-02   4.6979869e-02   1.0839942e-01   2.3392531e-02   6.1334522e-03   2.1001899e-03   2.3769170e-02   6.6235790e-02   9.4147509e-02   1.6957300e-02   1.1293299e-02   1.3498985e-02   1.3620891e-01   1.0220268e-01   1.3364637e-02   1.4365995e-01
   1.1126170e-01   8.9288093e-03   9.4436947e-03   7.0112447e-04   3.2556584e-02   6.8049341e-02   5.2879404e-03   1.1485127e-01   1.4123565e-01   5.8720421e-03   1.3569105e-01   1.2632652e-01   2.3809169e-02   6.0732259e-02   1.4864612e-02   1.6811814e-02   7.6303522e-02   4.7272897e-02
   1.1152559e-01   2.0212028e-02   2.9708058e-02   1.2704920e-01   1.0076580e-01   3.8520833e-02   4.5623317e-02   3.6420117e-03   8.2625214e-02   7.8788764e-02   1.3999715e-02   5.8199107e-02   4.6051631e-03   2.1463910e-02   4.2599695e-02   1.8853520e-01   1.8618135e-03   3.0274585e-02
   1.1173584e-01   3.7074785e-02   1.9148163e-01   2.3417059e-02   1.2213663e-02   9.4583308e-02   1.1509670e-01   6.5452999e-02   2.7669205e-02   2.7772072e-03   2.5010862e-02   4.0207764e-02   2.8538237e-02   1.4833975e-03   1.2738681e-01   8.2813905e-02   2.0273967e-03   1.1029239e-02
   1.1199242e-01   2.8723223e-02   2.3808640e-02   1.6289668e-02   5.1813843e-03   7.6970722e-02   7.5018593e-04   2.9774908e-02   1.4170753e-02   4.5241740e-02   1.3860435e-01   1.3969660e-01   1.4070291e-01   2.0135274e-02   2.0086654e-02   2.8167673e-02   9.7612821e-02   6.2090074e-02
   1.1208793e-01   1.3028145e-02   9.8545512e-02   7.7343026e-02   3.0842831e-02   7.6209529e-02   3.1928037e-02   1.6162112e-02   2.5725982e-02   6.0305926e-02   5.0630096e-02   4.1180071e-02   2.9442811e-02   8.1138597e-02   1.1019166e-01   1.3492555e-02   2.5405464e-03   1.2920463e-01
   1.1209816e-01   1.4303646e-01   1.2071686e-01   4.0645120e-02   1.3998773e-02   6.8979624e-02   5.5290534e-03   2.6265271e-02   2.9388629e-03   1.1247007e-02   3.8008953e-02   3.8150233e-02   1.3771121e-01   2.7981890e-02   2.8192632e-03   3.3579172e-02   6.7986756e-02   1.0830734e-01
   1.1256961e-01   2.6747516e-02   1.3234187e-01   1.3267927e-01   5.5818752e-03   1.0075427e-01   4.5887227e-03   6.8436382e-02   4.5579373e-03   2.5252077e-02   1.0557842e-01   1.3348702e-01   5.5191724e-02   2.0678182e-02   1.0602944e-02   9.3374330e-03   2.2213775e-02   2.9400964e-02
   1.1276117e-01   3.9224025e-02   2.1496852e-02   1.0718010e-01   1.2813454e-02   4.7806344e-02   1.2161647e-01   1.2621041e-01   1.0732779e-02   8.3115109e-03   7.4876740e-03   2.8458361e-02   1.4838076e-02   6.6300157e-02   4.8167649e-03   1.2519517e-01   3.7525482e-02   1.0722519e-01
   1.1282853e-01   3.4107765e-04   8.9328164e-03   6.2792142e-02   1.6527885e-02   2.3324474e-03   2.6320025e-03   1.2936067e-01   1.6014942e-02   1.9459320e-03   8.6697922e-02   1.0837337e-01   1.0835273e-01   1.0702965e-01   1.0869328e-01   6.6193238e-02   4.8108977e-02   1.2842401e-02
   1.1301632e-01   9.4362526e-02   3.0294007e-03   6.3253558e-02   1.4243407e-02   3.9858371e-02   1.1909647e-01   1.2201714e-01   4.9004316e-02   6.1063225e-03   8.2996853e-04   8.8436357e-02   1.1560535e-01   8.6318251e-02   1.2371704e-02   8.5704234e-05   3.7762145e-02   3.4602692e-02
   1.1302646e-01   1.0298406e-01   6.7359330e-02   5.7066476e-02   1.9081616e-02   5.7313097e-02   1.3053398e-01   3.3591920e-02   1.4682768e-01   2.7415846e-03   3.3533035e-02   1.3025212e-01   2.2547014e-02   2.8981741e-04   4.8427919e-02   2.1319009e-02   1.1821387e-02   1.2834973e-03
   1.1375788e-01   7.1095118e-02   4.4035547e-03   8.7800867e-02   3.7830636e-02   3.3207970e-02   1.1547541e-02   2.3535798e-02   1.3434820e-01   6.2824392e-02   7.4252153e-02   1.0845937e-01   1.2916595e-01   7.3289767e-03   3.1464848e-03   3.0481370e-02   3.8872954e-02   2.7940787e-02
   1.1379484e-01   5.3524255e-03   3.8402685e-02   5.7356512e-02   1.3184744e-02   1.1841784e-02   4.4649180e-03   4.0053227e-03   1.6517816e-01   9.2040928e-03   7.3922866e-02   4.8044301e-02   6.7207672e-02   9.1691994e-04   8.7715276e-02   1.8508538e-01   9.8701238e-02   1.5620862e-02
   1.1476140e-01   8.4138188e-02   4.4404455e-03   4.8740654e-02   1.1710868e-01   2.6916586e-02   2.6704246e-02   1.3277732e-01   3.1353916e-02   1.9980484e-02   5.6883345e-02   2.2855122e-02   1.2453982e-01   5.5335512e-03   1.3754431e-02   9.5717332e-02   1.4346260e-03   7.2359856e-02
   1.1629186e-01   4.2439121e-02   5.3474295e-02   3.9241563e-02   3.0948138e-02   1.4960858e-02   1.3535406e-01   1.2724696e-02   1.2344615e-01   1.1916924e-01   6.3735472e-02   1.5437343e-02   1.8526141e-03   1.7683564e-02   6.8277357e-02   1.0015064e-02   1.2961990e-01   5.3286942e-03
   1.1651004e-01   1.6377202e-04   7.0916041e-03   7.2807915e-02   3.3889316e-02   1.0426493e-01   8.3681227e-02   7.8579330e-02   8.7976801e-03   7.5823209e-03   1.1993003e-01   6.3571465e-02   6.9869674e-03   6.4715327e-03   8.9746610e-02   8.1899301e-02   2.6530877e-02   9.1495091e-02
   1.1696959e-01   7.5337009e-03   1.7038450e-02   2.2837646e-02   3.9940637e-02   3.0086035e-02   1.2037252e-01   1.6538752e-02   1.1051404e-01   1.9575744e-03   8.2199699e-02   7.2955538e-02   4.7373823e-02   1.1791016e-01   5.5556856e-02   1.7576661e-02   2.6897174e-03   1.1994861e-01
   1.1797329e-01   3.9525962e-02   2.9005826e-02   2.8412874e-05   9.4744578e-02   2.9038779e-02   1.3378613e-02   1.0143685e-02   1.1081026e-01   4.0526030e-02   8.3806004e-03   1.0923131e-02   1.1968100e-01   6.1540921e-02   5.1059672e-02   1.3197927e-01   4.9557751e-02   8.1702221e-02
   1.1882503e-01   2.6501961e-03   5.8853480e-02   7.9425816e-02   4.2144616e-03   3.9308478e-02   2.0966350e-02   8.4518651e-02   1.7061351e-04   2.9077922e-02   7.2644985e-03   1.8773639e-02   1.2131155e-01   1.2582170e-01   7.1506148e-02   5.6877166e-02   4.6783531e-02   1.1365076e-01
   1.1975985e-01   4.7604652e-02   9.0823109e-03   1.1727111e-01   3.0619986e-02   2.1802800e-02   1.0656940e-01   7.3086638e-02   3.3692326e-02   9.5758279e-04   8.9494589e-02   2.5890219e-03   9.1570871e-03   1.1587737e-01   3.2032204e-02   3.4804167e-02   1.0458783e-01   5.1011073e-02
   1.1998163e-01   2.8311859e-02   1.1375320e-01   1.6865816e-02   3.1794659e-02   5.8613981e-03   3.9774543e-03   2.8027447e-02   1.3393650e-01   9.2362476e-03   6.9386102e-03   1.0065322e-01   4.9144785e-02   3.0598327e-02   7.4568523e-02   1.6555164e-02   1.1884673e-01   1.1094842e-01
   1.2077571e-01   1.1169078e-01   2.1715362e-03   2.8915573e-02   2.3522223e-02   8.6198029e-02   2.3765583e-02   4.8631800e-03   1.3365219e-01   2.8163187e-02   1.9329444e-02   1.5921001e-01   2.7633488e-02   1.2596932e-01   4.1406575e-02   6.7566495e-05   1.2416539e-02   5.0249071e-02
   1.2081052e-01   3.7407837e-03   2.6404020e-02   2.1059627e-02   9.9299838e-02   1.1308519e-01   2.9146527e-03   3.2110153e-02   5.0127789e-02   1.3097161e-01   1.0353171e-01   1.3393837e-02   9.7296849e-02   2.9335029e-02   2.5142972e-02   1.4162148e-02   9.0059978e-04   1.1571267e-01
   1.2216175e-01   2.4933471e-02   6.0548160e-02   2.9593733e-02   5.5671552e-03   1.5822319e-01   1.3800756e-03   1.1620944e-02   2.5925001e-02   1.2133045e-02   1.3665811e-01   6.1847714e-02   3.5634700e-02   8.2291570e-03   8.7087705e-02   7.9633870e-02   1.1330691e-01   2.5515315e-02
   1.2344595e-01   4.4188929e-03   5.8506267e-02   1.8070439e-02   9.4718981e-02   1.0036059e-01   1.0442920e-01   1.1538535e-01   2.2840703e-02   1.4855940e-02   1.3130982e-02   4.1202233e-02   4.7865935e-02   3.4948900e-02   1.0562137e-01   4.6442682e-03   1.7823794e-02   7.7730210e-02
   1.2414468e-01   3.5181059e-02   1.7885307e-02   1.2366409e-01   1.7410951e-02   2.6074254e-02   1.6240618e-02   4.0876053e-02   5.9173715e-02   5.9353083e-02   1.7331616e-02   2.1163592e-02   1.3278120e-02   1.3920859e-01   1.2512645e-01   1.1558988e-01   9.3764106e-03   3.8921531e-02
   1.2448037e-01   4.8892798e-03   6.8515584e-02   7.1014383e-02   9.5053013e-02   4.1056093e-02   2.4364015e-03   1.2350136e-01   9.7484503e-03   9.4722190e-02   9.3899435e-04   2.0064503e-03   1.0234159e-01   5.7919131e-02   1.5916579e-02   4.0028748e-02   1.1813861e-01   2.7292772e-02
   1.2631839e-01   4.8588105e-02   2.5522778e-02   6.7347818e-03   1.1684090e-01   9.0714867e-02   1.3562436e-01   4.1273306e-02   6.6348877e-02   8.1693208e-02   7.4996136e-03   4.9940101e-02   1.2854225e-02   1.3858521e-03   1.2940534e-02   5.7987459e-02   4.4456253e-02   7.3276386e-02
   1.2669981e-01   9.5691267e-02   6.3157434e-03   1.0437214e-02   1.2703207e-01   4.5351229e-03   4.9415387e-02   5.5640650e-02   1.4502868e-02   1.0142213e-01   3.1730525e-02   2.5416208e-02   5.0494943e-02   7.7499871e-03   2.9310773e-03   6.4858035e-03   1.4605310e-01   1.3744609e-01
   1.2704460e-01   1.5162631e-02   2.1053130e-02   2.5936721e-02   8.3924405e-02   5.3041514e-02   1.3395746e-01   2.8345017e-03   1.7709956e-02   7.7537255e-04   1.2660930e-01   1.3503319e-01   1.2740599e-02   1.3934096e-01   2.1840024e-03   5.2760451e-02   3.8588950e-02   1.1302263e-02
   1.2785458e-01   7.6868505e-03   4.1023348e-02   1.5873662e-01   6.4844466e-03   6.0265811e-02   7.6012974e-02   2.4875068e-03   1.5614388e-01   1.4192921e-01   1.8252093e-02   5.2507691e-02   2.3274389e-02   4.8103411e-02   2.2730016e-02   2.0883848e-02   1.4296163e-02   2.1327171e-02
   1.2800018e-01   1.2004952e-02   5.1641675e-02   1.5522395e-01   8.1272969e-02   7.2717571e-03   7.7590449e-02   2.3698438e-02   1.1006699e-01   2.7425823e-02   1.0417379e-01   2.3168645e-02   1.7838813e-02   3.4025303e-02   8.6949861e-03   8.3176751e-02   4.8751843e-02   5.9726848e-03
   1.2846745e-01   3.6156547e-02   7.9802684e-04   6.8657708e-02   1.2097590e-01   6.4094825e-02   5.0845290e-03   9.8803119e-02   7.2785695e-02   3.8383552e-02   1.2718443e-01   1.4552285e-02   1.9670967e-02   9.1609395e-03   1.2774270e-01   2.4365090e-03   6.2668354e-02   2.3764621e-03
   1.2886703e-01   2.1906126e-03   2.8196593e-02   1.0409406e-01   1.0494919e-02   1.1152941e-01   5.9595488e-02   5.9834938e-02   2.8845082e-02   9.8954713e-03   4.9985410e-02   1.2017516e-01   1.8026302e-02   6.2296157e-02   3.0323271e-03   6.1001210e-02   1.3416885e-01   7.7709809e-03
   1.2903080e-01   4.2710188e-02   1.5873856e-02   1.0567481e-01   9.6039010e-02   1.2313920e-01   1.9801108e-03   1.4029232e-01   7.4654771e-03   9.0804269e-03   3.5913412e-02   3.8149439e-02   2.1632490e-02   1.3858415e-01   1.7464208e-02   4.2775334e-02   1.5121554e-02   1.9073211e-02
   1.2998723e-01   4.1021725e-02   8.9341189e-02   5.1945540e-03   1.1405159e-02   4.9474647e-02   1.1877288e-01   1.4194280e-03   7.6403560e-02   9.5622584e-02   6.0827688e-02   7.1231071e-02   9.3328127e-02   8.5865177e-02   7.0459340e-03   4.7286709e-02   1.4842670e-02   9.2966555e-04
   1.3066639e-01   8.6265423e-02   4.7766318e-02   1.1832719e-01   1.0805596e-01   2.1274792e-02   2.0388494e-02   1.6165005e-02   1.2693274e-01   7.6920771e-02   1.5643716e-03   1.5247059e-02   7.5086504e-03   1.1454963e-02   1.1016804e-02   4.1454973e-03   7.2784335e-02   1.2351523e-01
   1.3336465e-01   1.7902375e-02   6.1250504e-03   2.2344289e-02   1.2469695e-01   3.0200722e-03   2.5051734e-02   2.1338483e-02   4.9474573e-02   3.3074133e-02   1.1437959e-01   7.7638214e-02   7.6820536e-02   1.2751887e-01   3.9327207e-02   4.5592034e-03   1.1831284e-01   5.0512195e-03
   1.3432759e-01   1.5531681e-02   1.4933610e-03   4.5824125e-02   4.0373196e-02   5.3476860e-02   1.7802452e-02   5.3273806e-03   3.7988433e-02   2.9892229e-02   1.1737726e-01   1.4109182e-02   1.0580210e-01   1.0160482e-01   1.2327005e-01   1.1771395e-01   1.2952359e-02   2.5132963e-02
   1.3459672e-01   9.7599219e-02   3.7381212e-02   4.4794895e-02   4.0298391e-03   7.7849590e-02   1.2180224e-01   1.3199196e-01   2.1842970e-02   1.1893979e-02   5.5064906e-02   1.3864538e-02   3.7827525e-02   7.5139125e-03   1.2185917e-01   5.7396896e-02   7.1833243e-03   1.5507111e-02
   1.3555341e-01   2.1303059e-02   5.7354786e-02   1.3956758e-02   1.0732801e-02   1.2871972e-01   5.5577739e-02   1.4472604e-01   3.9582815e-03   5.1176040e-02   4.1602603e-02   4.5018393e-02   1.3961807e-01   2.7242975e-02   2.5022750e-02   4.2347841e-02   2.6530005e-02   2.9558734e-02
   1.4036325e-01   1.3505737e-01   4.3182506e-03   5.6500487e-03   1.2088935e-02   6.0263751e-02   8.9309138e-03   2.3655261e-02   1.6199483e-02   6.5260131e-02   5.4477231e-02   8.8353518e-02   1.4688744e-02   1.5499673e-02   5.5191545e-02   7.5058408e-02   7.4653383e-02   1.5029010e-01
   1.4036533e-01   8.9695482e-02   7.9268794e-02   5.4079011e-03   2.1380102e-02   2.3254516e-02   1.1188576e-02   1.0957480e-01   8.2337343e-02   5.7136774e-03   1.3222678e-02   4.1254425e-02   4.9260256e-02   7.8955035e-03   2.8924988e-02   1.2105781e-01   1.3506094e-01   3.5136883e-02
   1.4122357e-01   6.3241506e-03   1.0420488e-02   2.7591381e-02   5.6470841e-02   5.6945265e-02   4.2004603e-02   1.7798192e-04   3.5465945e-02   1.6795564e-01   8.3958790e-02   2.1629547e-02   9.1717275e-03   3.4309243e-03   1.6452002e-01   8.1553092e-02   6.4525680e-02   2.6630353e-02
   1.4416731e-01   1.4748638e-01   9.0306150e-02   8.7286561e-03   2.2957866e-02   1.1301557e-02   5.0868413e-02   1.3188981e-01   3.1290406e-02   8.1596145e-03   1.2115707e-01   4.5271689e-02   4.0779727e-02   5.0163108e-03   1.4239323e-02   1.3819773e-02   1.1198741e-02   1.0136120e-01
   1.4645972e-01   9.6562630e-03   4.7767712e-03   1.3681947e-01   5.5185599e-02   5.7313997e-03   6.1866663e-02   2.1088962e-02   6.7175606e-03   3.7785527e-04   3.7960845e-02   9.4560114e-02   6.7575997e-02   2.6737642e-02   3.1937299e-02   1.6388561e-01   3.0317406e-04   1.2835906e-01
   1.5172610e-01   3.8982556e-02   1.5681328e-01   2.7889441e-02   2.0488592e-02   3.1827983e-02   1.1270278e-01   3.7651953e-02   6.1374895e-03   6.9591675e-03   8.4792035e-03   1.5625606e-01   1.5489831e-01   1.1473056e-02   2.1649514e-02   1.6462084e-02   3.6412361e-03   3.5961202e-02
   1.5485690e-01   1.6531766e-02   1.1965146e-01   5.4502573e-02   1.9780491e-02   1.3704681e-02   6.4332770e-02   1.7860984e-03   3.2014582e-03   1.5383543e-01   7.2076499e-02   1.0073508e-02   1.3209114e-01   3.5972551e-02   2.5760782e-03   1.1274757e-01   2.6776462e-02   5.5025551e-03
   1.6256907e-01   1.4762638e-03   2.8093650e-02   1.8446558e-01   8.4528716e-02   5.9032404e-03   1.1336999e-01   7.6610007e-02   3.3919266e-02   6.3634907e-02   3.0925523e-02   6.6645741e-02   5.5249602e-02   5.1370095e-02   1.8952788e-02   4.0700887e-03   1.3425392e-02   4.7900825e-03
   1.6325516e-01   3.0352563e-02   3.0794421e-02   6.1132761e-02   1.6421950e-01   1.1387455e-02   4.5181789e-02   1.1754070e-01   2.4229972e-02   1.8723745e-02   4.9633397e-03   5.8284393e-02   4.7216377e-02   2.3475361e-03   9.1695851e-02   1.8264370e-02   1.0553566e-01   4.8744036e-03
   1.6514675e-01   1.2900755e-02   2.8551398e-02   9.1354357e-03   4.8652009e-03   8.0503335e-02   4.7494317e-02   1.1720894e-01   7.6943299e-03   6.5329210e-02   7.5246379e-02   2.4171087e-02   4.8217103e-02   1.7011869e-02   6.8196152e-02   8.4581383e-02   1.2963404e-01   1.4112308e-02
   1.7214131e-01   2.7915933e-03   6.9497838e-02   3.1875720e-02   8.3373409e-04   1.0157588e-02   4.1686234e-02   1.1049830e-01   1.1733699e-01   2.0961074e-02   7.7600297e-03   1.7701763e-02   1.2696007e-01   1.7166039e-01   6.5903868e-03   3.0287104e-03   8.6578247e-02   1.9400223e-03
   1.7893101e-01   1.6194832e-02   1.3508910e-02   9.3518721e-02   7.8667858e-02   1.3395446e-02   1.3136180e-02   2.2191221e-02   5.1816932e-02   1.6829471e-01   2.7156752e-02   1.5242250e-02   5.7408206e-02   3.5589414e-03   6.4413365e-03   2.0878595e-02   5.1799145e-02   1.6785896e-01
   1.8958715e-01   3.0028294e-02   1.0602309e-01   4.5013898e-02   5.3705670e-02   2.6729091e-02   4.4859072e-02   2.1087030e-03   1.1727083e-01   1.6537633e-02   4.4131313e-03   9.0844381e-03   8.4736174e-03   1.2124353e-01   6.8906171e-02   8.9264734e-03   6.2542073e-02   8.4547124e-02
   1.0000000e+00   0.0000000e+00   0.0000000e+00   0.0000000e+00   0.0000000e+00   0.0000000e+00   0.0000000e+00   0.0000000e+00   0.0000000e+00   0.0000000e+00   0.0000000e+00   0.0000000e+00   0.0000000e+00   0.0000000e+00   0.0000000e+00   0.0000000e+00   0.0000000e+00   0.0000000e+00
