   0.0000000e+00   0.0000000e+00   0.0000000e+00   0.0000000e+00   0.0000000e+00   0.0000000e+00   0.0000000e+00   0.0000000e+00   0.0000000e+00   0.0000000e+00   0.0000000e+00   0.0000000e+00   0.0000000e+00   0.0000000e+00   0.0000000e+00   0.0000000e+00   0.0000000e+00   0.0000000e+00   1.0000000e+00
   0.0000000e+00   0.0000000e+00   0.0000000e+00   0.0000000e+00   0.0000000e+00   0.0000000e+00   0.0000000e+00   0.0000000e+00   0.0000000e+00   0.0000000e+00   0.0000000e+00   0.0000000e+00   0.0000000e+00   0.0000000e+00   0.0000000e+00   0.0000000e+00   0.0000000e+00   1.0000000e+00   0.0000000e+00
   0.0000000e+00   0.0000000e+00   0.0000000e+00   0.0000000e+00   0.0000000e+00   0.0000000e+00   0.0000000e+00   0.0000000e+00   0.0000000e+00   0.0000000e+00   0.0000000e+00   0.0000000e+00   0.0000000e+00   0.0000000e+00   0.0000000e+00   0.0000000e+00   1.0000000e+00   0.0000000e+00   0.0000000e+00
   0.0000000e+00   0.0000000e+00   0.0000000e+00   0.0000000e+00   0.0000000e+00   0.0000000e+00   0.0000000e+00   0.0000000e+00   0.0000000e+00   0.0000000e+00   0.0000000e+00   0.0000000e+00   0.0000000e+00   0.0000000e+00   0.0000000e+00   1.0000000e+00   0.0000000e+00   0.0000000e+00   0.0000000e+00
   0.0000000e+00   0.0000000e+00   0.0000000e+00   0.0000000e+00   0.0000000e+00   0.0000000e+00   0.0000000e+00   0.0000000e+00   0.0000000e+00   0.0000000e+00   0.0000000e+00   0.0000000e+00   0.0000000e+00   0.0000000e+00   1.0000000e+00   0.0000000e+00   0.0000000e+00   0.0000000e+00   0.0000000e+00
   0.0000000e+00   0.0000000e+00   0.0000000e+00   0.0000000e+00   0.0000000e+00   0.0000000e+00   0.0000000e+00   0.0000000e+00   0.0000000e+00   0.0000000e+00   0.0000000e+00   0.0000000e+00   0.0000000e+00   1.0000000e+00   0.0000000e+00   0.0000000e+00   0.0000000e+00   0.0000000e+00   0.0000000e+00
   0.0000000e+00   0.0000000e+00   0.0000000e+00   0.0000000e+00   0.0000000e+00   0.0000000e+00   0.0000000e+00   0.0000000e+00   0.0000000e+00   0.0000000e+00   0.0000000e+00   0.0000000e+00   1.0000000e+00   0.0000000e+00   0.0000000e+00   0.0000000e+00   0.0000000e+00   0.0000000e+00   0.0000000e+00
   0.0000000e+00   0.0000000e+00   0.0000000e+00   0.0000000e+00   0.0000000e+00   0.0000000e+00   0.0000000e+00   0.0000000e+00   0.0000000e+00   0.0000000e+00   0.0000000e+00   1.0000000e+00   0.0000000e+00   0.0000000e+00   0.0000000e+00   0.0000000e+00   0.0000000e+00   0.0000000e+00   0.0000000e+00
   0.0000000e+00   0.0000000e+00   0.0000000e+00   0.0000000e+00   0.0000000e+00   0.0000000e+00   0.0000000e+00   0.0000000e+00   0.0000000e+00   0.0000000e+00   1.0000000e+00   0.0000000e+00   0.0000000e+00   0.0000000e+00   0.0000000e+00   0.0000000e+00   0.0000000e+00   0.0000000e+00   0.0000000e+00
   0.0000000e+00   0.0000000e+00   0.0000000e+00   0.0000000e+00   0.0000000e+00   0.0000000e+00   0.0000000e+00   0.0000000e+00   0.0000000e+00   1.0000000e+00   0.0000000e+00   0.0000000e+00   0.0000000e+00   0.0000000e+00   0.0000000e+00   0.0000000e+00   0.0000000e+00   0.0000000e+00   0.0000000e+00
   0.0000000e+00   0.0000000e+00   0.0000000e+00   0.0000000e+00   0.0000000e+00   0.0000000e+00   0.0000000e+00   0.0000000e+00   1.0000000e+00   0.0000000e+00   0.0000000e+00   0.0000000e+00   0.0000000e+00   0.0000000e+00   0.0000000e+00   0.0000000e+00   0.0000000e+00   0.0000000e+00   0.0000000e+00
   0.0000000e+00   0.0000000e+00   0.0000000e+00   0.0000000e+00   0.0000000e+00   0.0000000e+00   0.0000000e+00   1.0000000e+00   0.0000000e+00   0.0000000e+00   0.0000000e+00   0.0000000e+00   0.0000000e+00   0.0000000e+00   0.0000000e+00   0.0000000e+00   0.0000000e+00   0.0000000e+00   0.0000000e+00
   0.0000000e+00   0.0000000e+00   0.0000000e+00   0.0000000e+00   0.0000000e+00   0.0000000e+00   1.0000000e+00   0.0000000e+00   0.0000000e+00   0.0000000e+00   0.0000000e+00   0.0000000e+00   0.0000000e+00   0.0000000e+00   0.0000000e+00   0.0000000e+00   0.0000000e+00   0.0000000e+00   0.0000000e+00
   0.0000000e+00   0.0000000e+00   0.0000000e+00   0.0000000e+00   0.0000000e+00   1.0000000e+00   0.0000000e+00   0.0000000e+00   0.0000000e+00   0.0000000e+00   0.0000000e+00   0.0000000e+00   0.0000000e+00   0.0000000e+00   0.0000000e+00   0.0000000e+00   0.0000000e+00   0.0000000e+00   0.0000000e+00
   0.0000000e+00   0.0000000e+00   0.0000000e+00   0.0000000e+00   1.0000000e+00   0.0000000e+00   0.0000000e+00   0.0000000e+00   0.0000000e+00   0.0000000e+00   0.0000000e+00   0.0000000e+00   0.0000000e+00   0.0000000e+00   0.0000000e+00   0.0000000e+00   0.0000000e+00   0.0000000e+00   0.0000000e+00
   0.0000000e+00   0.0000000e+00   0.0000000e+00   1.0000000e+00   0.0000000e+00   0.0000000e+00   0.0000000e+00   0.0000000e+00   0.0000000e+00   0.0000000e+00   0.0000000e+00   0.0000000e+00   0.0000000e+00   0.0000000e+00   0.0000000e+00   0.0000000e+00   0.0000000e+00   0.0000000e+00   0.0000000e+00
   0.0000000e+00   0.0000000e+00   1.0000000e+00   0.0000000e+00   0.0000000e+00   0.0000000e+00   0.0000000e+00   0.0000000e+00   0.0000000e+00   0.0000000e+00   0.0000000e+00   0.0000000e+00   0.0000000e+00   0.0000000e+00   0.0000000e+00   0.0000000e+00   0.0000000e+00   0.0000000e+00   0.0000000e+00
   0.0000000e+00   1.0000000e+00   0.0000000e+00   0.0000000e+00   0.0000000e+00   0.0000000e+00   0.0000000e+00   0.0000000e+00   0.0000000e+00   0.0000000e+00   0.0000000e+00   0.0000000e+00   0.0000000e+00   0.0000000e+00   0.0000000e+00   0.0000000e+00   0.0000000e+00   0.0000000e+00   0.0000000e+00
   2.1627428e-04   8.5762160e-02   2.4429391e-02   2.5194082e-02   1.4429876e-01   2.3307124e-02   1.0114172e-01   4.4645772e-02   1.0464454e-03   1.2249327e-01   1.4981395e-01   8.1222004e-02   5.0275113e-03   1.3939741e-02   1.0654624e-01   5.1580850e-03   1.3240415e-02   1.2664225e-02   3.9852826e-02
   2.1747892e-04   9.3696819e-02   2.7231147e-02   1.6760189e-02   1.2463015e-01   7.4896005e-02   4.0597695e-02   8.4366391e-02   3.3868583e-04   1.5820300e-03   2.3665694e-02   1.1573106e-01   6.2217657e-02   5.5326580e-04   8.9511017e-02   2.4141664e-02   1.5551564e-02   1.0054359e-01   1.0376790e-01
   3.8436462e-04   3.6270098e-02   1.2746610e-02   1.3768607e-02   9.7814417e-02   1.3051340e-01   1.1487214e-01   7.1168791e-03   1.2365563e-01   9.5409751e-02   1.8841465e-02   1.0097273e-03   2.9983615e-02   1.4177369e-01   3.3789600e-02   1.2410956e-02   2.1537721e-02   4.0500085e-02   6.7601242e-02
   7.4000277e-04   1.5445606e-01   8.5087829e-02   8.1227562e-02   2.6926945e-02   4.0324308e-02   2.2454162e-03   1.0963175e-03   2.4582903e-02   4.7876453e-02   5.5948156e-02   1.5133250e-01   2.1175701e-02   5.4815797e-03   8.6639918e-03   8.1888765e-03   1.5252566e-01   5.1467022e-02   8.0652718e-02
   8.2617947e-04   1.3455340e-02   1.7361057e-02   1.0570214e-01   1.2669364e-03   1.4412346e-02   7.9343713e-04   1.0144024e-01   1.0941732e-01   6.7070614e-02   3.4993225e-02   8.4250401e-02   1.1250704e-01   9.5933708e-03   1.1306622e-01   1.0518905e-01   6.3636863e-02   3.5987519e-02   9.0306973e-03
   8.3146207e-04   1.5379524e-02   5.5965560e-02   3.7405564e-02   6.7710020e-02   4.3945300e-04   6.9986813e-02   6.0686600e-02   1.3050853e-01   9.0459913e-03   8.1963305e-02   8.4606794e-02   1.5331563e-02   1.2062628e-01   8.6026779e-03   3.6117061e-03   1.3652872e-01   2.2598132e-02   7.8171294e-02
   1.0045813e-03   5.5976983e-03   9.1561569e-03   1.5804249e-02   1.7692752e-02   1.1547732e-01   4.3199422e-02   7.8869164e-02   1.0942702e-01   2.9349949e-02   4.0641993e-03   1.1175099e-01   7.0818248e-02   3.4332431e-02   1.0476461e-01   7.2411460e-02   1.1605477e-01   2.7930129e-02   3.2294853e-02
   1.2270509e-03   4.1947024e-03   1.0333132e-01   1.1741372e-01   2.6356871e-02   1.1613740e-01   8.9917669e-02   1.2749431e-03   1.1952113e-01   1.1275499e-01   1.4557763e-07   1.5387573e-02   2.4454130e-02   7.0585266e-02   2.6657868e-03   1.0432835e-01   3.6618484e-02   2.7131874e-02   2.6698591e-02
   1.2278592e-03   1.6287018e-02   4.9295035e-02   5.5171438e-02   1.0595051e-01   5.4190828e-04   1.4047149e-02   6.2251961e-02   1.6556038e-02   1.0194534e-01   1.4089534e-01   1.0133723e-03   7.1398441e-02   7.1671364e-02   1.2562950e-01   1.0345938e-01   4.3593541e-03   4.1465089e-02   1.6833896e-02
   1.2975008e-03   1.2732030e-01   8.2499322e-02   8.7561850e-03   5.9766166e-03   6.1058105e-04   1.1678468e-02   4.1325254e-02   8.9103161e-02   1.2971890e-01   2.7295632e-02   5.6921267e-02   1.0556380e-01   5.3457306e-02   1.0229878e-01   5.1965566e-02   8.6107366e-02   1.1770108e-02   6.3338885e-03
   1.5399505e-03   8.8908396e-02   7.7217500e-02   2.8590759e-02   5.6996570e-02   2.6700263e-02   1.1096201e-02   1.1645018e-02   1.0024976e-02   5.8201942e-02   3.5247609e-03   5.6670626e-02   3.9394478e-02   1.7918752e-02   3.0644798e-02   1.3912362e-01   1.4281184e-01   5.5207360e-02   1.4378218e-01
   1.6784984e-03   1.0964471e-01   8.7540033e-02   9.0071407e-02   1.1400726e-01   2.6808068e-02   8.1205131e-02   3.7740688e-02   8.3615047e-03   1.5586720e-02   5.0813631e-02   5.5980940e-02   1.0576591e-01   1.5361929e-03   1.7366113e-02   1.4620431e-02   1.0753139e-01   2.2278468e-02   5.1462895e-02
   1.9644771e-03   1.6095103e-02   5.0815218e-02   1.2927072e-01   4.0637333e-02   1.4631935e-02   6.4835319e-02   2.0738130e-02   9.5979228e-03   1.6866396e-03   1.0924873e-01   3.7712023e-02   7.7911711e-02   2.9093426e-03   1.3249014e-01   9.3901799e-02   4.7401532e-02   7.0781500e-02   7.7370419e-02
   2.0735151e-03   3.4439134e-05   1.0692859e-01   9.3753321e-02   6.6208894e-02   1.4835683e-02   5.9843952e-02   5.5437595e-03   1.1654545e-01   1.1402065e-01   2.0636392e-02   2.1066161e-02   5.3734355e-02   2.3119872e-03   1.1189310e-01   4.0364871e-03   1.0566076e-01   9.9881049e-02   9.9146254e-04
   2.5189995e-03   1.4845095e-02   3.4471072e-02   6.8080891e-02   1.2369585e-01   2.6724728e-02   1.2827033e-01   1.1664458e-01   9.5651605e-02   4.4441275e-02   5.6436473e-02   3.7565054e-02   2.7133524e-03   2.1265507e-02   2.6196276e-02   1.8818820e-02   9.6654687e-02   6.3593959e-02   2.1411449e-02
   2.5304834e-03   1.1040608e-01   3.3858738e-02   1.0565437e-02   1.2792239e-01   4.2197635e-02   2.9054271e-02   5.2946983e-02   2.5625397e-02   1.0434645e-01   1.2325418e-01   2.2802427e-02   3.3641747e-02   1.4574368e-01   2.4719736e-03   2.9565043e-03   1.1640792e-01   6.5998544e-03   6.6678393e-03
   2.7104352e-03   1.3807724e-01   5.6654897e-02   3.3565516e-02   5.4134634e-02   5.6293721e-04   5.2857880e-02   1.2370285e-02   2.0043169e-02   6.0331746e-02   2.4316941e-02   7.9457029e-03   1.3494898e-01   1.6850456e-02   1.0242687e-02   1.0581950e-01   6.5545309e-02   1.1541055e-01   8.7611138e-02
   2.7337051e-03   6.9576509e-02   9.3220178e-02   2.7557144e-02   5.0422386e-02   1.0891359e-01   8.2958566e-03   8.7364683e-02   2.8238886e-02   8.6058760e-02   2.0117263e-02   3.9340743e-03   1.1884371e-01   9.9925623e-02   4.8829498e-03   1.1709838e-01   1.7847675e-02   2.9192177e-02   2.5776442e-02
   2.7346702e-03   1.0817972e-01   3.1823719e-02   3.9024879e-04   8.1087251e-02   5.8214315e-03   1.0018680e-01   3.5394958e-03   1.0814979e-01   2.4457952e-02   5.0361115e-03   9.6694808e-02   1.7620942e-02   9.4920893e-02   8.5720765e-03   9.1082080e-02   9.7149582e-02   2.8555104e-02   9.3997330e-02
   2.8205978e-03   9.9193971e-02   1.1452939e-01   6.2210031e-02   7.6546052e-02   5.0182556e-03   2.8633818e-02   1.0847963e-01   4.7740631e-02   9.1289620e-02   5.1689010e-02   1.6951921e-02   4.4344136e-02   2.6103206e-02   8.0388636e-03   9.7045964e-02   9.5813548e-02   8.5397319e-03   1.5011623e-02
   3.5271143e-03   1.8944113e-02   4.2997797e-02   1.0921737e-01   1.1715291e-03   3.6147105e-02   1.1166828e-01   1.3001040e-01   7.5168086e-02   7.5567454e-02   2.1329719e-02   8.9046369e-03   3.1178879e-03   1.2685551e-02   1.1256865e-01   6.4994224e-02   1.3543147e-01   1.4415640e-02   2.2132971e-02
   3.5380581e-03   1.0435225e-01   9.8434053e-02   3.3240875e-03   3.5730555e-02   2.4987661e-02   1.0234554e-01   8.8811473e-02   3.8709276e-02   9.9338070e-02   4.6606906e-02   1.1317614e-01   1.9053766e-02   2.0329525e-02   3.7505461e-02   1.7645966e-02   1.0711175e-02   1.1052082e-01   2.4879217e-02
   3.6182304e-03   2.6295153e-02   6.1895897e-02   7.9622069e-02   2.7070008e-02   3.6766523e-02   1.2322221e-01   2.1488123e-02   7.9363271e-03   1.5493472e-01   3.1763336e-02   1.1597674e-01   1.0649765e-01   2.6457720e-03   5.7206853e-02   1.9066914e-02   2.0033053e-02   1.0347064e-01   4.8978723e-04
   4.4449889e-03   4.3248678e-02   3.6026487e-02   1.2993056e-01   3.7378735e-02   4.6046800e-02   6.1129084e-03   2.1329516e-02   9.9425392e-03   1.1190693e-01   1.1498386e-01   6.6979196e-03   2.8151520e-02   2.4916724e-02   1.2713767e-01   4.6663117e-02   3.4410204e-03   7.1288852e-02   1.3035118e-01
   4.4987367e-03   8.5179741e-03   1.1176860e-01   1.0579021e-01   1.9231379e-02   7.6160615e-02   1.3319858e-02   1.1389941e-01   8.2905119e-02   6.2658709e-02   1.0960977e-01   4.3524281e-03   9.1097936e-02   7.2680566e-03   6.9447852e-02   5.8101945e-03   2.7329241e-02   1.2560120e-04   8.6208317e-02
   4.5893477e-03   2.4467488e-02   2.1786339e-03   8.9447073e-02   6.5920188e-02   7.6375229e-02   4.8022980e-02   1.5379961e-02   1.2478808e-01   1.0278314e-02   9.0264900e-02   1.5503889e-02   6.1234259e-02   2.3461251e-02   1.2295977e-01   3.1146905e-02   9.5746560e-02   5.8467114e-02   3.9768048e-02
   4.6878159e-03   3.4219769e-02   4.0302301e-02   1.2681148e-01   1.2423826e-01   9.2950976e-04   1.7878368e-02   1.2269186e-01   1.1430354e-01   2.0081658e-02   8.3457120e-03   1.8790732e-02   3.8098260e-02   5.5949494e-02   2.0811808e-02   3.2209757e-02   4.4326436e-02   7.1633189e-02   1.0369005e-01
   4.7773069e-03   9.5264507e-02   1.1578237e-01   5.9777794e-02   5.3318190e-02   2.3933821e-02   1.2490403e-01   9.2963415e-03   7.3188717e-02   2.5806161e-02   1.1681508e-01   4.8204943e-02   9.1004490e-03   1.3794453e-01   1.4310579e-02   2.0457996e-02   1.6035815e-02   7.5391078e-03   4.3542257e-02
   5.0178743e-03   1.1747358e-01   4.6691931e-02   1.2285887e-01   1.1717293e-01   7.2549552e-02   6.7871129e-02   8.7157094e-02   1.9239643e-02   3.4033185e-02   1.4197052e-03   1.4192986e-02   5.7837107e-03   8.1836223e-02   2.7638923e-03   1.2120661e-01   3.8867639e-02   1.5633698e-02   2.8229753e-02
   5.0431729e-03   2.4852864e-02   1.1767722e-01   4.1109631e-03   1.9165800e-02   1.2006533e-01   1.1469653e-02   1.2813280e-01   7.9570529e-02   5.9053287e-03   3.5514369e-02   8.5836725e-04   1.0818910e-01   1.2711784e-02   3.7810953e-02   2.4836872e-02   1.5644468e-01   7.4892871e-02   3.2747348e-02
   5.2212899e-03   3.5165816e-02   4.7966164e-02   1.0696793e-01   1.1638347e-03   1.3032126e-01   8.0128742e-02   1.3231221e-02   2.4679472e-02   1.2180920e-02   8.7486307e-02   7.8039444e-02   1.2321804e-01   8.7145266e-02   4.2322034e-02   8.3994166e-02   4.5149468e-04   3.3516145e-02   6.8004433e-03
   5.2294270e-03   6.0156777e-02   1.0452964e-01   1.2280865e-01   3.0073127e-03   6.2934296e-03   7.5494360e-02   4.5030200e-02   2.4450989e-03   8.4622503e-02   3.4490418e-02   2.2231968e-03   1.0213914e-01   1.2196634e-01   3.6081071e-02   7.6667424e-02   3.2558082e-02   7.2296496e-02   1.1960434e-02
   5.2826884e-03   1.3454985e-01   2.4752648e-02   7.8236709e-02   1.5005240e-02   6.3254739e-03   6.8210288e-03   6.4513160e-03   1.2561859e-01   8.9649704e-02   1.0211706e-03   3.4451257e-02   3.5027306e-03   1.3706734e-01   9.2538381e-02   2.3560353e-02   4.1917517e-02   8.6958686e-02   8.6289309e-02
   5.3034203e-03   5.7970489e-03   1.0011328e-01   4.6942051e-02   6.5137918e-03   6.9993190e-02   3.4714865e-02   4.3762915e-02   2.3596681e-02   3.5853590e-02   8.1346694e-02   8.5984589e-02   1.0964649e-02   1.0906097e-01   1.0907328e-01   3.3346647e-02   3.5797270e-02   1.0430460e-01   5.7530469e-02
   5.3863597e-03   7.0607209e-03   2.8815793e-02   1.0458839e-01   1.1616098e-01   7.9289731e-02   1.8635703e-02   1.2759070e-01   1.8398729e-02   3.1537308e-02   5.4171100e-02   7.8543515e-02   7.6981951e-02   6.1189734e-02   8.0195183e-02   5.6085102e-02   3.5914850e-02   7.6175298e-03   1.1836621e-02
   5.5548807e-03   1.6874872e-01   1.1317199e-01   1.2089933e-01   2.4811349e-02   4.8666475e-02   1.6851875e-01   8.2349230e-02   1.3578519e-02   6.6423914e-03   1.2902565e-03   2.7357174e-02   7.7073824e-02   1.1300773e-02   2.1212189e-02   6.6283954e-02   4.9381198e-03   2.6537781e-02   1.1064293e-02
   5.7388736e-03   1.4628455e-02   5.8638969e-03   4.4695440e-02   4.7027374e-02   2.7974651e-02   6.0076052e-02   3.8241633e-02   9.2348543e-02   3.4518160e-02   1.0339590e-02   1.6322473e-01   6.8303088e-02   4.8623887e-02   5.2850909e-02   1.4979004e-02   1.7615498e-02   1.5605692e-01   9.6893295e-02
   6.4197216e-03   1.3167158e-01   3.4278324e-02   3.4247889e-02   6.1420887e-03   1.0912177e-01   3.8450441e-02   1.7707768e-02   4.8068099e-02   3.0560101e-02   1.2380582e-01   3.3675896e-03   1.4888525e-01   7.8574832e-03   1.3893662e-01   4.0386125e-03   4.3915432e-02   4.6521010e-02   2.6004391e-02
   6.5849508e-03   1.9286330e-02   5.3672002e-02   4.9288610e-03   1.8581974e-02   3.2912845e-02   7.5895329e-03   7.9874840e-02   2.5398917e-02   1.5654482e-01   1.5545861e-01   8.5140769e-02   1.1796223e-01   1.7617546e-03   3.3902509e-02   5.1511721e-02   1.9806866e-02   1.1200659e-01   1.7073881e-02
   6.7067532e-03   1.1172859e-01   1.5002214e-01   1.4075836e-01   9.4365609e-03   2.2123211e-02   2.6494258e-03   3.7288010e-02   1.2384450e-01   2.1713645e-02   2.9689156e-02   2.0056222e-02   1.2900294e-02   6.7373139e-02   6.3171003e-02   7.8131571e-03   7.3298173e-02   9.0392308e-03   9.0388428e-02
   6.8172688e-03   3.6870234e-02   1.2982610e-01   6.4311582e-03   5.0718682e-02   1.2016696e-01   1.0006680e-02   7.9549035e-03   2.6352545e-02   1.0423811e-01   3.2826061e-02   1.9128879e-02   8.3967790e-02   2.3643633e-03   1.3551288e-02   2.3497837e-02   9.2393041e-02   1.2786865e-01   1.0501946e-01
   7.0147565e-03   4.0510631e-03   2.1951675e-02   1.4637320e-01   1.8383168e-02   2.0850720e-02   1.0934366e-01   8.9153824e-02   1.3367027e-01   9.1955906e-02   8.6954919e-02   2.6373777e-04   5.7018979e-03   4.0905651e-02   3.3473857e-02   1.5188973e-01   9.1342024e-03   1.9141497e-02   9.7862590e-03
   7.2170281e-03   2.8592716e-02   1.0643923e-02   9.6880088e-02   1.4890909e-01   1.1666301e-01   9.5697511e-03   1.9141980e-02   8.0890917e-02   1.3491306e-01   4.3362209e-02   7.3320691e-02   1.4787621e-02   3.3735638e-02   8.7463658e-02   3.2499290e-02   9.5613198e-03   3.2220512e-02   1.9627503e-02
   7.2178679e-03   7.4300841e-02   1.1244704e-01   1.4155504e-01   7.8548667e-02   5.2959012e-02   9.2449414e-02   2.6111551e-02   2.5192376e-03   6.7819985e-02   1.5485304e-02   8.9634107e-02   6.0330420e-03   2.1188171e-02   3.7867988e-03   7.6822534e-02   7.9352946e-02   4.9858736e-02   1.9097111e-03
   7.6377048e-03   1.2259262e-01   3.3288552e-03   1.5586048e-02   1.2557593e-01   1.0599816e-01   1.7296013e-02   1.0389612e-02   3.5225740e-02   6.6643325e-02   1.3587603e-02   7.1499876e-02   6.4154580e-03   7.6932440e-02   2.6935783e-02   1.3282904e-01   3.8617745e-02   1.1704175e-01   5.8663101e-03
   7.7112630e-03   9.6183470e-02   6.4710066e-02   3.5916750e-02   3.3333547e-03   1.6768817e-02   5.5319580e-02   3.3068212e-03   4.8771617e-02   6.9086950e-02   5.6224904e-02   4.4484987e-02   5.6928891e-02   9.0546955e-02   1.0235840e-01   1.0761078e-01   3.5673700e-02   5.2537271e-03   9.9808963e-02
   7.9668387e-03   2.1065690e-03   6.5970190e-03   2.1176651e-02   1.3652160e-01   7.6027866e-02   9.5970170e-03   3.0749525e-02   1.2002228e-01   5.8959737e-03   1.5085200e-02   1.9034518e-02   9.1172673e-02   1.7763775e-02   8.3507168e-02   1.3025435e-01   1.4679167e-01   6.0336430e-02   1.9392880e-02
   7.9886027e-03   8.5040557e-02   1.3467094e-02   2.6589650e-03   1.7082290e-01   1.0506628e-01   3.4418952e-02   6.7521767e-02   2.5757612e-02   3.9326416e-02   8.3098718e-02   2.2632587e-02   2.1558022e-02   4.4334112e-02   2.1708947e-02   2.5270923e-02   4.7402694e-02   5.8062844e-02   1.2386200e-01
   8.0804530e-03   1.0079323e-01   1.0535952e-01   1.3203968e-02   4.0036125e-02   4.5254855e-02   3.0687170e-02   7.1292529e-02   3.6072096e-03   9.1487672e-02   1.9807873e-02   2.1629785e-02   1.2453700e-01   1.1396381e-02   8.0979465e-02   3.3749529e-02   3.9278016e-02   1.4750228e-01   1.1316934e-02
   8.3513438e-03   6.1872125e-02   1.0559346e-02   2.3303482e-02   7.6332564e-02   8.3411245e-02   1.2255714e-01   2.2692699e-02   7.5521684e-02   4.5561318e-02   5.1413710e-03   7.6987728e-02   1.0418374e-01   3.2022930e-02   9.9647625e-02   2.6248439e-03   4.4963301e-02   1.3854434e-02   9.0411078e-02
   8.8602657e-03   3.0814776e-02   5.2614596e-03   8.8210090e-02   1.4781136e-02   4.2036763e-02   1.6302888e-03   2.1649496e-02   3.8808041e-02   3.3257832e-03   5.4691406e-02   8.1231195e-02   1.5747189e-01   1.2538088e-01   1.1500223e-02   3.3486049e-02   1.2684165e-01   7.4112425e-02   7.9906176e-02
   8.9227925e-03   1.3455290e-01   7.7067597e-02   1.3398338e-02   4.2758785e-02   5.8890589e-02   1.5740599e-02   2.2659004e-02   1.0599493e-01   1.2692531e-01   5.7659561e-02   1.4105489e-01   3.6879414e-02   7.3893931e-03   7.0856489e-03   9.8752218e-02   1.2433540e-02   2.7965614e-03   2.9037931e-02
   9.1996132e-03   5.2036033e-02   4.9463188e-02   2.2404681e-02   1.3535710e-01   8.6767739e-03   6.4961402e-02   2.3021625e-03   2.3434028e-02   3.4151836e-02   9.5104998e-02   4.6666108e-03   1.9615970e-02   5.7453548e-02   1.3330684e-01   5.7148652e-03   9.3322692e-02   9.9088701e-02   8.9738954e-02
   9.2175106e-03   1.6184623e-02   1.0746166e-01   2.5650058e-02   3.1178725e-02   5.1989369e-02   4.2325984e-02   9.7184157e-02   8.3784986e-03   1.3145175e-01   1.2110862e-01   1.4335089e-02   2.6041434e-02   9.9412984e-02   1.8527354e-02   6.7623620e-02   9.2331460e-03   6.9247129e-02   5.3448282e-02
   9.5700978e-03   5.6644101e-03   1.3585355e-01   8.1511685e-03   9.0626416e-02   4.7530338e-03   1.2851233e-02   8.0544624e-02   6.4511902e-02   5.3492061e-03   5.5598329e-02   2.9044588e-02   1.9648597e-02   1.3427830e-01   1.0577714e-02   1.1426001e-01   2.7075926e-02   1.3620072e-01   5.5440178e-02
   9.7423551e-03   5.0422057e-02   1.2885791e-01   1.1598044e-01   2.0895174e-03   4.5772069e-03   7.8418875e-02   1.1514276e-02   7.7074108e-03   5.1819696e-04   8.1888680e-03   1.1132067e-01   7.1538581e-02   3.0376526e-02   1.6293631e-02   4.8085012e-02   1.5678387e-02   1.4381680e-01   1.4487327e-01
   9.7794472e-03   1.1361162e-01   3.1808763e-03   6.9060289e-02   4.5447202e-04   2.6565936e-02   3.9692223e-03   1.1880539e-01   4.1054560e-02   7.7043654e-02   6.9315094e-02   5.2619291e-02   3.1038368e-02   1.2611880e-01   1.1380824e-01   1.2315583e-01   5.7626539e-03   8.0449316e-03   6.6113204e-03
   1.0599109e-02   1.8511762e-02   9.7721183e-03   8.6048858e-03   1.5200195e-01   7.3701859e-02   1.0709664e-01   4.4513385e-02   6.1699508e-02   7.4412881e-03   1.3628205e-01   1.6797350e-02   1.3216257e-01   9.5192669e-03   6.2564825e-04   1.3029062e-02   1.3925612e-02   1.0275554e-01   8.0960403e-02
   1.0617669e-02   1.9873683e-02   8.3397501e-04   7.6843473e-02   7.6666872e-02   2.2351533e-02   5.0985753e-03   6.9354772e-02   3.1882986e-02   4.5799664e-02   1.0990733e-01   2.5087736e-04   1.2237285e-01   3.6541890e-02   1.1359486e-02   9.5420475e-02   4.3755637e-02   9.9928482e-02   1.2113977e-01
   1.0754007e-02   7.8328014e-02   2.3427767e-02   7.8603060e-02   1.4515216e-01   1.8866482e-02   1.6279210e-01   1.1507406e-01   4.3161552e-03   7.0955938e-02   1.0604138e-04   1.7855184e-02   1.7560079e-02   1.0263182e-01   5.2296046e-02   2.9790294e-02   5.7127228e-02   1.1090032e-02   3.2735365e-03
   1.0873706e-02   1.3507099e-01   2.9446169e-03   6.1030029e-04   2.8900345e-03   1.5251122e-02   2.1219929e-02   1.2300946e-01   3.6357717e-02   2.7031536e-02   5.7276331e-02   7.9426874e-03   4.0516831e-02   4.7661133e-02   1.0711115e-01   3.0529632e-02   6.1031929e-02   1.3143675e-01   1.4123416e-01
   1.0875019e-02   1.4872605e-01   5.1853324e-02   1.9843326e-02   1.5672724e-02   1.1896755e-02   1.2024499e-03   6.1255035e-02   3.3282583e-03   1.1238005e-01   6.1762487e-02   6.5783319e-02   1.3914286e-01   1.3384491e-01   4.9929780e-02   2.1068781e-02   8.8778027e-03   3.9029265e-03   7.8654155e-02
   1.1034791e-02   1.7433954e-02   3.3255740e-02   9.9862838e-03   1.5127152e-01   8.5029776e-02   3.9541272e-02   5.3901410e-02   1.5994324e-01   3.9613434e-02   6.5602618e-03   2.6288383e-02   3.7808634e-02   5.2987721e-02   5.8681118e-03   1.3738101e-01   1.0667906e-02   1.1065916e-01   1.0767391e-02
   1.1630889e-02   1.2854404e-02   7.3145039e-02   1.7721779e-02   2.2231679e-02   3.8480560e-02   7.9430320e-02   2.4374571e-03   1.0354330e-01   1.0852278e-01   8.9189973e-03   1.1007724e-01   1.0921839e-02   1.1218512e-02   1.2596551e-01   1.2195865e-01   7.2242874e-02   4.4012039e-02   2.4686128e-02
   1.1719854e-02   1.2020000e-02   1.2329808e-01   2.4287826e-02   1.3276243e-01   2.9479382e-03   8.8688061e-03   5.4496464e-03   1.3459010e-01   7.0531911e-03   9.8887031e-02   1.1742142e-02   1.2058681e-01   1.6590725e-02   1.0722424e-01   1.0549735e-02   1.0490317e-02   4.1760486e-02   1.1917064e-01
   1.1780966e-02   1.4430334e-01   7.1047133e-02   6.7135218e-03   9.8621951e-03   1.8940092e-02   6.1484241e-02   1.9761563e-02   1.3770505e-02   2.5286172e-02   1.4944275e-01   9.4123401e-02   1.2912578e-01   3.7174528e-02   2.9675734e-02   5.8056142e-02   9.8775479e-02   9.2571822e-03   1.1419267e-02
   1.3329755e-02   1.1839329e-01   8.9465058e-03   3.6599558e-02   1.4880859e-02   9.6422171e-02   1.1277989e-01   3.8570151e-03   7.3370070e-02   5.1697472e-03   1.1568149e-01   1.1860601e-01   5.4808364e-02   9.2001391e-02   2.1604188e-02   9.5331795e-03   7.0009218e-03   3.8963351e-03   9.3119253e-02
   1.3465393e-02   1.1895114e-01   3.3300231e-02   3.1769639e-02   1.5848773e-02   7.3163999e-02   3.9499696e-02   7.8078083e-02   8.4851619e-02   1.5864639e-04   1.2283878e-01   7.4434296e-02   1.4688162e-02   2.4933955e-02   6.0040541e-03   3.0152600e-02   3.0354692e-02   9.6443531e-02   1.1106271e-01
   1.3608478e-02   7.0363350e-03   8.5903748e-02   1.5467854e-03   6.5212855e-02   9.6483244e-02   5.6707253e-02   9.9581617e-02   1.6594399e-03   5.4410554e-02   1.3505844e-02   6.0920731e-02   9.8553948e-02   1.0453272e-01   5.9905818e-02   1.4807764e-02   3.3626961e-02   4.4086366e-02   8.7909543e-02
   1.3649129e-02   4.7367478e-02   4.8869830e-02   2.2283311e-02   7.4857079e-02   6.9132115e-03   8.5099979e-02   1.4646896e-01   4.4845972e-02   5.6606538e-02   1.5501610e-01   2.4913042e-03   1.8263345e-03   1.2432294e-01   5.6089671e-02   1.6269040e-02   3.1175574e-02   6.4049393e-02   1.7981472e-03
   1.3849079e-02   2.6693132e-02   1.7666294e-02   9.1016701e-02   5.3103679e-02   1.3770388e-02   9.8581796e-02   1.2014337e-02   1.2172167e-01   2.1739684e-03   8.2649964e-02   5.3336387e-02   3.2705990e-02   1.3024114e-01   1.1794876e-02   9.5459713e-02   1.9674771e-03   7.2954195e-02   6.8299210e-02
   1.3954979e-02   1.3526858e-01   2.3905017e-02   2.2867458e-02   3.3156790e-03   1.2187219e-03   3.1374562e-03   2.3708081e-02   4.7045456e-02   1.4881583e-02   5.6174183e-02   4.4215595e-02   2.0876973e-02   6.8676533e-02   1.4330711e-01   1.0400186e-01   1.0228991e-01   1.3517824e-01   3.5976579e-02
   1.4236412e-02   3.2467731e-02   2.5473265e-02   2.6427279e-02   8.6016511e-02   3.8868064e-03   2.8362086e-02   1.7199045e-02   2.5985104e-02   1.2152379e-01   7.1703610e-02   9.5321618e-02   2.9805930e-02   1.3234216e-02   1.7951902e-03   6.0067485e-03   1.4465644e-01   1.3141578e-01   1.2448244e-01
   1.4561141e-02   1.0071072e-02   4.3672918e-02   6.3928947e-02   2.2790329e-03   1.0392293e-01   9.4097267e-02   5.3298677e-02   1.0541305e-02   4.3720576e-02   2.3602892e-02   1.0536263e-01   1.0114964e-01   3.2616346e-02   1.8805656e-02   8.1354258e-03   1.2233638e-01   1.2107805e-01   2.6819099e-02
   1.4731768e-02   1.1497054e-01   1.3046867e-01   9.9014095e-02   7.9730572e-03   1.2954145e-02   2.2060862e-02   2.5077886e-03   1.3060962e-01   3.4934155e-02   1.0542826e-02   1.0738624e-01   7.8467126e-05   2.3386909e-02   2.3172850e-02   1.1083935e-01   1.0899883e-01   1.5523741e-02   2.9846085e-02
   1.5360950e-02   1.1858715e-02   1.6619285e-02   1.0390423e-02   9.4084155e-02   5.3059486e-02   2.7521770e-02   1.1539352e-01   5.5605037e-02   5.7727973e-02   1.2325347e-01   1.2970825e-01   1.8344168e-02   2.7983550e-02   2.4580584e-02   1.1464864e-01   8.0684524e-03   2.5698348e-02   7.0093223e-02
   1.5480667e-02   6.5761360e-03   3.1805132e-02   2.1505418e-02   2.4805231e-02   6.8526328e-02   1.5450435e-01   1.5822173e-01   2.4816298e-02   2.7012572e-02   3.0213391e-03   1.5598048e-01   1.3010070e-02   1.0021960e-03   5.7062115e-02   7.9019993e-02   6.3974768e-02   3.7588378e-02   5.6086788e-02
   1.5504542e-02   2.4509630e-02   6.5842177e-02   8.6987524e-02   1.7313808e-02   1.9993700e-03   1.3593877e-01   7.0094553e-04   3.6315329e-02   2.0226691e-02   1.4406397e-01   4.3358153e-03   1.3456569e-01   1.8522864e-02   2.7594028e-02   1.2875835e-01   4.7714357e-02   1.8879619e-02   7.0226509e-02
   1.5614614e-02   1.5125792e-01   2.2697797e-02   3.5183097e-02   1.0758548e-02   1.8390616e-02   1.6188092e-02   1.6512162e-02   1.4118285e-01   2.8048862e-03   5.0928631e-02   3.5783644e-02   1.3426922e-01   4.4904748e-02   3.7013841e-02   1.1853179e-01   1.0819837e-01   3.5359554e-02   4.4196126e-03
   1.5709241e-02   1.1320270e-01   7.1685413e-02   1.3260082e-02   1.9046314e-03   1.4720910e-01   1.4127004e-02   2.5740707e-02   1.5376092e-01   1.0486546e-01   1.5117610e-01   2.6074291e-02   2.5325392e-03   5.2635322e-03   5.8263953e-02   1.6037567e-02   5.0147101e-02   2.7125057e-02   1.9145959e-03
   1.6159628e-02   4.9822342e-02   2.8142021e-02   1.3182978e-01   1.8987807e-02   5.8086808e-03   1.0188975e-01   8.9819161e-02   8.1940840e-02   6.2268958e-03   1.3132566e-01   1.6316627e-02   1.0122232e-01   1.3942161e-01   4.8968572e-03   8.8370188e-03   2.4113653e-02   4.8723434e-03   3.8367005e-02
   1.6175913e-02   2.2318204e-02   7.7443014e-02   1.4681959e-03   7.8267824e-03   3.8408926e-02   1.1016242e-01   1.2227646e-01   1.3913977e-01   1.4621885e-02   1.6865658e-02   1.3005046e-01   4.1215886e-02   5.2422874e-02   8.5471728e-03   1.3693638e-01   5.1328184e-03   2.6775138e-02   3.2212038e-02
   1.6593303e-02   3.7655193e-02   1.5332330e-02   8.4711820e-02   2.0125455e-02   1.1630167e-01   8.1170324e-03   1.2934753e-02   7.4979443e-03   1.1050345e-01   4.2760625e-02   1.1978077e-01   1.4788312e-02   1.2677610e-02   1.0331457e-01   2.4983602e-02   8.8214637e-02   1.4476122e-01   1.8945710e-02
   1.6911624e-02   4.5480501e-02   4.8469475e-03   1.0324282e-02   2.0407267e-03   6.3536610e-02   1.2581844e-01   1.0693732e-01   1.2384121e-01   1.2196874e-01   1.2256219e-03   6.6727966e-02   1.4086828e-01   1.9073858e-02   5.1926287e-03   1.7173577e-02   1.3403463e-02   1.1039709e-01   4.2311196e-03
   1.7051311e-02   8.9192934e-02   9.2503504e-02   7.1850031e-03   8.3105496e-02   2.7036864e-02   1.0501318e-01   4.6422489e-02   9.3433050e-02   3.2147524e-03   9.0642222e-02   4.7038261e-02   1.0408274e-01   3.1865154e-03   2.5343804e-02   8.6033817e-02   5.8300570e-02   1.4380172e-02   6.8333049e-03
   1.7235957e-02   2.3667456e-02   4.5353436e-02   3.4561973e-03   6.0009606e-03   1.9976513e-02   6.4516161e-02   1.1500566e-01   5.3056072e-02   1.1433631e-01   1.1940006e-01   2.3140568e-02   1.1505141e-01   4.7863063e-03   1.1361828e-01   2.7907423e-02   2.4287984e-02   2.5269032e-02   8.3934213e-02
   1.7308985e-02   3.0725032e-02   1.4923317e-01   9.3286239e-03   3.0911677e-02   4.6614904e-03   4.5427447e-02   2.2252791e-02   4.0246124e-02   1.2523871e-01   1.1976991e-01   3.1078556e-02   4.3681659e-03   3.9236172e-03   1.4557965e-01   7.0303718e-02   2.4453374e-02   3.1173715e-04   1.2487722e-01
   1.7754093e-02   7.1235332e-02   9.3514165e-02   3.1699963e-02   1.0315132e-01   1.2426006e-01   1.1213777e-01   1.5374738e-02   3.0248498e-03   5.8100948e-02   1.2064436e-01   2.1046424e-03   3.7476730e-02   7.7393796e-02   6.4337807e-02   1.7209980e-02   1.6984173e-02   5.7592999e-03   2.7835975e-02
   1.7926297e-02   1.0052456e-02   4.1601472e-02   2.2548870e-02   1.9507001e-03   1.1626489e-01   4.5776348e-03   4.3672555e-03   1.2721978e-01   9.9789692e-03   1.2134977e-01   3.4918449e-03   6.1519178e-02   1.1727563e-01   9.1402191e-02   1.1416293e-01   3.8066109e-02   1.5207430e-02   8.1036606e-02
   1.8414382e-02   4.7649033e-02   9.2821467e-03   3.0449850e-02   8.8057636e-02   5.8112931e-03   2.3748655e-02   2.5181351e-02   1.5269868e-01   4.0149170e-02   2.0489541e-02   3.6569476e-02   6.9116656e-02   1.0307369e-02   1.7186865e-01   4.7723557e-02   1.8651299e-02   8.7670603e-02   9.6160653e-02
   1.8630715e-02   5.9780344e-02   1.0682624e-02   3.0491543e-02   1.0979489e-03   1.1836082e-01   7.1814001e-02   1.7516237e-02   1.1803640e-01   2.7076583e-02   1.0229570e-01   3.6424357e-05   1.1968311e-01   3.6405136e-02   3.6545909e-02   4.3486904e-03   1.0171668e-01   1.7427481e-02   1.0805365e-01
   1.9514695e-02   1.5345900e-01   1.0629102e-02   1.0529060e-01   5.1372569e-02   1.3913925e-02   7.3106319e-02   1.4300616e-03   4.8739935e-02   5.3061138e-05   9.5810617e-03   5.2032269e-02   6.3804903e-03   6.2037375e-02   1.0749567e-01   1.3625827e-01   1.9683393e-02   1.2063282e-01   8.3893900e-03
   1.9708184e-02   1.2399328e-01   7.7691301e-03   1.8587927e-02   8.1330908e-02   1.1416929e-01   8.2817758e-02   4.1440146e-03   4.0196387e-02   1.2004786e-01   1.9963757e-02   5.8345584e-02   7.7249235e-02   6.2933682e-03   1.0605260e-02   3.5414731e-02   2.0164272e-02   1.2731452e-01   3.1884525e-02
   1.9923582e-02   5.0036121e-03   4.8375368e-02   3.9068163e-02   6.6130994e-03   2.3208301e-03   1.0872226e-01   4.1524011e-02   1.8121247e-02   3.1173630e-02   2.6964985e-02   1.0424274e-01   6.4957054e-02   1.1597653e-01   3.0937490e-02   8.0752593e-02   5.6111903e-02   9.4487441e-02   1.0472347e-01
   2.0294160e-02   3.0308351e-02   6.4448488e-02   1.0494903e-01   2.8865057e-02   1.8734423e-02   4.7294090e-02   1.4592533e-02   1.6611241e-03   9.9727997e-02   1.3749101e-01   9.1224858e-02   9.0482820e-03   6.2947351e-03   2.5272573e-02   1.0493891e-01   5.1605542e-02   5.4465085e-02   8.8783753e-02
   2.0700414e-02   1.2501997e-01   5.7646486e-03   2.7958488e-03   1.3943094e-01   6.8663909e-02   5.6746581e-02   2.5961720e-02   4.1146388e-02   5.8980231e-02   1.0879378e-02   1.4764928e-01   2.8065948e-02   3.4284212e-02   4.3907468e-02   1.6697456e-02   1.4571597e-01   2.7219483e-02   3.7016220e-04
   2.1390244e-02   1.1655622e-02   2.2940854e-03   1.4596173e-01   8.1084960e-02   1.2197967e-01   4.7972220e-02   7.4854321e-03   9.7984961e-02   3.1775668e-02   2.3142310e-03   5.5140245e-02   4.5300765e-03   9.0992667e-02   2.1728736e-02   1.1260958e-01   2.1820424e-02   1.0148703e-01   1.9792416e-02
   2.1719385e-02   2.0695728e-02   2.4692508e-03   9.1830049e-03   9.3578752e-02   4.6978404e-02   1.7820596e-02   1.4826702e-01   3.5255250e-02   3.4311865e-02   3.3372958e-02   5.2934348e-02   1.4697711e-02   5.5509004e-02   6.2208035e-02   5.8944571e-02   1.3384708e-01   2.3889704e-03   1.5581807e-01
   2.1862593e-02   4.9328159e-02   9.5032677e-02   7.0616349e-03   2.3617374e-02   7.7031903e-02   1.1048539e-01   5.4888015e-02   8.5495120e-02   1.0892717e-01   1.0886187e-03   3.8554618e-02   3.8824935e-02   9.3859887e-05   1.1628190e-04   7.2071988e-02   1.7199937e-02   8.9644916e-02   1.0867481e-01
   2.1923459e-02   7.9749497e-02   3.6874453e-02   7.9761976e-02   3.3073882e-03   7.9190138e-02   1.8817697e-03   6.5717384e-02   2.7108746e-02   1.3904714e-01   3.1534642e-02   9.6421795e-02   1.2255408e-01   5.4407892e-02   1.0503072e-01   4.2695419e-04   2.4855045e-02   2.8559327e-02   1.6475829e-03
   2.2127552e-02   1.0046727e-03   1.1701503e-01   1.2209704e-01   1.7060802e-02   1.0254725e-02   3.7034421e-02   7.0089900e-02   6.5916338e-02   1.2190665e-01   1.8345731e-02   5.4282810e-02   5.7960568e-03   3.4960773e-02   4.7036525e-02   2.0269215e-02   7.5374980e-02   2.9394099e-02   1.3003267e-01
   2.2237232e-02   1.4117981e-01   2.6744443e-02   3.7704927e-02   1.5547104e-02   1.4659605e-01   1.2929724e-01   5.8767238e-03   2.7681122e-02   9.8462401e-02   5.2106200e-02   2.9848814e-02   1.5809392e-02   9.5648731e-03   1.7890322e-02   1.8420183e-02   1.4697095e-01   6.9324937e-03   5.1129728e-02
   2.2443968e-02   1.9188937e-02   1.3734487e-02   1.9715380e-02   7.0868547e-02   1.3093632e-02   1.8361584e-01   6.7899847e-02   6.9119056e-02   2.2844337e-02   1.1634260e-03   3.1278020e-03   3.1412986e-02   1.0244181e-01   1.4680677e-01   6.4767889e-03   7.4745638e-03   4.5408746e-02   1.5316308e-01
   2.2746478e-02   5.6343579e-02   2.1388568e-03   5.9441466e-03   6.0785191e-02   1.1516234e-02   1.3534308e-01   1.0641972e-01   5.1767992e-02   1.2027358e-01   9.7100841e-02   8.1311096e-02   8.7521620e-02   8.5303406e-02   6.2763276e-03   2.7722883e-03   2.3127933e-02   3.6437407e-02   6.8702193e-03
   2.2758809e-02   1.1591214e-02   3.7941539e-02   5.8752022e-02   1.0056844e-01   1.4475739e-02   3.2602306e-02   7.6878904e-03   1.1204107e-01   5.5170361e-02   2.0339577e-02   1.2170718e-01   4.9755261e-03   7.5733676e-02   9.8811979e-02   1.5150880e-02   1.4833790e-01   4.8093345e-02   1.3260548e-02
   2.3012019e-02   1.1020605e-02   9.2050216e-02   2.6939702e-02   9.0210849e-02   4.2280729e-02   1.0483149e-01   1.0600187e-03   8.2615312e-02   1.0357765e-01   9.0268749e-03   9.2518262e-02   7.3035782e-02   8.9515854e-02   1.9695794e-02   6.8658993e-02   4.1864558e-02   2.6211433e-02   1.8738521e-03
   2.3154623e-02   2.5157026e-03   8.9192149e-02   3.5162381e-02   1.2114425e-02   2.8129509e-02   3.6973363e-02   5.4778154e-04   1.0442358e-02   1.2705748e-01   1.3111710e-01   1.2002145e-01   1.1232952e-01   1.5960205e-02   1.0824956e-01   1.6757345e-02   7.9341786e-02   2.0723468e-02   3.0209797e-02
   2.3165593e-02   1.1335340e-01   3.5220036e-03   1.3082910e-01   2.6539885e-02   2.7008680e-02   1.2976928e-01   5.1253547e-02   1.8570201e-02   3.4634063e-03   5.5671142e-02   4.4555264e-02   1.1314773e-02   3.0869594e-03   7.6329382e-02   9.9808590e-03   6.6757747e-03   1.3602402e-01   1.2888673e-01
   2.3258694e-02   1.2918640e-03   6.6178640e-02   1.0092063e-02   5.4383102e-02   3.7691523e-02   1.4564717e-02   5.1535120e-02   6.4794489e-02   7.1667424e-04   5.6773688e-02   1.3839387e-01   5.3528600e-02   2.2108799e-02   2.8107543e-02   4.7907543e-03   1.4351506e-01   1.7316431e-01   5.5110498e-02
   2.3575292e-02   5.6722595e-03   2.3101542e-02   1.2548818e-03   4.0842315e-02   6.1626146e-02   6.4551754e-02   4.3064890e-02   2.0994966e-02   3.6710954e-02   4.0942895e-02   1.0830534e-03   1.2234776e-01   2.0897080e-03   1.2708363e-01   5.3063429e-02   1.3676357e-01   6.3215982e-02   1.3201498e-01
   2.3636612e-02   1.0837128e-01   4.8541156e-02   1.1430846e-01   2.9737507e-04   3.5518797e-02   1.0882879e-01   5.3115087e-02   1.7182211e-02   3.8049676e-03   4.0612432e-02   1.4847288e-02   5.3604930e-02   1.3109474e-01   9.8335239e-03   8.7866876e-02   1.2796578e-01   3.0066660e-03   1.7563031e-02
   2.3781629e-02   6.1095690e-02   9.2609659e-02   5.4680514e-02   1.0735825e-01   2.8693940e-03   2.2087766e-02   2.7296162e-02   7.7939746e-02   1.0331157e-02   1.6220771e-02   1.7278930e-02   1.4316539e-01   1.2847639e-01   2.0185829e-02   2.2825401e-02   5.9510136e-03   1.1118951e-01   5.4656791e-02
   2.4522549e-02   2.4417261e-02   7.8075752e-02   7.2760865e-02   1.1565361e-01   5.1360637e-04   2.4777808e-02   1.4710094e-01   1.1115249e-02   1.0645046e-01   1.7299027e-02   1.0448596e-02   5.5313688e-02   1.3913793e-02   7.2036916e-02   3.0877715e-02   4.0256604e-03   4.4359506e-02   1.4633700e-01
   2.4765877e-02   2.3635526e-02   1.0396443e-02   1.3787199e-01   5.8153037e-02   6.7112669e-02   3.5630052e-02   1.4168650e-01   2.2087475e-03   3.6997394e-02   7.8716004e-02   2.9089310e-02   3.4607880e-02   2.3954378e-02   1.7518151e-02   1.4383707e-01   5.7158823e-04   1.1179861e-01   2.1448767e-02
   2.4968159e-02   5.7457121e-02   6.6228824e-06   3.9900402e-03   6.9745711e-02   5.4496282e-02   4.2870509e-02   1.1661280e-02   4.9877595e-02   7.2218706e-03   8.3820796e-02   3.5919035e-02   1.4076727e-01   1.4783209e-02   1.4493311e-01   7.3822149e-02   1.0788126e-02   1.9982201e-02   1.5288892e-01
   2.5324496e-02   2.5568551e-02   1.9708195e-02   1.1428130e-01   2.2458372e-02   7.3244412e-02   1.1158987e-01   1.7339197e-02   9.2397368e-02   1.0468096e-01   4.0476821e-02   6.7053289e-02   1.0399655e-02   8.2024757e-02   1.0518141e-01   8.4890774e-04   3.0247720e-03   3.5080057e-02   4.9317619e-02
   2.5432617e-02   8.9251948e-02   7.1805095e-03   1.0167954e-01   2.2521404e-02   8.8222447e-02   8.0134615e-02   1.0655882e-01   4.9189620e-02   7.6038500e-04   8.8828460e-02   1.5854028e-02   1.4511182e-02   1.0457398e-01   6.7920940e-02   2.1217367e-03   3.1456179e-02   4.1745839e-03   9.9627009e-02
   2.5820702e-02   3.7027255e-02   1.3898647e-01   4.7480857e-02   3.8061937e-03   9.3844158e-02   1.2296979e-01   2.6763174e-02   7.6200334e-03   2.1065279e-02   1.1656512e-01   6.8883595e-02   1.9714780e-02   8.1986442e-03   8.2347374e-03   4.3983323e-02   2.1206911e-02   1.4007879e-01   4.7750198e-02
   2.6247992e-02   5.7105432e-02   5.5196666e-02   2.6521710e-03   5.1204439e-02   2.5442845e-02   1.0673043e-01   1.0898688e-01   5.6283974e-02   1.1188800e-01   1.0057459e-02   4.4881899e-03   9.6553666e-02   1.1970259e-01   6.2660773e-02   8.8612416e-02   1.1786124e-02   5.2390109e-04   3.8760514e-03
   2.6534503e-02   1.9301353e-03   3.7895770e-02   6.4449919e-02   8.6039664e-02   1.2799382e-01   1.0027117e-01   1.5361131e-03   1.2540638e-02   1.2691227e-01   8.7535927e-02   6.5829756e-03   5.3073931e-03   7.1524627e-03   1.3097512e-01   4.3983249e-02   1.1775220e-01   8.4435131e-04   1.3762321e-02
   2.6548335e-02   5.5747535e-02   1.5167179e-01   2.1757356e-02   3.9869917e-03   2.0282993e-02   1.7647773e-02   3.4932822e-02   3.3443923e-02   2.5215649e-02   1.7464916e-02   3.8651904e-02   1.2285730e-01   1.0742514e-01   2.0623006e-02   1.1728323e-01   4.7727675e-03   7.5764295e-02   1.0392227e-01
   2.6582206e-02   8.9354406e-03   1.9376942e-02   1.2103546e-01   1.1004366e-01   5.5005714e-03   8.0896546e-02   1.4419333e-02   1.5686036e-02   1.0293333e-01   7.7096254e-02   9.4749410e-02   2.1029909e-02   3.4889624e-03   1.1532093e-01   4.6677120e-02   8.3202989e-02   1.3568319e-02   3.9456584e-02
   2.6791663e-02   9.4110642e-02   9.3815420e-02   2.1737407e-03   9.1221619e-03   4.2820417e-02   2.1482078e-02   1.1551884e-01   3.1034766e-02   5.2732989e-02   1.2986168e-01   5.2502375e-02   2.6610203e-02   1.4312934e-01   7.1576817e-03   3.3903096e-03   9.0554015e-02   2.3729951e-02   3.3461727e-02
   2.7260875e-02   3.4823085e-02   2.9991564e-02   4.9157021e-02   3.5555875e-02   9.3560358e-02   1.3327551e-01   7.8587629e-03   5.1159272e-02   1.1997631e-02   4.4185913e-02   7.1366526e-03   3.4233094e-02   2.0301447e-02   1.3067883e-01   1.2018065e-01   1.1642951e-03   1.1497717e-01   5.2502006e-02
   2.8720988e-02   2.0423985e-03   1.3420725e-01   6.5953972e-02   1.1111757e-01   5.1880048e-02   5.5460270e-02   1.4853764e-02   8.1070177e-02   8.8097230e-02   2.1694770e-02   4.6749397e-03   2.6903264e-02   5.3227936e-02   1.3428274e-01   8.4901220e-03   1.6364291e-02   4.9743345e-03   9.5983930e-02
   2.8810529e-02   6.2072896e-03   1.9730417e-02   1.0444703e-01   1.7208748e-02   7.6893520e-02   1.0574312e-01   1.1113292e-01   3.0161266e-02   6.6146307e-02   5.3706002e-02   1.0611114e-01   2.4778617e-02   2.4490938e-02   4.7702518e-03   8.5130323e-03   1.4079413e-02   9.4470030e-02   1.0259943e-01
   2.8945340e-02   4.4178218e-02   6.5123371e-02   9.8963467e-02   8.5239998e-02   1.5189419e-02   6.1302642e-03   9.8280790e-03   1.3743659e-01   8.8511635e-04   7.0971437e-02   9.9422417e-02   1.0195135e-03   8.3410019e-03   5.8345690e-02   9.0737660e-02   2.6558685e-02   4.6627960e-02   1.0605577e-01
   2.9252360e-02   3.0202703e-02   1.0428677e-01   1.6976844e-02   1.0883899e-01   1.1920630e-01   9.5136496e-03   4.4569290e-02   3.6330997e-02   8.3192960e-02   8.2646343e-02   1.4841691e-03   1.2290618e-01   5.4732390e-05   4.4794657e-02   1.0969298e-02   9.4625364e-02   1.8261253e-03   5.8322268e-02
   2.9327183e-02   1.0600586e-01   1.2008597e-01   2.0996233e-02   1.6667104e-02   4.2322317e-03   1.1529203e-01   1.1629911e-01   5.0881099e-02   5.7985905e-03   5.9925108e-02   1.1594450e-01   1.1522109e-02   1.6690077e-02   8.4368288e-02   5.5981354e-03   8.7381931e-02   2.1577098e-02   1.1407347e-02
   3.0024315e-02   7.7642586e-02   1.8327138e-02   2.4784966e-02   2.1244097e-02   7.5406871e-02   9.3920161e-02   8.5328189e-02   2.4053362e-02   5.2513047e-02   1.1690746e-01   2.3514157e-04   1.2220827e-01   9.5381137e-03   1.2681304e-02   2.7011333e-03   1.0669184e-01   1.1446386e-01   1.1328141e-02
   3.0327407e-02   7.4885554e-02   1.7410753e-02   3.7958495e-02   7.4992076e-04   2.9929035e-02   5.0491013e-02   1.3072489e-01   8.9776230e-03   1.1380778e-01   4.8154033e-03   3.5245752e-02   7.3650387e-02   8.7058273e-02   3.0085185e-02   7.7792622e-02   1.2919108e-01   2.5313412e-02   4.1585414e-02
   3.1090882e-02   1.9013423e-02   3.1262778e-03   6.6437797e-02   5.7191985e-02   2.1459887e-02   5.3854742e-02   1.3636396e-01   2.4315427e-02   1.7794024e-02   3.8183395e-03   1.0419836e-01   1.0416962e-02   1.5515495e-02   1.5762052e-01   9.1439495e-02   5.3340722e-02   8.7447161e-02   4.5554532e-02
   3.1388768e-02   6.2150493e-02   9.1358119e-02   2.7532296e-03   1.1146528e-01   6.9747308e-02   1.9742175e-02   2.6117066e-02   6.4455901e-02   2.4968567e-02   2.5253297e-02   2.2503210e-02   3.8617664e-02   1.5065248e-01   4.4460735e-02   4.0875669e-04   1.0488279e-02   5.6600004e-02   1.4686867e-01
   3.2013489e-02   5.8536547e-02   2.5363573e-02   2.5955912e-02   1.0515831e-01   2.1968515e-02   2.4556271e-02   1.1704951e-02   1.2681587e-03   6.8947890e-02   1.5636754e-02   1.5532430e-01   6.9953313e-02   2.6957473e-03   1.3031120e-01   1.2863984e-01   2.1957409e-02   5.1402992e-02   4.8604824e-02
   3.3646843e-02   1.9735539e-02   9.8144422e-02   9.2747551e-02   4.2375783e-02   9.0522114e-02   1.9176407e-02   2.4754871e-05   5.4207754e-03   1.4307039e-01   3.0762510e-02   2.9502419e-03   4.3145475e-02   3.7761386e-02   6.9763057e-02   1.1556162e-01   1.0615547e-01   3.8887569e-03   4.5146902e-02
   3.4262047e-02   7.2288192e-03   7.7608656e-03   3.4366792e-02   6.1287784e-03   1.6018837e-02   2.4228087e-02   9.6129192e-03   1.1135544e-01   1.2396193e-01   6.1327649e-02   1.3181161e-01   1.1792496e-02   8.6311416e-02   3.0245725e-02   7.6909582e-02   1.3033630e-01   1.6211448e-02   8.0129265e-02
   3.4308963e-02   2.0444325e-02   6.2828123e-02   4.0693996e-03   7.9646817e-03   1.1125581e-01   1.2836698e-01   5.7708004e-04   7.5404541e-02   2.8430723e-02   1.0527987e-01   1.3287932e-01   4.0448187e-02   6.1380828e-04   3.2377816e-02   5.3866422e-02   2.0336070e-02   7.2875102e-03   1.3326037e-01
   3.4407237e-02   8.5966247e-02   8.2576740e-02   1.9002028e-02   2.3078391e-02   1.4719643e-01   3.5299813e-02   2.3523897e-03   1.5880317e-02   1.5005902e-01   5.1158227e-02   1.1100320e-02   2.8705759e-02   1.3974933e-01   8.5203036e-02   1.9785370e-02   1.6218616e-02   2.2779260e-02   2.9481464e-02
   3.5809077e-02   4.5154401e-02   3.1727478e-02   9.3667452e-02   9.5072187e-04   4.9719648e-02   7.2301270e-02   1.6750709e-02   3.2417991e-02   1.1792458e-01   9.6806775e-02   4.8417201e-03   2.0133272e-03   8.0472100e-02   4.0153660e-02   1.1651914e-01   6.5006995e-03   1.1870429e-01   3.7564962e-02
   3.6612143e-02   3.6457517e-02   5.4763910e-02   3.2990847e-02   1.2835900e-01   6.2504823e-03   1.2317079e-02   1.2851167e-01   3.1167849e-02   6.6632672e-02   1.3523530e-02   1.3022845e-02   1.5161124e-02   6.6969782e-02   6.9556348e-02   4.5688254e-02   1.2491038e-01   1.0555901e-01   1.1545549e-02
   3.6846368e-02   1.2107449e-01   2.1223501e-02   8.3477129e-02   1.3176056e-01   1.4827268e-03   1.1711871e-02   8.0770018e-02   1.3206690e-01   9.8962598e-02   2.5227218e-03   9.0950800e-02   3.6941812e-02   4.6781179e-02   7.6932006e-03   1.6060024e-02   1.1516615e-02   6.7346890e-02   8.1059872e-04
   3.7772958e-02   7.6813513e-02   3.0592548e-02   2.2686867e-02   1.4090090e-01   4.4832499e-02   4.1452187e-02   9.5386146e-03   3.8828437e-04   2.0450219e-02   2.0321424e-02   5.2987003e-02   2.8817580e-02   4.3278091e-02   1.7116640e-01   1.0553390e-01   1.2733040e-01   2.9140343e-03   2.2222578e-02
   3.8096280e-02   1.9870323e-02   9.6357674e-02   2.0357502e-03   8.6189699e-04   1.1223906e-01   5.5859574e-02   7.3272916e-02   1.1360431e-01   1.3143262e-02   3.9516720e-02   1.4567521e-02   5.1645905e-02   1.1176980e-01   1.0965513e-02   4.3190074e-02   4.4099857e-02   8.4133336e-02   7.4770227e-02
   4.0156218e-02   2.8321689e-02   6.8565091e-02   1.1223838e-01   1.8575642e-01   1.4080484e-01   5.6677032e-02   2.3826642e-03   1.5505709e-02   7.2664788e-02   1.0709819e-01   3.0037480e-02   3.8812327e-02   1.3019391e-02   1.2590896e-03   1.7728031e-02   2.8679984e-03   3.7394447e-02   2.8710217e-02
   4.0292142e-02   1.6249331e-01   5.4795646e-02   2.8421239e-02   1.7908821e-02   9.1609161e-02   9.2059737e-03   2.2678485e-02   1.6275516e-01   4.2484519e-02   3.0699021e-02   8.0048917e-03   6.9777190e-02   5.2674485e-02   1.4786134e-02   8.0111582e-02   3.2624472e-03   6.8536679e-02   3.9503118e-02
   4.0413469e-02   1.3953851e-01   2.8007422e-02   4.4614709e-02   8.8653951e-02   5.2669002e-03   9.9206019e-02   4.7951561e-02   8.9457236e-04   2.5273353e-03   2.3726421e-02   3.7944097e-02   6.7453585e-03   3.8369996e-02   1.5178033e-01   1.2369450e-01   4.3882686e-03   2.1249453e-02   9.5027132e-02
   4.1295899e-02   1.4627976e-02   9.7368442e-02   1.9490083e-02   8.0204473e-02   1.0352362e-01   1.3770236e-02   9.4614318e-02   6.0425516e-02   5.0131662e-03   1.0460736e-01   1.6522277e-02   5.5790079e-02   2.5516492e-02   2.7365474e-02   1.2207455e-01   3.9469278e-02   2.2277939e-03   7.6092966e-02
   4.1317574e-02   3.3609082e-02   5.7241803e-02   2.7224676e-02   8.1177225e-03   8.7450312e-02   4.0699152e-02   2.3414577e-02   1.2326334e-01   7.7266279e-02   1.5605344e-02   3.1369719e-02   1.3788827e-01   2.2537851e-02   5.8364536e-03   1.2048803e-01   8.7769531e-03   1.0744582e-01   3.0447049e-02
   4.1780133e-02   1.8717189e-02   1.3523156e-01   1.2555515e-01   1.4513126e-02   7.3366792e-02   1.0576935e-03   3.9619489e-02   1.6580652e-02   5.0437282e-02   1.6326546e-02   1.3618092e-01   6.6992602e-02   9.7901008e-02   6.4384177e-02   4.0097024e-02   5.4229756e-02   4.6962156e-04   6.5592778e-03
   4.1871133e-02   9.6578265e-02   3.6147921e-02   1.6031782e-02   5.3016623e-02   9.9714482e-02   2.7866828e-02   1.3465268e-02   8.5024261e-03   2.7810171e-02   1.3438198e-02   2.5402246e-02   7.4800499e-02   1.3491570e-01   1.5102402e-01   1.4570203e-02   1.2898611e-01   2.2192568e-02   1.3665553e-02
   4.2007876e-02   1.5257449e-02   4.6347515e-02   1.2286148e-02   1.1236001e-02   4.1199228e-02   1.2076448e-01   1.3251200e-02   3.8994966e-02   6.9786301e-02   1.3721250e-03   2.0277466e-02   6.2347694e-02   4.9131724e-02   1.4887867e-01   3.0366188e-02   9.7555173e-02   1.5049992e-01   2.8439869e-02
   4.2622911e-02   4.9568972e-02   5.1762420e-02   1.3726962e-01   3.6446573e-02   4.6143050e-02   1.2944479e-01   2.1991437e-02   1.4137176e-01   4.1262520e-02   1.3750292e-02   2.8154056e-03   2.3944532e-03   3.4138579e-02   6.1261520e-02   1.6384986e-02   7.9949714e-03   1.5608026e-01   7.2954733e-03
   4.3233220e-02   7.0563765e-02   1.2376648e-02   1.0997164e-01   1.0389130e-01   1.3541156e-01   4.4603421e-02   1.7595857e-02   3.5827854e-02   4.9726876e-03   6.0449761e-02   3.2296807e-02   1.3761226e-02   3.3862144e-02   1.2684152e-02   2.7049333e-02   1.1835034e-01   4.3550527e-02   7.9547764e-02
   4.4136920e-02   1.4289543e-01   1.3015999e-02   1.0856333e-02   1.5694876e-02   1.1197610e-01   4.3561399e-03   3.3092617e-02   3.5012942e-02   1.8033881e-02   5.1021716e-02   1.5174836e-01   1.2704786e-01   9.7890033e-03   7.5994356e-02   2.5960683e-03   4.2162916e-02   3.6704186e-02   7.3864292e-02
   4.5306236e-02   9.7818866e-02   4.1949625e-02   5.0233642e-03   1.9730284e-02   1.1420329e-01   5.9194696e-02   1.0678846e-02   1.1233442e-01   3.1902614e-03   6.7550380e-02   1.1455769e-01   7.3508579e-03   1.6311159e-02   5.1023923e-02   2.9531543e-02   1.1723970e-01   6.6844588e-02   2.0160267e-02
   4.5552316e-02   4.4814376e-03   2.8351226e-03   7.2790728e-03   1.1931803e-01   1.1985692e-01   7.9790605e-03   1.0408946e-02   3.6872641e-02   3.4139714e-02   5.6989786e-02   1.4531078e-02   7.0135624e-02   7.2501074e-02   1.5806007e-01   2.6106519e-02   1.0334153e-01   1.8698594e-02   9.0912470e-02
   4.6021604e-02   6.7770688e-02   1.0410672e-01   4.4093303e-02   8.1459809e-02   3.0631438e-02   2.0056795e-02   5.4681293e-02   2.7165289e-03   9.8760754e-02   2.0585437e-03   9.1871087e-02   1.1892904e-03   8.5045919e-02   7.7909666e-02   8.4051395e-02   4.5257792e-03   8.9164967e-02   1.3884420e-02
   4.7410234e-02   5.5824166e-04   3.2923807e-02   1.3552819e-01   2.1945596e-02   1.5342864e-02   1.1977896e-03   7.8945381e-03   1.1940017e-01   8.1272549e-02   7.4244039e-02   4.4507999e-02   1.2112058e-01   1.3700610e-01   2.1421716e-03   2.1231297e-02   2.1927093e-02   1.0820779e-01   6.1389482e-03
   4.7639952e-02   1.1067925e-01   5.1217701e-02   2.2769193e-02   8.7528929e-03   1.2894741e-01   9.5875666e-03   1.4006850e-02   3.9790438e-02   2.3672349e-03   3.4713895e-02   1.3046930e-02   1.0040004e-01   1.6717861e-02   1.0980502e-01   1.3109715e-01   5.5274302e-03   4.0644391e-02   1.1228879e-01
   4.7653586e-02   5.8805289e-03   1.1786822e-01   2.1472896e-02   1.0278841e-02   1.3630184e-02   3.6528904e-02   1.4266952e-01   6.2207400e-02   5.2474112e-02   7.2334681e-02   9.2169192e-03   5.6418310e-02   3.5721861e-02   1.0736840e-01   1.2738622e-01   8.7228872e-03   4.9380446e-02   2.2786081e-02
   4.8029311e-02   1.6286082e-02   4.9548065e-03   3.4261078e-02   1.1147378e-01   4.4754974e-02   1.3665316e-01   3.6222330e-04   4.5723394e-02   8.9501440e-03   4.4268305e-02   1.6103203e-02   5.8397022e-03   1.0656425e-01   5.3117151e-03   1.3809296e-01   1.4055790e-01   2.7022528e-02   6.4790484e-02
   4.9116304e-02   1.1603002e-02   1.1332549e-01   1.2672924e-01   8.9741539e-02   3.1574506e-03   7.2114355e-02   2.4387443e-02   8.6847138e-04   8.3272277e-03   1.2070198e-01   4.2854656e-02   1.6482438e-02   6.7410503e-02   9.3942609e-02   8.2953055e-03   8.4091472e-02   5.6108686e-02   1.0741829e-02
   4.9534940e-02   7.7253063e-02   5.4522482e-03   1.0297078e-01   1.3769327e-01   5.7407061e-02   1.2542813e-01   3.9146490e-02   1.7246116e-03   1.9334010e-03   2.6778086e-02   3.2947748e-03   3.6149630e-03   2.7060366e-03   5.4679444e-02   1.0146622e-01   3.5686910e-02   1.3720739e-01   3.6022167e-02
   4.9709296e-02   3.0808001e-02   7.3218867e-02   6.0979473e-02   4.0132142e-02   1.3450600e-01   7.2817681e-03   6.9038543e-03   3.1332329e-02   5.2878722e-03   1.0721771e-01   1.3477582e-01   3.4302220e-02   7.4148214e-02   2.1822414e-02   2.5625409e-02   1.7883542e-02   2.1658875e-02   1.2240619e-01
   5.1347270e-02   4.5951487e-03   1.7352477e-03   4.0336263e-02   3.1461643e-02   1.1654798e-01   4.9213435e-03   3.5233507e-02   1.0463922e-01   1.2955888e-01   3.3335991e-02   8.4421461e-03   1.7496720e-02   1.0792409e-01   1.0256293e-02   3.4266680e-02   1.3502184e-01   4.9438792e-02   8.3440952e-02
   5.2660865e-02   8.7416030e-02   1.3464745e-01   1.2458005e-01   1.1117340e-02   2.0314526e-04   1.2572176e-01   6.1936082e-03   5.8138300e-02   3.8343341e-03   1.5272921e-01   9.7048894e-02   3.7268500e-02   1.4417788e-03   6.7028426e-03   2.8608409e-02   1.3528562e-02   1.6214375e-02   4.1944542e-02
   5.3025971e-02   1.0413438e-01   3.6068483e-02   1.4039513e-02   8.5288535e-02   5.5620432e-03   2.3638935e-03   9.8675694e-02   3.0350252e-02   5.8778006e-02   7.9891552e-03   8.9154453e-02   9.5912878e-03   9.2099999e-02   8.3183428e-02   1.4251216e-03   6.7849164e-02   6.4224889e-02   9.6195732e-02
   5.3845025e-02   1.3681805e-01   5.3098662e-03   1.3640541e-02   4.4319110e-02   7.0478047e-02   2.4292356e-02   3.7343923e-02   1.2504633e-03   1.0445057e-01   1.8229326e-02   8.4403804e-02   1.1076640e-01   1.3553671e-02   4.2626224e-02   1.0601659e-01   1.5020334e-02   1.5827553e-02   1.0180815e-01
   5.3859101e-02   1.8451230e-02   5.3066985e-02   4.5205341e-02   2.1019918e-02   1.7937989e-02   9.2501394e-03   5.4470951e-03   2.0546777e-04   8.4090689e-02   5.7353065e-02   2.8598309e-02   7.2701216e-03   3.6599623e-03   1.4917333e-01   7.2519079e-02   9.8224864e-02   1.1531929e-01   1.5934803e-01
   5.4723317e-02   1.0557356e-02   3.1837508e-04   3.9550066e-02   7.1069209e-02   9.5452438e-02   6.5367701e-02   1.6727201e-01   1.1618054e-02   1.2489521e-02   3.2869185e-02   1.0828125e-02   9.1576855e-02   2.8938695e-03   1.4917998e-01   1.0680493e-01   1.2698540e-02   6.1999349e-02   2.7311320e-03
   5.5487125e-02   4.2728675e-02   1.8772423e-02   1.2412890e-01   9.9355333e-02   4.4790430e-03   2.0548154e-02   1.1445629e-01   3.3616222e-02   8.2994029e-02   7.1072998e-02   1.1583753e-01   5.8940215e-03   5.8262930e-03   2.9872996e-03   1.0109882e-02   8.7987249e-02   5.1053483e-02   5.2665052e-02
   5.6545836e-02   5.2714505e-03   7.9101862e-02   9.3783598e-02   4.6987744e-02   4.2078921e-04   9.4740247e-02   7.3949884e-02   2.9457668e-02   6.5373048e-02   2.0832305e-03   2.4945892e-02   4.8244028e-02   1.1128180e-01   9.7977524e-02   6.4828365e-04   9.5120348e-02   6.8172378e-02   5.8943886e-03
   5.7507569e-02   2.3522586e-02   8.1380202e-02   4.6203797e-03   2.9294412e-02   4.2224341e-02   9.0916897e-02   1.1325821e-02   1.4490693e-01   7.7576651e-02   6.9887240e-02   5.6616757e-03   1.9582952e-02   1.2253445e-01   1.0856087e-01   3.9885282e-02   1.3050320e-02   1.3713039e-02   4.3848387e-02
   5.8073511e-02   3.3611091e-02   2.6835664e-02   1.2309184e-04   9.6889086e-02   1.0096785e-01   9.7649265e-02   3.0402342e-02   6.6967049e-03   7.0549684e-02   2.4068396e-02   3.5615730e-02   5.7425013e-02   6.1615730e-02   9.5882712e-03   1.2574545e-01   1.7079229e-02   1.0701419e-02   1.3636247e-01
   5.8125978e-02   5.4189981e-03   3.3670056e-02   1.8362381e-02   2.3336781e-02   2.6640713e-02   1.3724313e-02   1.3157712e-01   3.4654146e-03   5.7562664e-02   5.1913958e-02   5.4208060e-02   1.3868969e-01   9.0037978e-02   1.6845826e-02   1.4854915e-01   1.6741650e-02   1.1102804e-01   1.0124159e-04
   5.8288735e-02   8.9266256e-03   1.6395351e-02   2.8494028e-03   8.5103570e-02   9.3369486e-03   1.3539646e-01   1.1776402e-01   3.9503454e-03   4.3748357e-02   2.0503130e-02   3.1831769e-02   1.2598288e-01   4.5015857e-02   1.3378774e-01   3.1648966e-02   9.5071268e-02   3.3221702e-02   1.1768636e-03
   5.9040196e-02   2.5300625e-02   1.4009470e-01   7.0491456e-02   1.3784922e-02   7.1636799e-03   9.0440744e-04   3.3827340e-02   4.5556326e-02   7.0643647e-02   1.9227789e-02   4.1744378e-02   1.3613028e-01   1.1968131e-01   4.4128920e-03   2.3824503e-02   1.2098228e-01   2.3396657e-02   4.3792615e-02
   5.9886500e-02   1.4873209e-01   5.4746963e-02   1.0507316e-01   2.1130686e-03   3.3294039e-02   2.1050273e-03   2.6992141e-03   7.8933436e-03   7.4659043e-02   8.2244500e-02   1.4235878e-01   5.7711309e-02   2.2874584e-02   9.1970681e-04   1.2014795e-01   1.9555380e-03   3.7292937e-02   4.3292247e-02
   6.0009062e-02   1.7901048e-02   3.7446666e-02   4.6952691e-03   1.3140050e-01   1.2104100e-01   1.1212155e-02   6.9915477e-03   3.5900105e-02   9.2838462e-03   2.6574687e-02   1.3155579e-01   4.4169257e-02   2.0543989e-02   1.0479051e-02   7.9180446e-02   9.1684753e-02   3.3455588e-02   1.2647524e-01
   6.0592058e-02   5.5494946e-02   9.3829138e-03   1.3640282e-01   7.7005107e-03   9.0423409e-02   6.2924028e-02   2.0559983e-02   4.9635951e-02   3.8136055e-02   2.3568621e-02   3.9298941e-02   1.1774674e-01   4.3627680e-03   1.2738882e-01   6.7229160e-02   2.7833551e-04   6.9856296e-02   1.9017646e-02
   6.0766804e-02   2.7890653e-02   1.2745056e-01   2.0774395e-02   4.6999992e-02   1.2012279e-02   8.2255709e-02   1.1378870e-01   1.5379699e-02   4.7162400e-03   1.7237798e-02   1.2182830e-01   4.6376362e-02   5.3745790e-02   6.7203112e-04   1.2210044e-01   2.4936187e-02   9.8425835e-02   2.6422267e-03
   6.1885646e-02   9.3880336e-02   6.9037637e-02   1.0621711e-01   1.3583450e-03   2.3690445e-02   1.0827177e-01   3.0511269e-03   1.0873817e-01   1.0120357e-03   1.0409431e-02   7.0946996e-02   3.7000343e-03   5.4997576e-02   9.5208603e-02   9.3313403e-02   2.6125915e-02   1.4908219e-02   5.3247195e-02
   6.2434756e-02   5.1684326e-02   8.1299782e-04   4.0239649e-02   1.0478028e-01   1.1870130e-01   3.9805355e-02   1.0621935e-01   1.4982325e-02   1.0232696e-01   8.5167133e-02   4.8999594e-02   4.1496610e-03   4.0346418e-02   3.8006534e-02   1.3052766e-04   6.8649317e-02   6.1749810e-02   1.0813711e-02
   6.3831683e-02   4.8222147e-03   9.6800239e-02   8.3397061e-02   6.7090247e-03   5.1856660e-03   4.6402405e-02   4.3881503e-02   1.1095635e-01   6.2595321e-03   6.7119391e-03   1.0038490e-02   1.1369105e-01   2.1186223e-03   9.5178243e-02   2.7024845e-02   1.0320926e-01   6.9779216e-02   1.0400266e-01
   6.4573955e-02   3.5512862e-02   7.2158875e-02   9.4865553e-02   1.8945053e-02   2.4593605e-02   6.2996109e-02   6.7085069e-02   7.9932371e-02   1.1014676e-02   7.6752446e-02   6.3951859e-03   2.6753041e-03   9.2095751e-02   5.7290640e-04   4.4373047e-03   9.7426779e-02   9.5616085e-02   9.2350110e-02
   6.7171304e-02   3.9356317e-02   1.3493463e-01   4.6849125e-02   1.4024924e-01   1.1716545e-02   8.0272517e-03   1.2121969e-03   1.6844381e-02   8.9076818e-03   5.7826435e-02   1.0261055e-01   3.3447981e-02   4.8145068e-02   1.0119292e-01   6.8045182e-02   6.1328468e-02   5.1431023e-02   7.0370418e-04
   6.7691004e-02   2.3959912e-02   7.8672801e-02   1.0337381e-01   1.0536555e-01   8.9401695e-03   8.9720371e-02   9.7868996e-03   7.9850239e-02   7.7203069e-02   1.1071288e-01   5.8783898e-03   3.1539160e-02   2.3205539e-02   2.8223855e-02   7.3360185e-02   7.5303240e-03   1.2127439e-02   6.2858398e-02
   6.8069314e-02   2.4691355e-02   1.5098239e-01   2.1979603e-03   6.6558991e-02   7.7748834e-02   3.2588671e-02   4.6150956e-02   8.7265862e-02   2.3829470e-02   1.2378879e-01   1.9194825e-03   2.6505512e-02   2.1845970e-02   1.2486363e-02   9.1744843e-03   1.5450010e-01   3.0795250e-02   3.8900239e-02
   6.8640868e-02   2.6023043e-04   1.1701864e-01   6.8364492e-03   1.6491982e-02   7.8709030e-03   1.0318000e-01   1.0457446e-01   7.4418470e-02   3.9950425e-02   8.3750739e-02   9.5361269e-02   2.8323709e-02   1.0110149e-01   4.1510112e-02   1.3715858e-03   1.6822650e-02   1.2211659e-02   8.0304359e-02
   6.9081732e-02   1.2860088e-04   5.8093022e-02   7.2114483e-02   1.3921514e-01   4.0504856e-02   5.4699717e-02   6.1104522e-02   6.0628738e-02   3.2013074e-03   6.7663189e-03   1.2137589e-01   1.0670969e-02   1.2126477e-01   1.5118055e-02   1.0027785e-01   9.3679178e-03   2.0366169e-02   3.6019931e-02
   7.0347352e-02   1.2872643e-01   7.7686478e-02   5.4414482e-02   1.3329802e-02   1.2379783e-01   3.0463566e-02   1.2425532e-01   1.8271457e-03   9.1648216e-02   4.4695925e-02   2.3437251e-03   2.4050292e-02   3.0743420e-02   1.5542624e-02   5.1778401e-02   9.2910050e-02   1.2073123e-03   2.0231639e-02
   7.1621303e-02   8.1488704e-03   1.2493954e-01   1.2623519e-01   8.0368723e-02   4.8896242e-03   8.4971560e-02   1.0153477e-01   1.0351050e-01   4.4416901e-02   1.5023680e-02   9.5398542e-02   1.8490545e-02   1.9510797e-02   1.2160814e-02   1.2665773e-02   5.7700578e-02   2.7359959e-03   1.5676292e-02
   7.2255953e-02   4.8747254e-03   5.7986046e-02   8.6018503e-02   1.1680037e-01   1.4443074e-01   1.1749037e-01   1.5874540e-02   1.0116058e-01   6.8645629e-02   1.7917614e-02   8.7135652e-03   7.6730080e-03   2.1951732e-02   4.8703019e-02   5.6458224e-03   7.8394391e-02   5.2749920e-03   2.0188405e-02
   7.3306885e-02   2.4495855e-02   3.5057702e-02   4.5883475e-02   9.5879826e-02   1.3953242e-01   1.6135830e-02   3.3866283e-02   1.2027808e-02   4.5697823e-02   6.9973473e-02   5.7477095e-02   1.1249793e-01   6.2739303e-03   2.4615972e-02   8.0512759e-02   3.2369452e-03   1.1833109e-01   5.1969058e-03
   7.3321710e-02   1.3511340e-01   8.5987831e-03   1.2631385e-01   2.1046280e-02   6.3369506e-02   2.8088161e-02   1.0016643e-02   3.3684519e-02   9.7106629e-03   6.6117594e-02   1.2967412e-02   1.0333878e-01   9.5308100e-02   3.2392049e-03   5.8282782e-02   6.2285977e-03   1.4000133e-01   5.2526916e-03
   7.3513396e-02   4.2908024e-03   1.3239518e-02   1.8502732e-02   6.5651332e-02   4.0224415e-04   1.1445361e-01   5.6687632e-02   1.1114481e-01   7.2661780e-02   2.2020364e-02   7.4571319e-02   1.3437970e-02   1.0941737e-01   2.2290939e-03   1.1042582e-01   6.8341318e-03   8.3192444e-03   1.2219683e-01
   7.3533502e-02   1.2342792e-02   1.0061638e-03   1.7680794e-03   1.2148847e-02   3.4407027e-02   4.7957844e-02   8.6765346e-02   1.0365199e-01   6.3210880e-02   9.5029325e-03   1.0967786e-01   1.2185034e-02   1.1924477e-03   2.7573235e-02   1.4291206e-01   1.6161956e-01   6.3638162e-02   3.4906245e-02
   7.3866958e-02   2.8451141e-02   5.3872872e-02   3.8600872e-02   2.6430496e-03   1.5035628e-01   5.6831407e-02   5.5606451e-02   3.0402112e-03   2.9759808e-02   1.1530030e-01   4.5519197e-02   1.3247390e-02   1.5948488e-01   6.4499407e-03   2.5692116e-02   7.4055790e-02   6.7013697e-02   2.0763462e-04
   7.4433066e-02   5.2557586e-02   3.7271248e-02   7.0854651e-02   2.5609498e-02   5.2963245e-02   2.5116920e-03   1.1032253e-01   1.1302606e-01   2.0022097e-03   3.4247907e-02   1.1992948e-01   9.4735330e-02   1.0311427e-02   4.3642040e-02   3.8385955e-02   1.3196534e-03   3.0515143e-03   1.1282490e-01
   7.5418885e-02   1.0488847e-01   3.0367834e-02   8.2959197e-02   2.2501005e-02   4.9337771e-03   2.4316972e-02   6.5927497e-02   1.0501401e-01   8.7130060e-02   9.2504308e-02   1.0524032e-02   5.5668196e-02   5.1539333e-03   1.7695431e-02   4.0481846e-02   1.0166414e-01   2.0019929e-02   5.2830480e-02
   7.6472053e-02   3.4115652e-02   2.6447237e-02   1.2388374e-02   8.7764316e-03   1.5656302e-01   1.4209188e-01   4.4476943e-02   7.5817766e-02   5.3149458e-02   2.1754086e-02   1.1541849e-02   2.5138556e-02   6.9936944e-02   1.8792925e-02   1.0430108e-02   1.0158007e-01   1.0611736e-01   4.4092914e-03
   7.7132619e-02   8.2321473e-02   2.8553262e-02   3.0271316e-02   2.1425840e-02   1.2659796e-02   3.1333392e-03   5.5135372e-03   3.0595141e-03   9.7390675e-03   1.5708046e-01   1.4836436e-01   7.0032625e-02   1.2713796e-01   9.8646558e-03   3.1354861e-02   7.0216708e-02   7.4300974e-02   3.7837624e-02
   7.7138061e-02   6.7110958e-02   1.1403725e-01   3.3566532e-02   1.2146318e-01   2.8732823e-02   1.1036408e-01   9.3849350e-02   1.6329958e-02   1.5197932e-02   6.2449974e-02   4.3969894e-02   1.0910714e-05   8.5277582e-02   1.2364995e-02   1.5620452e-02   1.4743846e-02   6.2047096e-02   2.5725125e-02
   7.7992884e-02   4.8822946e-03   1.1416199e-01   2.8359132e-02   2.8447163e-02   3.1179445e-02   5.6720139e-02   2.9867690e-02   1.9488853e-02   1.5277958e-01   4.1632110e-02   8.8322392e-02   4.9385208e-03   1.4961631e-01   1.8286391e-02   1.7546187e-02   4.0310816e-02   2.9581317e-02   6.5886782e-02
   7.8190940e-02   1.0558344e-02   1.4595632e-01   7.2815602e-02   4.7990394e-02   9.7514976e-02   7.9851080e-03   6.1543561e-02   2.5018792e-02   8.6390930e-03   6.2926034e-02   8.8647808e-03   2.2737909e-02   1.1361209e-01   1.1690291e-01   7.8948911e-02   9.2055515e-03   2.0596273e-02   9.9924193e-03
   7.8961258e-02   2.5299701e-03   3.1094224e-02   6.2985883e-02   8.6887856e-02   1.2049437e-02   8.8127784e-03   9.4166460e-03   4.1681531e-02   1.1397792e-01   2.5957771e-02   1.3425785e-02   1.1797413e-02   1.0381407e-01   1.0855546e-01   9.6240550e-02   2.4392135e-02   8.9703456e-02   7.7715848e-02
   7.9420687e-02   1.4646220e-01   1.4159774e-01   4.2367902e-02   3.8678639e-02   1.2965682e-02   1.6876018e-02   3.6414107e-03   1.4052772e-01   1.4459932e-02   8.5680636e-02   2.3119723e-02   1.4980375e-02   9.8178392e-02   5.4644114e-02   1.9710780e-02   9.4117275e-04   5.6207733e-02   9.5391487e-03
   7.9843681e-02   4.4480801e-02   3.8991014e-02   6.0118607e-03   9.3513877e-03   6.4039045e-02   6.8962832e-03   7.3924837e-02   2.7112749e-02   4.3241409e-02   1.8940177e-02   1.0691798e-01   1.7897653e-01   1.3264293e-01   1.9569008e-03   1.1378022e-02   2.0000464e-02   5.1274331e-02   8.4019602e-02
   8.0970350e-02   1.9444833e-02   1.9563506e-02   1.1582537e-01   4.9474019e-02   6.7519398e-03   1.1332905e-01   2.6042514e-04   6.0765030e-02   1.0003039e-02   1.1557533e-01   2.9201075e-02   1.1539005e-01   1.4081386e-02   4.6312892e-02   5.9861957e-02   1.2962372e-02   1.1765856e-01   1.2568810e-02
   8.1047740e-02   4.7131150e-02   5.0801885e-03   1.1815776e-01   9.8734631e-02   7.5154022e-02   2.5526087e-02   6.9460967e-03   3.8412679e-02   1.6708074e-02   6.3912903e-03   5.0735239e-03   2.0149359e-02   1.3488946e-01   6.4625463e-03   9.3337739e-02   4.0855039e-02   3.1870395e-02   1.4807222e-01
   8.1823203e-02   2.3493918e-02   1.7123435e-02   7.9562098e-02   1.9105803e-02   2.0657971e-02   1.3504421e-01   5.4805346e-03   4.5674302e-02   7.2354656e-03   4.1418215e-02   8.7342753e-03   3.0292495e-02   1.4686586e-01   1.3973789e-01   1.4420863e-02   3.5753239e-02   8.2502198e-02   6.5074017e-02
   8.2330966e-02   1.6312770e-02   5.0577819e-03   1.8332458e-02   5.6608848e-02   3.0327472e-02   7.7157802e-02   1.0725323e-01   9.9508803e-03   7.9697827e-03   3.6385172e-02   9.8052556e-02   6.7115313e-02   1.3555218e-01   1.3056535e-01   1.5383345e-02   8.5972939e-03   4.4460175e-02   5.2586618e-02
   8.3058654e-02   2.3912924e-03   1.3008873e-02   3.6524999e-02   1.2316060e-02   5.7391713e-02   4.4582789e-02   4.1350817e-02   1.3917345e-01   2.3034405e-02   2.2426353e-02   1.1121318e-01   2.9066517e-02   1.5361859e-01   1.2075503e-02   6.8240586e-02   1.0288685e-02   1.2735217e-01   1.2885370e-02
   8.5132094e-02   1.4730588e-02   1.1982719e-01   6.4253041e-03   6.1252317e-03   1.8577386e-01   3.2935402e-02   1.1964288e-02   1.7167920e-02   6.0203586e-02   6.2855977e-02   1.0282872e-02   1.4565044e-01   9.9604028e-02   4.6289762e-02   2.3405457e-02   2.5408110e-04   3.6117411e-02   3.5254515e-02
   8.5396631e-02   6.1902684e-02   8.1792542e-02   5.2887060e-02   1.2652621e-02   4.9517883e-02   1.7342762e-02   9.5729962e-02   5.4387170e-02   6.4273902e-02   1.1687305e-02   1.0009539e-01   2.6439958e-02   1.1230847e-02   8.8362251e-02   2.2487539e-03   8.4901732e-02   9.1044583e-02   8.1059602e-03
   8.5739748e-02   8.3268509e-02   1.0007045e-01   2.3668632e-02   9.1928388e-02   3.0427700e-02   2.3534569e-02   5.7440229e-03   2.3260103e-02   1.0694433e-01   7.2107203e-03   1.2648883e-02   5.9523690e-04   3.5074827e-02   3.2263311e-02   4.4075786e-03   1.2943808e-01   7.5945408e-02   1.2782950e-01
   8.6014628e-02   1.1784976e-01   1.1851695e-01   7.5253943e-02   2.2888732e-02   1.2110603e-01   1.8768314e-02   2.3770283e-02   1.1961123e-01   4.2365310e-02   9.0129772e-02   1.0576345e-01   8.1727754e-03   7.8301742e-03   1.4168053e-02   1.3479438e-02   1.8841608e-03   3.4684816e-03   8.9585214e-03
   8.6268059e-02   1.1111330e-01   1.2648422e-01   1.3253568e-01   2.2836900e-02   2.9852594e-02   7.0802949e-03   2.3769776e-02   8.1954417e-02   2.8959469e-02   5.7794700e-02   6.4531590e-02   9.5014576e-02   1.5738955e-03   1.4509206e-03   7.8663612e-03   3.7739139e-02   8.3028196e-02   1.4591668e-04
   8.6895173e-02   1.0228275e-01   3.8717973e-02   1.7107582e-04   4.9482141e-02   1.2056042e-01   3.7558696e-03   1.1929022e-01   4.0520972e-02   5.8706850e-03   6.4438325e-02   1.7732560e-02   5.7884091e-04   9.4142537e-02   6.3691291e-02   7.9698822e-02   8.9992884e-04   2.1004019e-03   1.0917001e-01
   8.7400439e-02   1.0909642e-01   2.0723022e-02   7.2762543e-02   5.2557072e-02   9.8050224e-02   2.6113267e-03   1.2392815e-02   7.4717577e-02   1.9239744e-04   7.2995528e-03   1.2663693e-01   2.2040638e-02   4.6143005e-02   4.2222788e-02   3.7548845e-03   6.3558773e-02   3.7733184e-02   1.2010641e-01
   8.8424249e-02   1.5950152e-02   5.1603437e-02   1.1254432e-01   9.6157066e-02   3.0753272e-03   8.4194103e-04   1.7935701e-02   1.0462575e-01   8.5699828e-02   1.4094375e-02   8.2575618e-02   3.8572715e-02   6.2020209e-04   7.8413082e-02   3.0581563e-03   1.0437369e-02   8.2776954e-02   1.1259377e-01
   8.8757667e-02   6.9936460e-03   1.0468975e-02   4.9616063e-02   1.3898156e-01   8.9020807e-02   2.4415263e-02   1.0645386e-02   1.4338344e-01   1.9523325e-02   8.6519151e-02   5.2436749e-02   7.7203050e-02   3.5148417e-02   6.2835584e-02   9.1495973e-03   1.2456304e-03   4.9587067e-03   8.8696983e-02
   8.8853742e-02   8.0172318e-04   1.3223396e-01   1.0223774e-02   8.9812552e-02   7.9534423e-03   9.4021383e-03   6.0048870e-02   9.6725151e-02   1.0441830e-01   4.0925038e-02   1.8442345e-02   1.4016490e-02   3.3506156e-02   5.4789170e-02   2.6024218e-02   4.8205633e-02   1.2258569e-01   4.1031607e-02
   8.8994652e-02   8.1816024e-02   9.0074393e-02   9.6343360e-02   2.0987129e-02   6.2034916e-03   2.1632520e-02   8.3994637e-02   3.8257828e-02   1.6271552e-02   3.7961273e-02   1.0193069e-01   1.0763724e-01   6.1995930e-03   5.0785140e-02   1.1874967e-01   2.6129702e-02   2.2180205e-03   3.8130884e-03
   9.1363230e-02   5.6639669e-02   3.8981061e-02   5.0197451e-02   6.1275979e-02   5.8878815e-02   1.2442451e-01   1.1480681e-01   3.9862693e-02   6.3451322e-03   1.2164829e-01   1.7976019e-03   7.2927641e-02   1.7928383e-02   5.9449238e-02   4.4489061e-02   1.9180884e-02   1.3646426e-02   6.1571289e-03
   9.1993261e-02   6.2972208e-03   2.6925543e-02   6.8934065e-02   5.4151444e-02   5.5478553e-02   1.5077317e-02   1.2913205e-03   2.9365372e-02   1.2830468e-01   7.6291784e-02   3.2974837e-04   8.2522342e-03   9.0183313e-02   1.5131229e-03   2.9862460e-02   6.3334903e-02   1.5689235e-01   9.5521310e-02
   9.2234385e-02   1.2389312e-01   1.0716520e-01   4.6147345e-03   4.2969248e-03   7.2169406e-02   1.0738989e-03   1.1754110e-02   4.8824853e-02   1.8734613e-02   9.7116980e-02   7.0300897e-02   7.0355164e-02   1.7439373e-02   4.0085263e-03   9.2920687e-04   9.9612391e-02   1.2358554e-01   3.1890674e-02
   9.3115475e-02   7.2924809e-03   2.5106237e-02   1.3476995e-02   1.7525696e-02   1.2260624e-02   7.2705624e-02   9.2597458e-02   1.0254591e-01   8.2293027e-02   4.1134185e-02   2.0066384e-02   4.6882243e-02   7.1587149e-03   9.2072691e-02   9.8546797e-02   8.9765884e-02   3.9514633e-03   8.1502114e-02
   9.4771341e-02   2.4606567e-02   1.1020605e-02   6.1034933e-02   1.2638623e-02   5.7488507e-03   2.1350604e-02   1.1337716e-01   2.9294031e-02   2.7416611e-02   1.1549657e-02   6.7158907e-03   4.9526591e-02   8.5239463e-02   1.0767958e-01   1.2453481e-01   8.2759319e-02   1.1755212e-01   1.3183243e-02
   9.4872503e-02   9.8292223e-02   8.1034261e-02   4.3373083e-03   2.4743926e-02   6.1196347e-02   1.0198307e-01   4.9150328e-03   1.0372040e-02   4.9790517e-02   3.4659825e-02   1.1226266e-02   3.7957414e-02   7.5710380e-03   1.4465021e-02   9.3186942e-02   1.0017080e-01   1.0291084e-01   6.6314623e-02
   9.4896635e-02   3.6491206e-02   8.1108539e-03   1.8921159e-03   1.0203347e-02   1.2924021e-01   1.1734049e-01   3.6428007e-03   9.6551922e-03   1.2552693e-01   8.7046818e-02   3.0141223e-02   2.2732906e-02   2.8137336e-02   5.8708971e-02   1.4642743e-01   1.6538792e-02   2.9418198e-02   4.3848544e-02
   9.5227273e-02   3.6351709e-02   9.8718939e-03   1.2657556e-01   6.6380257e-03   2.5502840e-02   8.4585287e-02   1.2531162e-01   5.1338233e-02   1.7257198e-02   3.6608223e-03   2.7223603e-03   6.7781821e-02   2.9635757e-02   1.2394752e-01   4.2868873e-02   4.3586904e-02   2.4822022e-02   8.2314277e-02
   9.5758416e-02   1.5153945e-02   5.0012065e-02   6.2841115e-02   1.1037824e-01   5.6800855e-03   2.2483004e-02   1.8626957e-03   8.9073879e-03   7.4552488e-02   7.8944893e-02   1.1513860e-01   9.3697986e-02   5.2101672e-02   1.7300824e-03   1.7562786e-02   1.4637870e-02   1.0789795e-01   7.0658715e-02
   9.7136727e-02   1.4308806e-01   1.3848428e-02   2.2178027e-04   3.9437771e-03   2.4085377e-02   5.6377263e-02   2.9038628e-02   8.2945287e-02   1.1371903e-01   6.8778935e-03   1.2525034e-01   1.1071337e-01   5.7804912e-03   3.7755954e-02   4.5187773e-03   5.1584872e-02   7.0883436e-02   2.2230510e-02
   9.7743321e-02   1.1820119e-03   2.4539911e-02   1.5286813e-03   5.0488760e-02   7.1562848e-02   3.6383496e-03   8.4809733e-02   2.6099960e-02   1.1061818e-01   8.5025352e-02   2.5881738e-02   4.2864129e-02   3.2233656e-02   1.2621158e-02   1.0851131e-01   7.3241393e-02   8.8073942e-02   5.9335569e-02
   9.9204649e-02   1.0358917e-01   2.8759992e-03   1.0693163e-01   1.7768541e-02   1.4685764e-03   5.6114500e-03   7.7701674e-02   1.2149510e-01   1.2947009e-01   2.3675894e-02   3.5976273e-02   3.3987260e-02   6.0975764e-02   1.1683606e-01   1.2676919e-02   5.3558887e-03   4.4146510e-03   3.9984418e-02
   9.9426093e-02   2.4102564e-02   1.2733195e-02   1.4472818e-01   4.4135158e-02   4.8918833e-02   1.0146596e-03   2.5829631e-03   4.0016725e-02   4.6319667e-04   1.9414897e-02   8.2421628e-03   1.1005816e-01   1.4751303e-01   8.5944899e-03   9.8843540e-02   9.4366075e-02   5.5328008e-02   3.9518065e-02
   1.0102069e-01   8.0523531e-02   1.2584675e-01   6.9695891e-03   2.6841946e-02   1.1793003e-01   9.0436062e-02   7.8832244e-03   2.7163010e-02   2.3647945e-03   7.2055209e-03   9.9338932e-02   7.3067603e-02   5.2068231e-04   1.2148568e-01   5.5368650e-02   2.5786932e-03   4.0772018e-02   1.2682598e-02
   1.0142500e-01   4.3944887e-02   8.2349145e-03   9.9779078e-02   1.0238112e-01   1.9277320e-03   3.2826772e-02   2.9894635e-02   2.9073964e-02   1.2940694e-02   1.0413652e-01   9.8276649e-02   4.2688122e-02   2.3468587e-02   8.3379042e-02   8.7084480e-02   1.6171266e-03   6.7049554e-02   2.9871128e-02
   1.0176757e-01   1.0758826e-01   2.3844567e-02   3.0658799e-02   2.2905216e-02   3.4937289e-02   6.5614676e-02   5.0952234e-03   9.9165045e-03   1.2657525e-01   9.5031440e-02   3.4597287e-02   1.0823371e-02   1.9263278e-03   1.0301339e-01   1.6150288e-02   1.1916750e-01   5.3884135e-02   3.6502903e-02
   1.0182117e-01   3.0899049e-03   9.3072505e-03   3.1606104e-02   2.5292095e-02   8.8011854e-02   4.7135641e-02   7.4968802e-02   1.5840696e-02   1.1519380e-02   1.1058483e-01   1.0747623e-01   3.7104682e-02   3.1087421e-02   1.2336195e-01   1.9596438e-02   3.4253453e-02   8.1955341e-03   1.1974656e-01
   1.0388906e-01   1.0135069e-02   1.5375558e-01   2.8007704e-02   1.8482214e-03   7.3485269e-04   2.1784933e-03   5.4134029e-02   1.4673601e-01   3.0605283e-03   1.0002464e-01   2.0705459e-02   9.9182950e-02   7.1697422e-03   2.1755203e-02   5.6911261e-02   9.0787904e-02   5.1018004e-02   4.7965297e-02
   1.0411922e-01   4.4987923e-02   6.6345715e-03   4.7951485e-02   1.1304064e-01   4.7314845e-03   3.1334969e-02   2.3582037e-02   6.1885102e-02   1.5568680e-01   3.2602398e-02   5.9297082e-03   6.0885900e-02   2.3758700e-02   1.9603133e-02   1.1749033e-01   6.9166955e-02   1.3272842e-02   6.3335803e-02
   1.0715360e-01   7.9475569e-02   7.0351235e-02   4.1360960e-02   1.3211337e-02   1.0212795e-01   4.9139429e-03   3.1498456e-02   9.2387250e-03   3.0212340e-02   4.5451604e-02   6.1776209e-02   9.2203913e-02   9.5597614e-02   9.7767661e-02   1.7759543e-03   1.5700744e-02   9.5810073e-02   4.3721131e-03
   1.0914027e-01   1.3216391e-01   7.2079489e-02   5.2126454e-02   9.3530809e-02   8.9191789e-03   2.5236181e-03   4.4602356e-02   6.3278290e-03   5.8488405e-02   7.5848024e-02   1.4795880e-02   5.4048885e-02   2.5267785e-02   7.4148607e-02   4.1008373e-02   2.2526885e-02   3.9039064e-03   1.0854934e-01
   1.0965482e-01   7.0383692e-02   1.2032693e-03   4.8142892e-02   1.1426328e-01   2.1253154e-02   8.6743758e-03   5.1630027e-02   4.1293361e-02   2.9931137e-02   1.2193397e-01   1.3728819e-02   1.3052331e-01   1.2166166e-01   2.5269103e-02   8.3009374e-03   2.2009430e-02   1.6344736e-02   4.3798018e-02
   1.1001925e-01   4.1321101e-02   5.3851027e-04   9.1663285e-02   5.8148847e-02   8.0215112e-02   9.8203116e-03   2.2581728e-02   1.6365559e-02   5.2644549e-03   5.0820096e-03   4.7136942e-03   1.1965326e-01   5.1024356e-02   1.1924384e-01   1.0004830e-01   1.0856088e-01   2.6191806e-02   2.9543697e-02
   1.1035089e-01   9.3879472e-03   1.3068632e-02   7.8178380e-02   8.2244172e-02   5.5023589e-03   2.1160585e-02   2.8024127e-02   6.7187990e-02   9.9342346e-02   9.6214010e-02   2.0906074e-02   5.1381519e-02   1.2646468e-01   1.0755347e-01   1.5940395e-03   7.0940342e-02   2.3910278e-03   8.1074082e-03
   1.1208866e-01   1.3711459e-01   4.0401457e-02   1.2663225e-01   2.5421183e-02   3.4862437e-03   7.4943266e-03   1.8554163e-02   3.8473388e-02   7.0678819e-03   1.3533927e-02   3.3156916e-02   7.8729148e-03   9.7617314e-02   7.2385432e-02   3.1584842e-02   9.1786727e-02   1.2683466e-01   8.4931300e-03
   1.1239892e-01   2.5883786e-02   1.7208599e-02   2.5007339e-02   4.5495183e-02   9.2575279e-03   6.5711864e-02   9.1718024e-02   1.1942903e-02   7.9460389e-02   1.0888714e-01   8.8676274e-02   1.6840351e-01   2.4174488e-03   3.0272632e-02   4.0784808e-02   1.9914230e-02   5.3329348e-02   3.2300698e-03
   1.1275458e-01   3.3777022e-02   1.0454753e-01   3.6505248e-02   1.0358644e-01   1.0644199e-01   1.3720229e-02   6.3426202e-02   1.0390287e-01   3.5466379e-02   5.9905209e-03   7.7867115e-03   1.0187363e-01   5.2350089e-02   6.2410023e-03   3.3578456e-02   9.4638763e-03   1.6192554e-02   5.2394670e-02
   1.1301581e-01   7.3039020e-02   1.1128991e-02   1.0240564e-01   5.0015236e-02   7.8962646e-02   2.7683681e-02   4.9301076e-02   1.0263182e-02   1.1771764e-01   4.4032724e-03   3.7865515e-02   8.4080619e-02   1.1791751e-01   2.6297484e-02   2.3044686e-02   5.6493008e-02   8.3505361e-03   8.0144454e-03
   1.1346323e-01   1.3171543e-02   5.1069812e-03   4.3357626e-03   7.2877892e-02   1.1792833e-01   2.8151773e-02   2.7127889e-02   1.2071919e-01   1.1322951e-01   5.1720644e-02   1.3559343e-02   7.4308490e-03   5.9500985e-03   1.3216607e-01   1.1733289e-01   2.4961873e-02   2.3121415e-02   7.6447189e-03
   1.1497435e-01   1.0013860e-01   5.3079105e-02   1.1640841e-01   5.5699786e-02   1.7958679e-03   1.0095424e-02   7.4509175e-02   8.4951287e-02   1.4324806e-01   2.0507817e-03   2.9740485e-02   2.5824577e-03   4.8373607e-03   9.0708198e-03   2.3393371e-02   3.4184497e-02   1.3248680e-01   6.7533609e-03
   1.1532276e-01   1.7546834e-02   4.4164891e-02   6.8306449e-02   7.4083021e-03   1.0644724e-01   1.0175413e-01   2.8120137e-02   5.1059965e-02   1.0272238e-02   1.8843260e-02   9.3950800e-02   8.6359376e-03   8.2158609e-02   1.3594097e-02   1.0545537e-01   4.2795008e-02   5.6063593e-02   2.8100373e-02
   1.1545947e-01   1.1352818e-01   9.5156266e-03   2.1090958e-03   9.0951093e-02   1.4014307e-02   6.9325584e-02   9.6172641e-02   1.9388094e-02   6.6961192e-02   4.6427443e-02   2.7124696e-02   8.3678284e-02   2.8732962e-03   3.6463831e-02   9.5054823e-03   2.6032946e-02   9.8536939e-02   7.1931798e-02
   1.1644191e-01   3.3311121e-02   2.6340633e-02   3.2743510e-03   2.0086510e-02   1.2435880e-01   6.4674931e-03   9.5607802e-02   1.3579196e-02   6.2977603e-02   4.9784268e-03   2.1936946e-03   6.2801866e-02   7.6021117e-02   8.3702745e-02   3.5281327e-02   9.7389767e-02   1.6625345e-02   1.1856029e-01
   1.1689666e-01   1.0143667e-01   2.4096180e-02   3.7562498e-02   1.0473364e-01   1.0535145e-02   5.8259909e-02   1.1795794e-01   1.1163779e-01   1.0341915e-01   3.5069994e-02   9.7998535e-03   3.8597224e-02   2.2778213e-04   2.8726049e-02   6.8287820e-02   1.8077496e-02   1.2674236e-02   2.0039604e-03
   1.1721465e-01   4.0761124e-02   7.8344005e-02   2.8617321e-03   7.6908281e-02   8.6173689e-03   7.2889421e-02   1.1623969e-01   1.2255322e-02   1.4254928e-01   2.4005021e-02   1.9999487e-02   8.4614744e-03   1.3508863e-02   4.7993045e-03   3.8243273e-02   1.1775615e-01   4.2932021e-02   6.1653527e-02
   1.1931988e-01   2.2878270e-02   1.9553096e-02   4.7634787e-02   8.4514303e-02   9.3854600e-02   6.3753623e-02   1.0976841e-01   3.5160698e-03   1.9301328e-02   2.3097624e-03   6.9106371e-02   9.3087224e-02   2.2284829e-03   4.1844751e-02   8.6173447e-02   3.2327850e-02   1.8817840e-02   7.0009906e-02
   1.1946283e-01   4.7228081e-02   1.2899297e-01   1.5358324e-02   2.0301191e-02   1.4005583e-02   7.7523625e-02   3.8397954e-02   2.9980061e-02   4.1951430e-02   2.8629373e-04   1.0482999e-01   1.2437142e-01   2.4718657e-02   2.3818601e-02   2.6180420e-02   5.8712285e-02   6.9128110e-02   3.4752175e-02
   1.2096379e-01   3.7182240e-02   1.3682022e-01   1.5465295e-02   4.2392295e-02   3.1837591e-03   1.9704272e-02   6.2713449e-03   7.5632551e-04   1.5599976e-01   1.0290262e-01   6.4408926e-02   1.0497424e-02   4.2345766e-02   1.4612984e-01   2.6086546e-03   3.0365597e-02   5.9019176e-02   2.9826919e-03
   1.2159116e-01   5.4766420e-02   3.6277898e-02   6.4595399e-03   3.3440888e-03   1.2262768e-01   1.0883251e-01   3.5973096e-02   8.4342128e-02   4.4804457e-02   1.8400451e-03   1.2222333e-03   1.1196391e-01   6.3144827e-02   9.7708562e-02   8.3118427e-03   4.0259199e-03   8.1611937e-03   8.4602483e-02
   1.2201071e-01   2.2446680e-02   6.3870027e-02   9.8750992e-03   3.6676146e-02   2.3807702e-02   3.6461670e-02   2.7549677e-02   3.0533274e-02   7.2989026e-02   9.1497621e-02   1.7190896e-02   9.5503024e-02   9.1272971e-02   3.2840198e-02   5.9020740e-02   1.4161605e-03   3.4847786e-02   1.3019059e-01
   1.2286441e-01   6.5344545e-02   2.2324347e-02   5.7969544e-03   1.3568480e-01   1.2147535e-02   1.1450440e-02   1.8200232e-02   1.4811547e-01   9.1116085e-03   1.0316538e-02   1.3507571e-01   5.4684251e-03   6.4737744e-03   1.1213772e-01   7.8848964e-02   7.3790366e-02   1.4372764e-03   2.5410901e-02
   1.2319990e-01   1.0687119e-01   7.1959955e-02   1.7671830e-02   9.3232023e-02   1.0579403e-01   2.8353104e-02   4.5115204e-02   1.7348138e-04   1.7389070e-02   1.4055794e-02   9.7109123e-02   1.3011645e-01   4.9216044e-02   1.9515618e-02   1.4743883e-02   2.9202634e-02   1.2115150e-02   2.4165515e-02
   1.2391764e-01   2.1496241e-04   4.4405922e-02   1.0317621e-01   9.2574592e-02   5.5304882e-02   1.0429832e-01   2.3221748e-02   1.0678123e-01   5.9156387e-04   2.0353906e-02   1.4386938e-02   5.1139937e-02   4.1073339e-03   1.2648794e-01   9.6152912e-02   1.1248163e-02   9.3876898e-03   1.2248112e-02
   1.2762391e-01   1.0151792e-01   1.1765046e-01   1.1067077e-02   7.6171493e-02   1.2444724e-01   7.7687105e-02   3.9607543e-02   1.5755530e-02   5.0932494e-03   4.0379968e-03   2.2762284e-02   1.1960670e-03   1.0887712e-01   3.3541458e-02   1.0309017e-01   1.8390357e-02   9.2515057e-03   2.2315097e-03
   1.2792215e-01   1.1793834e-01   7.9018026e-03   5.6768305e-02   1.7736943e-02   2.8461736e-03   2.9550794e-02   1.3175586e-01   1.3111920e-01   5.1702288e-02   4.3079914e-02   9.1143469e-03   3.2214958e-02   5.9129953e-03   3.5198828e-02   1.6666342e-02   3.3441001e-03   8.0461609e-02   9.8765057e-02
   1.2824063e-01   1.1833238e-02   1.0100400e-01   6.0192380e-02   1.5168392e-02   1.0264287e-02   9.9254177e-03   2.8426251e-03   7.9789485e-02   9.0166537e-02   4.9658768e-02   4.9543169e-02   7.2372459e-02   2.3934644e-02   1.0054375e-01   1.3322530e-01   2.4084197e-02   3.6484097e-02   7.2662525e-04
   1.2882490e-01   7.4992293e-02   6.0884206e-02   8.2057965e-02   2.2153156e-02   2.0275985e-02   1.6217383e-02   1.9935464e-03   5.6594430e-02   2.6523206e-03   4.2228430e-03   8.3435446e-02   1.1590499e-01   7.7388875e-02   3.5397246e-03   4.7279341e-02   6.8294434e-03   7.2756703e-02   1.2199645e-01
   1.3094090e-01   5.7719866e-02   4.8519486e-03   3.0100325e-02   3.1760960e-02   7.3174520e-02   1.2207747e-02   4.5196344e-02   1.7740391e-03   1.2245827e-02   3.3875699e-02   5.5581577e-02   1.1108881e-02   8.3666584e-03   1.6077321e-01   8.7766533e-02   6.7156074e-02   1.6068320e-01   1.4715693e-02
   1.3137867e-01   2.9006692e-02   4.4583100e-02   1.4117439e-01   3.4528077e-02   6.3314837e-02   5.0411936e-04   5.5866388e-03   7.8858513e-02   2.6053899e-03   8.5338640e-02   6.4319291e-02   3.7442584e-02   1.4296221e-02   1.5174707e-01   6.6622498e-03   3.2694295e-02   9.8194817e-03   6.6139743e-02
   1.3397824e-01   3.1806720e-02   8.2036760e-02   1.5122706e-01   3.4434756e-02   5.3673622e-02   8.1916772e-02   7.3144342e-03   9.1582517e-03   1.3944798e-01   6.6887817e-02   1.7572184e-02   1.4278554e-02   5.8501782e-02   5.1736955e-02   1.2339871e-02   7.8156169e-03   6.7517594e-03   3.9120870e-02
   1.3520555e-01   1.1700777e-03   3.0394481e-02   3.6779817e-03   6.4571282e-02   7.3276741e-03   3.6576805e-03   3.7875844e-02   2.0008038e-03   1.3203036e-02   3.8012657e-02   9.9932514e-02   1.2464939e-01   6.0528784e-02   5.2521312e-02   4.3171103e-02   1.2433901e-01   4.7956838e-02   1.0980398e-01
   1.3523092e-01   7.1089986e-02   7.4802958e-02   1.1042554e-01   1.3681694e-01   5.8064344e-02   2.2093569e-02   5.0221357e-02   5.7501643e-02   2.5243443e-02   1.0889369e-02   9.2936522e-03   2.8921580e-02   4.4038486e-03   4.0660302e-03   1.3064080e-01   6.0093193e-03   1.9863127e-02   4.4421582e-02
   1.3757753e-01   3.6657600e-02   6.1204749e-02   1.4361495e-02   4.1173200e-02   2.5373369e-02   1.5228686e-01   8.1740897e-02   7.6842277e-02   2.9046552e-02   4.3608336e-02   5.9041302e-02   6.0939460e-03   2.2384989e-02   6.4864303e-02   6.6295486e-02   6.2443245e-04   1.2541346e-02   6.8281330e-02
   1.4104858e-01   1.8761806e-02   4.9149044e-02   3.1889887e-03   2.7078576e-02   5.6032062e-02   2.0503714e-02   1.6815374e-02   2.2637933e-02   1.1566336e-01   1.3113983e-02   1.2613973e-02   8.5567490e-02   1.4126867e-01   8.6403113e-02   1.3596000e-01   1.9787938e-02   9.0219241e-03   2.5383472e-02
   1.5172483e-01   1.6836306e-02   3.9489225e-02   8.1575575e-03   2.7648871e-02   4.8325012e-04   1.0731127e-01   5.0767796e-02   1.5438965e-01   9.5317921e-02   1.7532133e-02   8.8552464e-02   3.6175630e-02   1.9470182e-02   1.9917621e-02   7.5878084e-03   1.1707101e-01   9.6210363e-03   3.1945439e-02
   1.5233168e-01   5.6255244e-02   3.4196324e-02   2.6847887e-03   7.9113951e-02   3.4851110e-02   8.0284946e-02   8.6871262e-02   1.1639959e-01   9.1651565e-02   7.4602631e-03   3.0457311e-02   1.9205830e-02   8.4293468e-03   1.6498311e-01   3.4763619e-03   1.8675492e-02   8.0748793e-04   1.1864338e-02
   1.7580773e-01   7.8875311e-02   3.9681171e-02   6.9952700e-02   5.0423942e-03   8.6281625e-03   6.4992056e-03   5.5783838e-02   3.2736609e-02   3.2933397e-02   1.2006928e-02   6.1932046e-02   2.4694556e-02   6.2504743e-02   2.8332741e-03   3.5353408e-02   1.1220664e-01   2.2388558e-02   1.6013933e-01
   1.0000000e+00   0.0000000e+00   0.0000000e+00   0.0000000e+00   0.0000000e+00   0.0000000e+00   0.0000000e+00   0.0000000e+00   0.0000000e+00   0.0000000e+00   0.0000000e+00   0.0000000e+00   0.0000000e+00   0.0000000e+00   0.0000000e+00   0.0000000e+00   0.0000000e+00   0.0000000e+00   0.0000000e+00
