0.007917160043206195
1.8490973806979696
2.081975183629993
1.9502517585293617
1.707908047942976
2.1043294532986607
-1.2653020441971012
-8.302221964068899
-7.2416072755585885
-7.390707449936571
-3.129004824411995
2.09824059876712
0.025250448503356893
-0.03515199999999652
-0.10428100000000029
23.315293280000333
-23.205980000000636
0.10802000000057888
-0.051838199999998835
-0.00830500000029133
-0.05546100000083243
0.08573899999919377
-0.08215399999998851
-0.20124054054076623
3.9934891891889492
0.3208594594589158
-14.017641891891888
-0.11059999999997672
0.8831000000000131
0.38110000000051514
-17.518824000000002
-0.10291325520029204
-0.0020637200004784972
0.051169479999771283
-0.11802004000000466
0.13827414208003574
0.13472849999999426
0.012158220000060282
-0.014363205999999629
0.12318866699996533
0.13079375600000276
0.005883756000002904
-0.006521044000000309
-0.02961847302503884
-0.028514456935226917
-0.04131880961358547
0.06606337704579346
-1.8771010218188167E-5
0.0036532375936531025
0.005214680338077926
0.0860623917369594
0.05603203689588554
-0.0598468105745269
3.4812560000000303
-124.67520999999988
136.1070665000002
-68.85718587291481
-0.024875565177726516
-0.30304174899999997
-0.31523982436101505
0.013995972940847423
0.0442368999999978
-3.0648599999999533
-3.461549999999999
-207.99665103089842
-15.986491116251955
8.9414392745731
-10.576309554732598
-4.723862774902443E-5
-7.351239426165795
5.9401916616685924E-5
-41.40274534484881
-40.959704914546876
-36.28347913558528
-23.339675783291316
-21.477317831454798
0.31338353845194433
0.08148353845217571
-0.30861164300176824
0.20308835699825067
2.815601974269839
-2.8346980257301766
0.013260336520033889
0.03905312883125589
0.05527759387769038
0.0
0.19369297133380314
0.0857586689562595
0.009359139687603601
-0.01064209174046482
-0.701261780659479
-0.6868150189802691
-0.014875161423333338
0.18644314384346217
0.0
-2.024565327610617
16.682136999999997
0.33950000000004366
-1.2999999999999998
