   2.6500000e+03
   5.3000000e+02
   2.6500000e+03
   1.0600000e+03
   1.0800000e+02
   1.0000000e+04
   1.0000000e+03
   5.0000000e+00
   5.0000000e+00
   2.0000000e+00
   1.0000000e+04
   1.0000000e+04
   1.0000000e+02
   1.0000000e+03
   1.0000000e+02
   1.0000000e+01
   1.0000000e+02
   1.0000000e+02
   1.0000000e+04
   1.0000000e+04
   1.0000000e+04
   1.0000000e+03
   1.0000000e+04
   1.0000000e+04
   1.0000000e+04
   5.0000000e+02
   5.0000000e+02
   5.0000000e+02
   1.0000000e+04
   1.0000000e+03
   1.0000000e+02
   1.0000000e+02
   1.0000000e+04
   1.0000000e+04
   1.0000000e+04
   1.0000000e+02
   1.0000000e+01
   5.0000000e+01
   1.0000000e+03
   1.0000000e+03
   1.0000000e+03
   5.0000000e+01
   2.0000000e+05
   8.0000000e+00
   8.0000000e+00
   1.0000000e+04
   5.0000000e+01
   1.0000000e+04
   1.0000000e+04
   1.0000000e+04
   1.0000000e+04
   1.0000000e+04
   1.0000000e+04
   1.0000000e+04
   1.0000000e+04
   1.0000000e+04
   1.0000000e+04
   1.0000000e+04
   1.0000000e+04
   1.0000000e+04
   1.0000000e+04
   1.0000000e+04
   1.0000000e+04
   1.0000000e+04
   1.0000000e+04
   1.0000000e+04
   1.0000000e+04
   1.0000000e+04
   1.0000000e+04
   1.0000000e+04
   1.0000000e+04
   1.0000000e+04
   1.0000000e+04
   1.0000000e+04
   1.0000000e+04
   1.0000000e+04
   1.0000000e+05
   1.0000000e+05
   1.0000000e+05
   1.0000000e+06
   2.0000000e+00
   3.0000000e+02
   2.0000000e+00
   1.0000000e+03
   1.0000000e+03
   1.0000000e+04
   1.0000000e+04
   1.0000000e+04
   1.0000000e+03
   1.0000000e+04
   1.0000000e+04
   1.0000000e+04
   1.2500000e+02
   1.0000000e+04
   1.0000000e+04
   1.0000000e+04
   1.0000000e+02
   1.0000000e+04
   1.0000000e+04
   1.0000000e+04
   3.5000000e+01
   1.0000000e+04
   1.0000000e+04
   1.0000000e+04
   1.0000000e+02
   1.0000000e+03
   1.0000000e+03
   1.0000000e+03
   1.0000000e+02
   1.0000000e+03
   1.0000000e+03
   1.0000000e+03
   1.5000000e+01
   5.0000000e+00
   1.0000000e+01
