1193.0827495110718
4.217463790959372
787.6828699513006
265.0046077891769
27.289704539190446
106.87198518379616
213.2425738827891
0.2000509277306687
0.2625445248201656
0.9138711148904316
398.7874529359414
2590.6314607480417
6.497785881206456
54.2786964631604
15.276717456295113
1.2032398401759061
0.45632497905224806
0.522125156071641
432.6862143324859
513.1273554430772
940.0115559141962
2.130928832267238
2968.168747728997
2869.1803791543866
1013.386550539057
33.339077295304136
0.5027950761004668
0.00265924718980169
203.89240020875124
1.809431800805517
4.703034123272891
0.001001128109452045
1192.9110140529644
1194.9979697419537
1527.451497887077
8.140454147337506
0.9095650545729497
1.0677349908033678
80.30994373609666
79.82378262417902
0.010000002073553201
0.004165463371123855
8235.71188500306
6.482384344652202
6.4421196478918175
1439.4319622107025
31.4714350447503
3121.1447546278264
51.68049160736607
9086.64516669922
9085.76266746451
9969.25672647047
9971.163599941927
5720.9125496473325
5699.770453120047
5977.635430622334
7094.934902540136
7362.398893640962
3.640117502334325
0.2670314317190626
46.65689307933851
0.37723108281505896
10.858875654366738
0.4747137133831586
7.645920761786719
0.45448719611692273
1.0639283035731373
1.320427856485939
0.7318947586636023
0.5175783499174901
2412.619552799967
2412.4048155852897
2648.3329279156246
2648.862653759209
1513.887529037807
1508.2327094011757
6043.106297900125
7871.312020111145
5033.236157372491
972.1280134016662
0.5601772855966473
299.53488995142186
1.4934785143932527
66.73557532577561
27.63448907034152
5016.048913473547
4952.946160103136
6275.4680881248905
51.88057428479848
5082.745943740405
4980.503969852541
6303.1981804693
79.42675603897747
3389.044570197452
3350.551521539347
4240.507289896106
21.01532598522677
4828.32359499086
4790.873634101054
7362.03075462164
34.996947305682966
2280.3825408233174
2242.330967694149
1433.947220044442
34.561296990927936
218.7724368122915
220.77759704520327
346.55343275712494
2.2821409195355815
218.9167757859443
220.9384597473157
346.6193921289819
2.3014210919914064
0.8080861225732227
2.0
