   1.1930234e+03
   4.2177235e+00
   7.8769861e+02
   2.6500000e+02
   2.7291484e+01
   1.0687964e+02
   2.1347092e+02
   2.0000000e-01
   2.0000000e-01
   5.0457865e-01
   3.9878258e+02
   2.5906370e+03
   6.5335640e+00
   5.4275857e+01
   1.5272342e+01
   1.1976896e+00
   2.0901333e-02
   3.4896244e-02
   4.3267382e+02
   5.1313330e+02
   9.4000473e+02
   2.1237632e+00
   2.9681787e+03
   2.8691840e+03
   1.0133892e+03
   3.3352493e+01
   1.5300672e-01
   0.0000000e+00
   2.0388635e+02
   1.8115958e+00
   4.6941960e+00
   1.0000000e-03
   1.1929134e+03
   1.1950050e+03
   1.5274456e+03
   8.1134382e+00
   8.9575696e-01
   1.0737129e+00
   8.0312527e+01
   7.9811060e+01
   1.0000000e-02
   1.0000000e-03
   8.2357031e+03
   6.4069748e+00
   6.0097914e+00
   1.4394439e+03
   3.1480374e+01
   3.1211436e+03
   5.1682137e+01
   9.0866636e+03
   9.0857689e+03
   9.9692534e+03
   9.9711691e+03
   5.7209022e+03
   5.6998074e+03
   5.9776473e+03
   7.0949413e+03
   7.3623681e+03
   3.6348269e+00
   2.6703098e-01
   4.6676221e+01
   2.6547993e-01
   1.0845623e+01
   2.6568103e-01
   7.6111454e+00
   2.6413215e-01
   1.0602302e+00
   1.3167829e+00
   7.0940194e-01
   1.3203180e-01
   2.4126402e+03
   2.4124083e+03
   2.6483329e+03
   2.6488446e+03
   1.5138898e+03
   1.5082395e+03
   6.0431212e+03
   7.8713028e+03
   5.0332204e+03
   9.7205002e+02
   8.9593848e-02
   2.9999972e+02
   1.4927922e+00
   6.6740705e+01
   2.7668061e+01
   5.0160168e+03
   4.9528989e+03
   6.2754709e+03
   5.1883016e+01
   5.0827492e+03
   4.9805115e+03
   6.3032247e+03
   7.9468923e+01
   3.3889993e+03
   3.3505468e+03
   4.2405039e+03
   2.1038450e+01
   4.8283326e+03
   4.7908738e+03
   7.3620286e+03
   3.5000000e+01
   2.2803828e+03
   2.2424071e+03
   1.4339359e+03
   3.4571708e+01
   2.1876562e+02
   2.2077722e+02
   3.4655646e+02
   2.2786107e+00
   2.1890971e+02
   2.2094291e+02
   3.4659724e+02
   2.3069859e+00
   1.0000000e-01
   2.0000000e+00
