 1.11289 0.0526139 2.73 6.60689 7.27317 2.06073 4.46785 2.45173 3.0109 0.808741 17.2055 15.6736 18.5873 3.29588 24.178 18.1216 26.0061 13.1895 21.3351 28.1405 17.5206 17.2203
 0.0386975 1.18265 0.298654 2.76986 3.56212 4.81655 3.10532 13.5878 5.95972 8.04224 6.87722 16.5708 7.51506 17.2681 24.1121 19.5582 32.2298 20.377 23.1651 37.4853 26.2264 40.4563
 0.726524 1.38249 0.337291 5.23258 0.635701 6.59786 6.65841 7.33177 17.8143 3.58837 2.01422 21.8495 7.53172 17.9261 19.0948 14.8608 5.07193 8.4015 5.05863 30.925 39.7377 13.8901
 1.07791 1.52312 1.79046 6.25703 4.23353 3.78967 5.74065 10.431 6.02344 12.3124 13.698 0.944853 0.32136 8.7853 17.3443 9.30399 3.46983 33.1797 34.1637 22.729 22.1619 41.1613
 1.58525 2.65059 1.0723 3.1981 4.85 3.7915 0.957488 0.943388 16.0537 16.6894 13.596 3.0726 11.2151 7.6881 6.75497 6.82833 13.1322 35.3529 29.308 16.6277 30.273 33.6912
 0.448866 0.58095 4.55416 3.90271 9.94873 8.1825 8.8323 5.61492 3.56352 0.195929 19.6205 15.9299 12.5378 26.8695 6.68081 11.7357 19.6371 6.7535 23.4005 3.94177 9.27366 1.09037
 1.90765 0.33961 3.68639 5.80657 3.87127 7.56908 1.03909 2.399 7.5006 9.94964 0.520341 9.71075 2.28443 26.4884 29.675 15.4643 6.86911 26.1735 28.6563 17.1441 39.9786 35.2019
 0.654866 0.209601 5.32157 0.493912 8.82504 8.91934 8.6144 13.8574 5.81744 7.87011 3.25968 14.7771 16.4631 27.3386 8.78201 6.64766 22.5985 28.9795 0.0255135 24.554 21.9504 0.183966
 0.155339 1.50578 1.20835 1.81182 1.60588 3.6267 8.80538 2.29206 6.6321 2.6838 17.0766 17.8292 13.8732 13.5322 29.5935 30.9267 14.2446 28.8477 6.92459 28.5189 34.7874 29.7366
 0.21015 2.97824 0.0871609 1.83087 2.44972 6.28327 4.12006 14.4033 11.0729 10.2524 5.99768 9.51738 0.760949 27.1164 17.5768 2.83212 1.24412 27.4128 21.6064 25.4122 7.20103 11.0849
 1.49968 0.479507 4.04273 6.03095 5.86535 5.69732 4.70754 9.89093 6.10089 9.60662 13.9666 11.1888 12.8726 3.25486 23.9637 19.3561 22.1108 19.7342 37.0978 6.19037 10.4209 23.3247
 0.303598 3.68896 0.531205 4.03259 9.72442 6.5649 0.147404 2.85653 2.47584 19.1357 14.3903 20.7904 13.2654 18.4371 21.2738 11.6263 20.5637 32.4151 21.1484 26.0225 25.5522 10.2672
 1.41661 0.792993 3.54613 4.03333 9.52757 1.86847 0.871181 12.9872 10.9955 4.13831 11.6415 10.9742 21.0709 10.455 6.39058 13.4506 6.2486 19.6365 22.039 15.634 37.6343 1.03262
 1.68529 3.55821 2.45424 6.80001 0.887783 6.08551 12.4384 3.42589 3.47398 15.8861 14.5044 17.0279 4.36256 23.3241 18.507 23.2624 3.76141 0.745994 37.9559 30.5307 16.9169 4.36146
 0.849086 3.70873 1.89758 7.66088 6.09119 5.08499 9.59667 3.90197 11.8178 5.97613 17.5835 7.50023 8.83541 6.27473 5.10788 17.3482 9.29508 21.7745 12.8112 22.143 16.1465 34.7963
 0.713034 1.43681 3.53587 5.37809 1.40294 11.707 1.13565 7.06418 5.317 10.5954 2.97702 19.2567 16.1529 10.9635 25.1549 13.0375 31.3499 13.0247 24.6159 32.2312 12.1577 19.7622
 0.37257 2.72469 3.07517 2.1236 1.81372 7.95361 10.7883 9.15116 17.1249 9.7879 5.84729 0.1648 9.04093 22.6336 28.5379 16.8316 18.9824 14.0541 0.415174 23.4919 28.4901 1.85443
 0.49678 2.44453 2.7311 7.97412 0.390027 8.96182 1.58385 1.0264 0.070864 9.54802 14.6199 7.75365 1.56395 2.61141 18.4091 20.2994 0.145268 20.3934 17.4408 30.3427 11.9936 37.678
 1.80242 1.43205 0.748375 1.42485 1.61962 7.97742 8.88528 4.25745 5.76745 1.92145 2.18274 3.87463 1.91626 16.7486 2.00598 17.8355 28.1291 36 15.7557 9.25932 21.9184 6.94235
 0.0780053 2.39277 0.615436 1.37626 3.30485 10.9259 0.522538 7.32737 1.56505 2.88217 17.3807 22.8134 0.607807 2.64046 19.6524 7.22874 18.1201 25.8055 32.6688 32.7927 35.9795 10.7358
 0.679586 2.09796 1.90435 0.864772 0.961638 11.3467 10.8455 3.23106 9.66277 1.99347 21.0359 12.2142 18.5119 9.37407 24.6806 20.2711 28.8285 12.7237 23.6498 10.5228 3.60051 27.3343
 1.58196 0.372692 4.99106 7.52977 3.53526 2.95541 8.75668 7.60472 17.7264 14.3278 20.4705 23.8718 9.97406 24.3615 22.7076 20.4577 4.03015 19.2761 19.7312 38.7719 25.1985 31.2607
 0.0735496 2.35041 2.01331 3.36998 0.83224 1.40519 1.75604 12.1967 7.0397 16.2358 7.75542 15.5901 13.4598 16.3606 0.761742 10.1673 16.2638 26.3087 27.7007 3.70128 23.2655 5.89227
 0.279489 1.88141 1.06735 1.80865 2.61849 0.419691 4.34266 7.89428 0.718528 4.88174 4.4709 19.245 13.1345 17.2433 29.0176 10.4749 3.7749 12.494 31.9266 14.8027 17.4027 39.3619
 1.13858 3.34092 4.55232 4.4037 8.10205 7.92871 1.62145 8.68239 17.0958 19.4763 16.3098 16.6199 6.72951 7.19419 24.048 5.11344 26.5872 10.9834 23.8249 12.2929 36.4896 11.2259
 1.49754 0.862209 4.53017 3.75036 3.75317 10.5479 1.37449 8.80447 8.35206 12.3118 19.2419 6.72091 1.1688 20.1641 16.3234 23.866 32.4093 32.1525 33.7682 18.0804 26.2572 20.9506
 0.861232 2.75631 0.695273 0.202887 8.3813 11.3243 13.9034 4.06262 3.9986 12.6261 5.82446 20.9984 19.0586 26.1047 29.8709 12.0267 12.299 0.458144 29.2709 10.2457 14.8186 18.0944
 1.31364 3.03452 0.806604 6.98434 8.30256 7.51891 2.41615 6.60128 9.16672 18.3453 14.4185 21.2658 9.46782 11.295 12.4049 27.3504 1.75671 21.38 37.3656 0.814234 1.38176 39.8091
 0.437513 0.0598163 1.98474 0.093997 3.58592 9.89056 5.36509 14.6587 17.1793 12.5504 14.262 18.0987 14.7349 9.39628 3.51848 28.2245 21.5858 21.8063 14.9277 10.7205 17.9154 27.1772
 0.974212 2.88754 2.845 3.11972 9.97314 11.9216 5.64837 14.7002 14.6562 5.44023 12.3465 22.0854 0.532426 3.27622 10.4328 14.6391 4.56142 12.6599 25.1169 9.35209 14.8891 41.8408
 0.715781 3.33177 5.79565 3.6361 1.39988 8.25538 7.79022 14.9907 13.8383 1.19816 4.5461 1.56084 0.452284 22.6114 9.17203 8.80593 9.01389 8.24439 5.73473 24.0046 5.89874 33.3354
 1.97198 0.71279 0.717063 6.33418 6.35609 11.7015 6.79727 7.05979 7.05509 14.9944 12.2317 11.2994 8.03558 22.2756 17.5118 7.10373 19.1038 17.5896 9.04337 31.8039 1.08951 7.62853
 0.14362 1.08683 4.40492 3.34239 8.81985 3.11985 5.13138 2.69588 6.62221 10.8609 9.45073 20.1158 25.8818 3.14805 8.4405 27.3612 16.0563 13.2224 25.0183 28.2955 31.0946 33.4911
 1.72161 0.0510269 5.3582 5.41496 2.52113 7.72875 12.899 12.9872 4.12989 8.87234 15.3383 20.4733 8.34107 15.577 2.97006 23.2566 19.2345 32.8699 26.0736 7.9458 35.0707 39.4197
 1.65661 0.444594 1.47899 5.7304 6.96554 0.427381 4.65755 8.59304 0.388379 12.4436 2.56209 20.882 0.680013 11.9778 22.5428 8.97488 14.8651 18.1632 33.5467 37.1496 41.354 23.2481
 0.770653 3.92798 1.75457 6.00531 6.34541 5.10843 7.96667 8.84451 17.4084 6.13605 0.0456557 21.2607 12.6695 26.3209 7.95343 12.0385 29.754 3.89257 1.57952 15.1335 14.8135 34.658
 1.94531 3.02512 2.79208 3.45006 9.3527 8.09497 11.6612 5.40641 1.01407 3.614 11.6274 3.41612 9.61303 24.0607 7.2045 30.5537 17.7403 12.2413 33.1374 7.29637 18.15 41.3882
 1.48265 2.25422 1.89575 1.80132 0.270699 5.35453 13.6274 12.1664 11.2926 16.8389 16.571 20.4015 2.09638 8.01196 2.89224 16.9341 24.073 1.3195 2.50844 23.9766 26.5636 28.2098
 1.53929 3.94604 4.98685 3.23911 0.806909 2.41597 12.2807 12.6493 10.1698 3.71776 11.6019 6.73189 0.472121 9.09891 24.34 23.4626 17.7258 32.5897 29.6235 30.6223 17.636 35.3375
 1.13065 0.764306 0.797082 5.45451 9.17508 0.560686 2.77804 7.67992 15.489 4.76699 10.1658 11.336 16.5663 9.42875 24.4032 21.8806 20.101 19.9924 14.378 37.5341 6.10767 19.3902
 1.14457 1.29704 3.19071 2.45808 9.21079 4.27418 6.01538 15.1592 1.00638 12.3148 3.7102 15.5586 20.4869 4.26319 19.5608 1.47465 22.7677 15.2737 24.9731 34.0123 39.83 2.77828
 1.33842 3.86987 1.91314 1.92535 9.03989 0.684103 5.3386 14.7334 12.1842 1.00467 4.61794 18.6729 20.1163 18.5559 28.1826 2.00201 33.2954 15.578 29.4797 7.77367 17.6885 13.9089
 0.67275 1.46623 5.30125 2.95175 7.26951 11.2837 10.4772 8.79128 4.69405 18.2318 15.8304 4.08557 5.90429 6.4875 29.5999 1.03128 20.8823 9.44963 37.4028 30.8615 8.14826 6.48579
 0.806909 1.80096 5.24686 3.0416 6.11225 11.0749 10.1534 5.62859 2.42256 0.187384 12.8487 3.76696 9.49559 0.162358 19.4675 14.1567 4.79904 20.3253 36.6037 23.0561 15.1903 20.8861
 0.39906 3.69103 1.74963 2.99008 6.48457 5.98517 9.95898 14.7705 14.7386 15.9972 12.5137 11.4415 14.4445 1.98846 8.69045 24.8181 2.76424 29.0509 15.2756 27.9586 36.4602 33.5301
 1.26292 2.41353 4.4723 2.00885 1.23814 3.36814 2.10852 0.363781 17.1057 1.33061 20.4343 11.6612 14.3652 3.65905 17.607 18.2818 9.62816 17.2776 15.569 0.361339 29.3463 31.0324
 0.686605 1.21281 4.55983 0.0371105 0.522172 2.22187 8.36659 8.19312 1.02506 16.5307 21.9557 11.1515 9.29167 16.611 7.97998 7.64867 15.2718 22.3897 23.6139 31.5171 5.82824 43.9799
 1.56847 2.03339 0.38142 6.62398 9.06095 0.875637 4.52767 15.2788 9.06015 5.10575 2.84945 15.6304 14.2668 7.8496 26.3259 0.571306 12.8168 26.3581 20.9106 16.0576 23.5885 24.1492
 1.71453 2.40754 2.51082 1.09696 0.163274 1.81829 4.09143 2.19245 10.5219 8.96451 6.22462 20.8395 6.33753 0.643452 17.0275 31.6699 32.2277 26.0516 37.0201 16.0967 14.1675 4.21912
 1.92755 3.7163 4.96744 5.94256 6.7684 9.58696 3.90558 15.1059 3.61187 9.429 14.2687 7.59105 18.5476 23.2053 16.2264 25.4529 22.4844 9.66497 1.99585 28.9181 26.2918 32.0476
 1.648 1.26676 0.218818 1.38871 7.02231 3.69152 5.37492 9.25663 16.58 0.480361 2.07331 22.4025 5.34013 19.7129 21.4579 9.86554 23.9765 11.4481 21.8291 20.1666 6.97671 30.0106
 1.1279 1.29557 1.45647 1.14896 2.08289 11.9165 5.04508 9.93146 12.0969 15.2525 0.704978 6.61763 22.4341 6.28925 1.10874 19.3795 9.7423 13.3829 13.9222 9.15677 34.0427 41.027
 0.686544 0.60683 5.94873 0.0998566 8.22352 9.51518 1.73168 9.19999 15.7675 11.0196 14.6273 18.9315 22.7023 5.39116 5.82751 24.8875 12.134 30.4188 21.3188 32.0554 26.3328 38.4139
 0.755943 1.59539 2.60256 3.37974 5.17228 6.31806 9.66033 14.5605 13.7553 4.42274 13.3321 5.81707 7.43492 22.9592 4.65194 1.43657 2.3907 9.65508 10.4675 27.2445 41.6616 24.0243
 1.42918 1.37907 3.9682 5.96673 9.22269 0.0629902 9.99615 13.2997 16.1823 9.75494 15.2765 14.6064 10.5446 13.1442 5.77166 30.1884 14.9647 24.23 14.7479 30.0424 16.3516 1.70672
 1.32109 3.18162 4.55599 1.24931 4.17493 9.89019 12.5037 11.788 14.4398 1.48503 12.7762 9.81768 11.2611 18.9549 29.0359 19.7604 28.3377 35.8198 25.4497 36.2108 29.6475 18.5913
 0.993133 1.45561 4.25898 5.43425 6.96097 6.35945 12.5499 2.07672 2.16547 10.1987 10.0812 3.83361 5.77734 17.2297 28.4893 4.47084 9.81909 10.3846 24.0917 0.343028 34.2978 26.4266
 0.228584 0.0272225 2.61757 0.830348 9.02982 7.10031 4.08673 5.07535 1.57604 1.30863 6.20783 15.1096 19.4593 26.5251 2.05267 28.7665 9.67071 22.3666 9.7705 21.2409 12.737 12.7675
 1.32438 1.26835 1.39439 6.14252 0.535295 9.75652 4.29695 2.24372 5.37083 10.8139 1.99811 19.8602 7.83563 22.1918 5.62243 2.45515 22.0859 11.5755 11.2352 16.7388 15.5031 30.6403
 0.536821 0.467666 4.19416 4.83609 3.28806 1.74871 4.05084 14.1376 1.82159 14.4035 16.0359 13.5004 15.9315 25.6937 24.2897 22.195 31.3426 15.0023 16.4759 10.275 22.2606 39.041
 1.13669 3.67357 1.39805 0.492935 1.58025 11.0687 7.94916 0.303232 7.11551 18.009 11.2474 17.1297 6.78585 24.5648 17.6217 8.94363 25.0816 9.19254 1.47398 5.57634 25.3356 2.58895
 0.437635 1.81866 1.2642 1.75469 8.60775 11.3016 2.25251 2.9288 6.84469 11.8137 6.01782 14.9301 22.5452 8.79812 22.9145 16.9634 31.3717 2.17756 1.13767 19.3719 41.9846 18.461
 1.91729 1.4174 2.39564 2.04205 1.54118 2.88363 8.17689 6.30195 17.9528 18.3935 21.1218 21.6166 24.4805 16.4059 23.6122 31.2148 32.3107 5.73504 14.1124 39.9426 20.3521 41.8381
 0.39668 3.03439 5.66802 7.6914 1.60436 4.71584 13.6287 9.54472 9.67486 1.45207 11.6073 1.89264 23.007 26.9353 3.65856 10.8392 16.5325 17.4864 5.87738 26.5865 22.1401 19.0801
 1.43638 3.58043 3.87207 7.47191 8.03003 5.18314 0.200385 13.246 5.40599 17.1606 13.5658 11.4005 18.45 12.2965 25.8708 16.7193 32.5577 10.5175 7.9834 26.6903 9.85687 22.0128
 1.89148 3.77892 1.53392 7.65648 7.75903 6.88131 11.8983 3.51866 7.05618 17.7557 6.33473 3.71789 17.1955 10.9165 7.54509 20.9137 20.4454 16.2701 32.336 8.12891 33.3095 30.8068
 1.19797 2.37007 2.34565 4.89077 7.4517 6.38765 5.37364 5.66521 15.8043 9.48637 5.82379 9.72027 5.22666 11.4266 22.9429 31.0937 13.2194 33.0391 30.6962 30.1413 18.0372 12.3082
 0.684469 0.287484 2.15687 7.06394 2.05878 10.8043 4.16877 12.0375 12.2419 16.5349 15.055 10.9647 23.1411 13.3894 3.914 5.90057 24.019 15.8417 29.903 10.5167 12.8524 8.81961
 1.27 3.64318 0.275033 1.21097 6.08692 5.9588 11.3249 2.84237 17.1441 1.8012 10.4793 20.7619 18.7714 16.3897 20.4819 27.4833 28.3377 6.38765 19.4308 16.1553 23.8705 20.8512
 0.569292 2.39143 5.63378 0.177252 1.06876 4.65871 11.5082 8.54958 5.66802 16.8999 5.8493 14.1699 12.8298 20.7144 26.3369 3.23936 7.17728 34.6739 26.5259 12.5089 5.59239 35.6678
 0.930265 2.52779 4.00702 5.35563 6.81875 0.683004 11.2237 2.1905 6.93258 9.8294 6.18433 2.43538 0.707785 20.3145 23.8603 26.1776 12.7535 13.0686 12.0853 20.351 34.9912 21.0513
 0.526139 2.08136 0.576434 2.26228 6.11225 6.83077 7.53941 9.29276 11.9452 2.12165 5.42161 7.20872 15.0396 9.25358 2.94443 28.0145 11.8072 31.947 30.3993 30.5515 15.4121 34.1612
 0.566607 3.52245 1.5797 4.04089 3.69335 2.75582 1.72527 0.291513 1.9353 10.2524 17.4136 10.3853 18.0493 27.9564 11.6248 3.56359 12.8334 15.6077 26.5897 4.20911 10.6952 12.0759
 1.22611 1.98614 2.21198 0.190435 2.25532 8.07776 0.131169 15.2192 14.598 1.32328 13.7793 23.5181 7.36827 10.6772 7.77032 0.679708 10.8692 30.8165 33.861 21.4789 33.4634 25.206
 1.26872 2.44697 4.19599 2.89022 1.49663 3.79846 2.16791 5.08853 3.77502 12.8867 16.5307 11.4789 21.0876 22.3773 23.852 21.3844 25.1999 4.33204 25.2038 2.82846 0.283273 18.5711
 1.81939 2.13923 0.178533 0.24781 2.77688 1.93255 0.237556 4.8273 5.00443 3.85937 9.01968 21.4203 12.6719 20.916 24.6376 18.6119 7.60063 14.7891 13.7889 36.2523 31.6868 10.6861
 1.54833 1.61968 4.17475 1.62407 2.54311 8.92996 10.5708 8.73806 7.31272 10.2408 10.5001 5.03922 5.15842 26.8336 4.46516 23.3122 11.8933 16.68 19.6059 28.0612 1.9201 0.733177
 0.947111 1.41069 2.33668 3.89441 3.81695 2.472 6.95151 15.4072 2.95981 8.27113 14.0391 22.8156 22.0691 21.3929 10.1737 22.4577 23.7648 32.57 31.8373 18.4405 25.3138 35.5268
 1.62615 3.63598 5.19651 0.0781274 7.85302 7.01535 1.01047 10.6112 1.75512 11.3321 3.54369 22.0524 22.9554 5.49883 11.59 21.8376 31.4339 4.43202 11.5866 10.7938 34.2029 19.8965
 0.913114 3.97644 1.90289 2.22907 8.8873 2.58113 4.83828 6.18232 3.30534 17.6812 9.96771 9.47856 3.72936 3.15061 7.51213 4.30384 26.8549 28.762 24.7956 21.2311 35.0438 37.0563
 0.722678 3.124 1.65477 7.80053 4.91714 1.22282 3.92737 11.9613 13.418 16.635 0.057741 16.6148 1.07041 4.65712 14.9821 6.46992 0.170171 11.2273 15.1631 6.11957 9.61846 14.7132
 0.952666 3.20298 4.22071 3.90613 7.93146 11.8315 4.60714 4.86392 10.0632 3.51451 20.1503 5.21647 9.61144 10.5046 17.2308 0.661153 33.2301 15.7955 34.4014 36.7052 10.5836 35.8142
 1.79046 1.85125 2.9241 1.97589 9.22819 2.00836 9.92737 7.73803 14.0898 1.03641 3.10929 11.8678 3.48021 25.968 14.6269 8.24439 9.41441 24.742 6.91995 25.1473 28.094 17.0967
 0.537553 1.32096 0.479568 3.25547 0.625019 7.10068 11.1861 7.11106 4.51332 9.41252 17.4808 16.1328 15.342 10.8344 7.10562 25.2517 29.0796 32.459 10.9198 11.1173 8.24567 11.892
 1.12491 2.55867 3.35972 6.43013 1.76885 10.6545 4.64345 9.06424 13.9294 1.67791 18.8148 10.6585 11.6261 5.44841 29.5386 3.55089 32.7414 1.91168 12.3984 37.2069 7.80218 31.015
 0.652669 1.26249 0.698386 7.35594 8.60286 7.06589 6.26106 2.3946 8.6476 17.2143 0.905728 17.2564 25.4358 27.1668 7.23655 16.6177 14.1844 0.394421 15.7917 39.9597 12.2756 20.9748
 1.29203 2.89486 5.83996 4.45839 9.64812 3.48863 1.22068 9.86602 0.838282 17.5512 21.9181 9.18851 19.8085 5.80132 0.841395 28.2684 16.9279 7.56871 23.3321 26.1873 27.4403 7.29014
 1.9837 1.03702 1.27958 4.81118 6.29353 7.68041 11.3424 11.7689 0.442213 6.8862 3.9096 17.7757 1.02915 4.13672 12.1018 19.5406 14.3981 3.97058 33.6697 36.5233 28.6067 26.1701
 0.809839 0.828516 5.66308 2.23737 2.06214 4.90994 13.9808 11.159 9.24143 17.7252 2.88437 7.90234 9.56066 15.6838 28.2009 25.2137 6.96768 28.862 29.562 4.77798 3.13779 17.5103
 1.95154 3.02255 5.45323 2.97983 5.06211 1.77398 10.4221 15.0498 4.38148 12.2745 6.78726 9.13285 12.3259 11.994 26.1098 3.2667 27.7836 24.8529 29.1515 27.7352 8.73147 43.7811
 1.02091 0.911161 0.614338 3.56066 8.78445 7.34056 7.83251 0.493667 16.2141 5.08988 7.81518 21.8517 3.70714 23.5804 23.6341 19.9039 6.57234 17.839 12.4251 30.333 32.2085 4.17212
 1.53288 0.545061 1.91717 0.407971 0.337535 11.8931 8.28156 4.89761 5.67351 4.54726 21.5307 20.2308 16.925 7.23179 4.2143 15.5571 22.3526 16.6887 28.531 11.0147 22.3773 35.1159
 1.59441 0.766869 0.0113529 4.65493 3.35429 6.23457 4.99637 0.0542009 1.89685 12.4735 5.49748 8.79812 23.7767 11.8761 11.8125 19.6334 6.62423 12.5874 31.4372 6.14277 26.9109 2.21296
 1.80261 2.12201 1.9928 5.215 6.41438 11.5067 3.51506 13.31 11.5992 5.20951 13.1247 11.9908 4.24751 6.51741 24.1459 11.5365 18.3401 35.2826 25.8695 5.87909 26.6571 10.5022
 1.09391 3.18381 2.54268 1.8233 8.16584 4.26612 5.59539 0.913114 16.1339 18.0187 20.909 5.3029 21.4692 6.7712 10.8704 6.8547 19.0083 25.2594 23.0769 31.8381 12.4256 33.0171
 1.13675 3.74523 4.60103 6.1811 8.62117 11.7085 12.3337 12.0155 16.4201 0.563982 14.0821 3.53038 11.223 4.49733 21.8241 24.366 32.952 13.5916 25.7013 34.0843 28.408 41.587
 0.0496231 1.18168 5.71325 0.667013 3.63445 0.821436 1.67913 8.94461 12.265 16.6991 17.4747 5.04508 23.8663 25.6552 2.8135 29.8837 4.25428 15.4099 13.4989 6.68111 6.22431 38.0446
 1.01309 1.5772 1.37718 7.29148 7.53716 8.53188 6.20124 12.2772 13.2972 19.4952 8.01257 18.1968 21.4335 16.1384 26.5264 16.7193 22.5124 12.9796 21.6911 22.0173 29.3924 32.0624
 0.971831 1.43205 4.70687 3.63512 8.63765 0.922514 7.2476 3.8927 10.0248 14.8344 11.4133 13.6293 17.0567 1.5595 7.57805 25.9051 6.44368 32.9897 21.9671 9.51201 13.019 21.203
 1.34678 3.43797 5.23551 0.479751 4.94827 8.01038 11.3822 9.60234 7.64562 6.4388 5.0557 1.7 6.9017 22.2175 17.3544 16.0796 7.98041 0.0483413 33.5572 39.1125 5.03739 42.9701
 0.742943 1.40312 1.47844 4.65322 4.40809 11.7037 5.8291 5.09586 6.4695 4.49232 10.4525 6.12397 15.8871 2.33967 19.8071 19.3033 9.79522 21.3757 14.8326 39.0649 18.4755 19.0921
 1.29862 3.45372 4.69369 3.32749 6.22883 4.10242 9.4467 2.858 13.3735 11.4347 16.9745 20.6264 20.7186 2.57723 7.57897 0.842799 8.72854 16.4635 1.56212 26.0274 20.4367 10.6579
 1.82659 1.60845 5.89123 7.57811 9.07468 0.565813 4.18415 13.3681 16.8794 4.65163 18.2569 5.58708 0.502274 12.1726 2.39418 10.2952 0.38496 12.8203 22.8728 38.4411 11.9 24.2257
 0.493851 2.24677 1.27299 4.46449 8.83663 6.61177 12.8084 5.2902 4.43147 9.11344 2.73464 5.53581 1.67583 3.78893 18.4118 12.2367 4.55831 7.11496 2.89114 26.3411 20.247 5.56597
 1.73016 0.330088 1.70696 1.23246 5.03372 11.143 9.69024 6.53438 6.57112 5.99017 4.86099 8.82522 11.3841 13.0254 25.8837 4.88003 19.44 26.6866 21.7931 27.4703 5.05405 8.38453
 0.58797 1.03812 2.28468 7.42332 1.60802 6.22138 10.3461 4.95425 1.12174 8.51283 20.3765 18.9432 5.1251 5.83123 8.78201 23.0515 26.8704 30.0244 19.236 35.5101 26.2264 1.91888
 1.15867 0.195196 3.24619 3.76867 6.34083 3.18796 7.97052 14.1274 5.5587 6.18854 18.4301 1.63555 5.55675 25.7125 27.756 13.101 11.6194 6.84249 30.7089 26.7025 35.3066 39.2115
 0.11829 0.0396741 0.314951 7.69799 4.54207 9.77117 3.18564 0.0473647 11.5937 5.58184 17.985 0.387463 1.21165 10.4226 22.6627 6.1789 20.9352 5.32963 23.8818 0.842311 27.0532 42.492
 0.297861 1.97748 1.52788 5.10709 8.30897 8.52272 10.3363 0.732933 4.99619 12.6115 8.65242 5.78338 25.6636 8.1521 0.690329 18.6197 2.75698 8.61135 28.4243 36.8041 36.3089 21.1547
 0.577776 1.51054 3.72356 5.75335 3.7608 8.90542 7.68981 2.64901 7.97192 0.260628 5.59014 16.8799 6.70333 3.62401 20.5249 21.9763 22.198 14.7727 35.6238 6.24775 0.146123 32.5404
 1.66387 3.00143 3.70232 0.205084 6.50075 1.16019 9.59581 15.501 17.3485 19.2486 21.0889 15.9666 24.5868 26.4781 23.8484 2.60164 2.46333 35.6155 28.313 37.0861 26.3764 21.9335
 0.64919 3.85156 5.46367 2.74032 1.33122 3.20627 7.72784 8.36842 17.5495 10.0003 18.7887 18.9417 3.58574 19.3446 16.469 31.4228 16.5523 21.012 33.8204 15.4863 22.1581 3.05356
 0.955779 3.52245 0.588885 5.90545 7.30491 1.73772 11.8005 1.30082 7.21549 14.7905 2.77425 9.0076 1.31321 8.58876 16.2502 24.9197 30.0601 24.9189 25.619 26.921 35.7603 11.5965
 0.537004 3.11557 2.5414 1.66143 4.64034 0.952177 13.2865 1.39506 4.48366 1.60955 21.91 10.5194 20.6123 12.3623 17.6125 22.111 27.5335 18.184 27.892 7.68822 25.8201 33.42
 0.350902 2.45906 0.133488 6.10858 7.27989 6.37373 10.4832 9.04666 2.76205 8.70632 10.4048 3.53771 24.7233 27.8026 6.30085 29.6601 33.2539 28.8411 5.98523 33.8121 12.9985 19.3338
 1.33427 0.305063 1.42314 0.742454 5.00565 10.6117 11.4805 8.46071 0.435072 13.2926 19.54 16.9986 12.9988 19.5027 27.2716 26.033 4.34455 23.0544 23.5872 38.9062 41.8552 13.6537
 1.67827 1.85162 3.59465 6.02704 3.45439 8.08435 0.959624 2.66756 4.67483 12.2123 17.3988 16.4104 20.9844 6.20893 16.5349 17.9507 30.0176 11.7909 33.033 31.8369 13.5535 19.1458
 1.3621 2.83505 1.70403 1.75445 0.213935 6.20746 9.03098 15.2011 15.5873 8.75576 18.2126 15.5784 20.4567 9.58513 28.5278 8.18873 19.689 18.1456 27.3191 23.4016 21.6172 20.3047
 1.90838 1.42131 2.27296 4.26673 1.77618 0.877102 13.2472 0.239265 2.5978 0.990631 1.16758 14.1017 19.2618 9.3715 27.6315 31.0967 5.08646 30.5385 33.7822 14.2485 28.8849 21.5267
 0.419568 2.53377 1.35209 4.04065 0.673238 11.6733 8.26875 14.4316 8.47456 15.2635 19.0794 4.2577 4.73312 12.7682 29.7208 5.00308 11.2987 12.2249 20.8851 8.47438 37.1651 34.1706
 0.39729 2.60823 3.59667 7.48534 5.88672 6.65059 9.1677 8.77322 3.97497 16.5477 12.8957 17.3428 3.40324 21.9722 20.7804 11.0267 27.5304 0.249397 21.7549 3.95398 11.1809 34.2351
 1.88116 2.55904 3.83801 6.99533 3.86273 11.3269 3.72826 15.8203 4.0766 7.51366 13.3751 13.6828 2.87399 13.921 28.4362 11.556 18.1492 5.50652 9.89575 16.5484 38.4392 37.9318
 0.32197 3.45836 2.37495 0.37965 3.42143 3.02133 0.199957 2.15632 7.24186 13.0723 9.13785 1.23856 12.3093 12.0581 22.4403 5.0607 18.8174 30.7121 34.5487 5.63738 39.9184 17.3263
 1.57909 3.60265 4.46425 7.7478 6.77511 11.5843 9.39329 14.476 8.59267 9.2056 7.48552 22.0971 23.3664 4.63833 5.55925 28.6269 9.2515 24.9661 2.20576 28.2662 6.24482 13.8552
 1.74432 3.73876 2.03143 3.75182 2.013 8.20923 7.63683 7.75512 4.30128 6.68538 5.56395 13.1217 0.656209 13.4946 0.563066 13.9799 11.8373 31.0769 31.7109 3.27647 9.43388 23.557
 1.40892 1.7586 2.20667 0.796899 1.02969 9.04459 7.65947 3.93664 8.35206 14.182 5.43706 9.65654 9.37181 14.5371 15.9435 24.5476 17.9956 17.1216 19.6755 20.3595 16.731 43.663
 0.741722 1.6541 1.63079 5.40178 2.19123 9.09806 11.6133 7.16721 16.2229 13.9427 2.14515 6.38765 24.6828 26.2482 16.3573 14.4145 24.2919 35.5276 17.7098 6.80074 1.72527 33.2575
 0.594501 0.431166 2.37989 6.35029 0.355235 10.0616 12.0726 15.0659 7.2869 19.0112 19.6131 16.354 24.2297 12.4401 7.26035 30.873 19.9505 15.6802 37.5651 32.0298 6.02948 30.7182
 0.0420545 1.53935 5.51091 0.599628 9.36338 0.604999 0.571673 4.63588 13.1016 16.4696 20.1046 4.56532 4.70376 24.1376 0.618 30.541 12.8957 20.2352 27.8364 11.6312 9.61718 26.8429
 0.551347 0.65688 2.43849 6.11664 5.11765 0.937895 8.90579 10.3553 12.4116 8.89737 15.5155 7.7976 21.4113 2.09442 3.60546 30.8603 29.0899 11.3954 30.8771 13.5942 10.7682 38.6314
 1.59917 1.90411 1.33195 6.88595 2.0658 2.47859 1.72057 0.618183 10.0154 18.6047 7.94208 21.8759 19.0586 9.66802 8.73623 18.0963 17.8483 15.9768 13.8155 34.8717 6.52937 24.0659
 0.284799 0.214728 4.22877 5.29997 3.58776 1.85931 11.6415 15.1347 11.7414 8.77773 15.3813 13.1071 4.12214 7.03183 15.4033 19.7613 20.3552 13.5389 21.9694 31.1533 1.13437 18.4234
 0.547624 3.20371 5.35929 1.94806 8.67183 9.64885 8.0517 0.00976592 10.0176 14.9297 0.847316 18.5199 17.1614 13.5766 23.4053 11.7035 11.9846 6.79196 26.9875 11.8815 36.0103 17.1169
 0.260506 1.90167 3.00156 3.54894 4.6379 7.69396 7.41636 11.1859 16.0927 1.49663 2.46608 3.1605 14.7413 17.2032 12.1851 23.9294 17.5048 18.3367 4.73159 21.015 40.1709 6.37703
 0.974456 0.71157 0.784265 1.32768 9.74242 6.25947 4.47938 0.523453 14.0997 14.5518 4.8066 12.9533 10.3676 6.71395 9.10337 10.5042 6.05457 23.0588 13.819 37.0019 15.2198 10.7425
 1.68609 1.34623 2.49983 5.60784 1.54698 8.78713 1.49455 6.26582 11.1954 4.92141 4.81265 21.4592 5.26872 12.0103 9.80834 9.73663 22.1939 13.7729 19.6558 27.6388 12.0013 4.67837
 0.943754 1.86883 5.90497 0.704611 8.21284 11.5052 8.66311 10.7308 3.06638 19.0204 11.7295 5.39445 18.3159 13.8851 7.43431 21.112 26.581 27.3447 1.60271 12.1525 17.5732 8.46376
 1.13901 2.73678 0.431776 6.42061 1.60955 2.87228 8.83059 13.0336 17.5655 9.87762 0.302805 11.8392 16.9916 20.37 8.65841 13.3051 21.2008 24.1014 27.0965 38.8513 30.6755 10.9963
 1.2136 1.48442 1.97174 7.50902 4.59426 11.3972 7.07669 11.2503 3.25974 0.754418 12.8917 2.81991 23.4505 5.28007 17.347 20.8698 7.70232 1.44145 27.1255 27.0907 14.6956 26.0385
 1.48112 0.838282 5.6444 1.43876 1.23234 11.224 2.78274 14.8828 14.5612 10.7846 21.8261 23.313 18.5341 24.4102 14.4227 6.04706 19.7658 35.4726 5.05747 32.064 16.2991 25.12
 1.08145 2.16279 5.51677 6.6108 9.38719 8.58425 9.88379 4.60073 15.0655 18.8513 21.0211 15.6904 17.4066 23.1113 19.3365 4.42787 29.4759 12.9302 16.1257 15.0456 10.9169 15.2987
 0.994659 1.674 1.30833 4.88272 1.2067 10.1751 6.04572 4.18372 16.0746 10.8548 16.3568 20.2455 12.4997 3.45567 27.9748 19.025 31.9559 22.0349 32.7906 25.2718 12.1679 14.7696
 1.79583 1.33244 2.97153 4.84048 9.88372 8.35279 7.18778 3.20518 6.14319 19.1473 12.327 4.66128 1.9472 7.08652 7.66503 4.62807 26.0466 21.647 30.3738 7.49901 12.455 43.4723
 1.67919 0.244881 5.42668 6.70455 1.84271 7.13364 11.8564 10.4315 0.287851 13.7443 12.7695 2.15998 19.8783 8.90579 25.9505 9.11454 9.99963 21.881 26.5352 26.556 23.5706 20.7129
 0.972259 0.251228 2.39528 7.0842 3.55754 4.93265 8.21363 5.05533 0.315867 15.4234 18.7994 7.53319 2.14002 0.351207 29.6786 26.7069 8.13813 32.4623 26.1548 11.8583 8.50844 39.1269
 0.645466 3.66515 4.9808 3.00571 2.65755 4.20826 4.54048 11.7933 16.9315 3.51939 20.1919 21.3925 6.40498 6.62935 28.5635 21.9899 17.5473 14.2266 28.7073 35.8556 27.9504 31.3131
 0.450453 0.363659 4.11707 4.70791 5.2205 2.23176 1.98376 14.5263 14.0624 18.6071 18.0723 16.677 6.45418 3.50523 6.26423 10.7992 25.3005 30.7066 34.9825 35.7677 36.423 21.8543
 1.54546 2.0838 5.02567 6.65743 6.2981 6.58211 5.46379 15.5732 12.4847 4.82253 13.7142 10.8563 10.074 21.521 6.23493 6.91134 16.7556 15.1935 32.8509 32.7586 29.1284 26.632
 1.03024 2.38423 1.11057 5.0629 0.135197 1.12503 7.05875 13.8535 15.5329 10.8634 5.17991 5.20328 21.4748 18.338 22.5391 17.773 28.3366 18.6422 24.3688 1.80548 4.1286 38.8167
 1.974 3.77392 5.04563 4.87295 1.39256 10.7505 7.44328 9.07352 2.756 5.10269 1.26963 18.1741 13.9772 12.8178 21.5915 30.3378 16.1808 35.5561 17.6611 24.0535 7.25999 42.2127
 0.524247 1.48198 2.91202 6.81368 0.275277 11.4243 6.88998 6.76388 0.051088 11.442 3.51549 8.11109 25.9167 24.8938 22.801 17.3589 13.3761 21.346 7.43138 36.3366 14.0419 21.297
 1.78118 0.757591 5.88665 2.48445 4.01379 9.7514 3.69323 2.36824 7.28141 10.7974 0.49147 14.4057 5.66387 14.8242 28.395 19.3365 17.3782 29.8552 8.39741 4.79995 15.2109 36.6615
 0.564165 1.94293 1.89172 5.84979 5.9151 8.652 8.36488 7.76293 15.0199 11.1582 3.29057 8.66921 11.6308 13.5065 18.8266 17.5992 29.9999 20.3858 1.18754 36.234 21.5928 16.3568
 0.232246 1.34758 3.57268 5.67351 2.44331 10.5161 2.35249 8.48073 14.9704 19.331 7.36467 17.649 1.20927 27.659 23.9729 5.82147 31.1693 20.2297 2.99319 26.6646 21.057 29.1686
 0.598651 0.682882 1.69543 0.521256 9.73968 1.74468 6.09229 2.57576 12.1705 2.37678 2.82998 16.2874 0.277718 11.4147 15.5754 10.6136 26.8787 7.65331 22.3104 37.2631 34.6093 38.7362
 0.952849 3.97632 1.32298 4.90176 4.92447 4.45582 8.67122 6.46602 7.45006 18.8092 5.48271 11.7403 7.17307 24.6392 6.7037 2.58992 9.50468 20.3539 37.1778 27.2652 41.3745 27.0779
 0.519852 2.98727 2.66555 0.955351 5.6621 11.8125 5.99872 9.24979 8.10486 1.38798 8.99686 14.1157 15.3753 1.58342 13.3479 25.6727 1.34165 9.74517 24.1879 7.83959 22.7003 42.1295
 0.596393 0.68923 2.08142 3.79772 5.09018 6.42317 5.90771 4.90249 3.53716 17.2863 9.72466 16.3196 10.6477 8.95621 15.125 2.18171 31.8635 14.843 35.9195 14.2973 39.0314 33.6362
 0.356883 3.85192 4.05499 3.19932 9.53612 8.07447 2.79598 9.40849 17.0584 10.0327 18.0703 18.6348 2.38203 9.37321 10.4822 20.5807 18.3442 23.25 2.09442 31.9431 28.8592 2.93942
 0.172185 0.678488 0.867763 0.745872 4.75631 7.15818 1.00577 11.2899 7.27097 13.4715 17.1578 4.50233 22.5682 10.2388 0.223395 29.5468 14.119 15.5231 29.5191 18.1573 4.14014 8.04614
 0.472304 2.30171 1.84649 4.94205 3.94726 9.10465 8.88186 7.16379 2.81698 13.4629 9.38023 1.47514 14.539 2.65841 5.63158 30.3789 21.2257 35.3298 18.263 24.8982 30.4525 43.6683
 0.97116 2.22895 5.26865 1.92877 8.76217 2.35774 12.1098 8.84695 2.95761 10.7657 12.9877 0.413099 4.48238 9.6364 17.4761 3.52257 26.83 17.916 1.63054 6.84469 27.8889 23.9585
 0.701132 2.05963 5.99103 7.56493 4.27961 11.5012 1.23435 1.18656 15.7417 0.914335 17.0255 11.725 7.11673 21.0399 13.7022 16.355 19.7399 33.962 31.6993 25.8272 41.8 17.0269
 0.0259407 3.45433 1.37461 4.57094 1.55187 3.48424 7.98248 2.22614 5.64934 6.48091 14.3627 4.82608 15.9696 20.0598 10.1892 10.1331 14.8557 23.3335 23.5652 16.8755 31.9022 14.5051
 1.86779 1.94305 1.87451 1.26762 8.23328 2.1153 9.87225 15.4287 5.81634 6.35517 3.96533 8.96438 25.7929 11.7624 4.49721 26.3709 33.7759 2.2237 6.53841 10.4666 5.51292 17.9333
 1.04489 0.196539 1.48302 5.13834 0.182501 1.43999 12.3901 9.62627 4.50783 18.1426 13.8444 9.16507 22.8808 2.19184 0.722373 6.68673 5.28153 21.9437 18.1505 13.9543 12.8665 10.0214
 0.119816 1.36052 5.83062 6.02728 5.99017 3.95886 4.4247 6.00262 17.6836 15.8965 21.8241 9.29838 1.81549 11.9769 18.1481 13.4926 4.19617 16.9909 31.7562 28.1417 6.80239 12.4868
 1.75518 1.46599 0.870144 3.23936 3.44249 4.23902 5.50951 14.8134 5.4818 18.7262 3.36106 10.1165 15.6117 10.8951 21.1374 7.70043 3.55181 30.1924 35.4927 17.177 3.06088 36.5662
 1.51598 0.286752 1.50499 5.12931 3.21055 3.91272 12.3986 13.725 6.57332 18.8348 6.6946 6.60738 17.6692 14.9498 6.37501 19.9469 1.25346 14.4178 14.0405 6.61641 21.9197 7.06858
 1.59398 2.79305 3.95428 7.97925 1.7716 11.7894 3.43175 12.5492 10.7362 2.72286 6.45424 21.0981 7.57219 0.643452 29.8416 27.6288 18.7624 5.94378 3.92907 0.485855 18.5114 9.37956
 1.30473 3.08798 2.89206 4.03235 4.05042 0.370617 13.6778 11.8016 17.0936 9.20255 2.27943 7.29807 21.904 19.8727 13.6601 9.37822 24.0066 26.5921 6.65902 28.6044 28.9348 2.68563
 0.685141 3.87097 1.15488 1.51738 7.67205 0.922514 3.81329 0.92581 15.277 14.8961 13.6249 16.8345 17.0559 20.6041 15.7952 31.4033 30.0591 22.738 28.4928 25.1485 35.4399 21.3937
 1.33256 1.57414 0.847804 3.30723 6.38325 6.93405 2.84213 10.1834 17.7984 14.702 6.65566 0.774194 12.8377 22.872 7.37571 22.4255 27.1714 19.7222 14.1043 23.6445 28.0389 13.6739
 0.0376598 2.86203 2.76699 2.57894 1.29093 11.7898 10.7421 6.10517 2.20063 3.60729 12.6077 23.3034 18.6889 3.98889 26.8413 31.792 29.0661 22.504 10.2008 36.9958 14.7033 40.9102
 0.018128 2.65279 2.89901 6.40596 6.41957 10.2875 1.85302 10.0692 7.48027 19.895 13.9975 11.9022 7.80071 0.863063 0.950346 2.60555 12.8656 30.2397 31.3526 39.1455 1.54198 11.8947
 1.90533 1.74261 5.15531 0.668233 0.870388 0.745628 8.88443 8.96463 17.0178 10.5911 8.36641 1.27372 19.649 22.3123 23.7083 8.56764 18.2882 32.1426 0.490555 22.176 14.9148 34.603
 0.330821 3.95923 1.1558 3.0079 4.90555 6.37849 8.67122 2.06793 10.1231 0.525529 19.5581 9.70708 11.6261 9.85943 19.115 31.5185 7.65459 17.1919 31.5405 34.2943 32.784 31.5615
 0.242744 3.06247 1.58922 7.73559 2.74453 6.85678 1.96796 3.15195 14.4656 19.0484 4.6401 23.7239 12.8449 13.1587 16.274 12.4838 32.4249 19.3244 26.0852 35.1878 35.9218 13.9371
 0.210089 2.83859 0.143559 0.69631 2.09296 5.02896 0.371288 1.51909 16.4547 15.8556 9.22446 10.5516 3.06204 1.36723 9.30296 0.34962 0.36317 19.2992 14.8674 0.625019 26.097 31.7911
 0.198431 0.493057 3.02481 6.04657 0.577105 9.14493 13.671 6.04266 8.28175 11.9321 17.8359 11.3463 14.2351 20.1154 23.625 1.07327 28.5255 20.8999 0.634358 32.9087 11.3296 9.14725
 0.864406 2.05487 5.3646 5.7094 3.66649 7.09738 4.32002 10.4657 11.0295 15.8739 9.96033 6.05365 22.7967 10.4969 28.276 0.706076 1.06772 35.0508 22.5481 32.9722 3.07242 16.0319
 0.578204 3.54015 1.14847 7.00754 8.52535 9.70232 11.9709 12.1058 1.33927 2.31025 7.09812 6.43379 14.4802 9.46379 14.4942 25.2508 17.9375 7.27097 16.4318 28.4017 11.7783 40.8927
 1.38572 1.60002 2.4015 1.52104 4.81338 0.324839 5.9671 11.7836 16.7882 10.2719 2.44862 5.98334 17.7851 11.4061 28.0096 13.7436 24.7277 34.2059 0.612323 34.5567 39.266 5.48405
 0.220771 2.79476 0.996124 7.69042 8.01416 7.79797 5.02585 14.1747 10.6093 7.66747 11.3542 9.35917 0.115848 22.2824 29.6301 25.7283 13.9758 8.13123 36.5098 18.2354 27.6326 5.71368
 1.11899 3.98132 1.38029 2.0025 4.62752 1.98383 0.826319 12.9721 8.02686 16.0491 14.2452 18.399 19.5657 9.70305 19.9362 20.6178 23.8748 23.1061 25.3836 39.9744 18.5409 13.6349
 0.219733 0.0992462 1.45793 3.81164 2.81503 4.09949 3.64324 2.12555 6.37117 10.0302 3.15091 21.9221 4.43715 6.55672 12.6621 18.2496 32.2474 34.9189 2.4319 37.0666 22.7862 29.4372
 0.221992 2.35871 2.59542 3.90735 8.03186 2.45515 1.19974 5.09537 1.71282 10.6217 18.7544 17.2622 25.2517 3.43858 1.57384 9.24931 15.8145 32.1272 15.4183 39.8169 33.2647 15.0315
 0.931486 2.00189 2.98233 5.91668 2.11005 0.140263 0.400769 0.46144 8.1175 13.787 14.1049 17.8013 5.26475 3.95898 1.02542 22.6345 23.5781 1.37773 24.1195 33.2456 6.27686 16.6052
 1.85485 2.91098 0.12067 3.4376 7.40715 5.86431 11.2117 14.3818 16.0861 7.32322 2.34657 7.79394 2.88113 18.3089 4.63637 8.39674 20.7588 19.6815 11.7652 10.69 11.4988 11.4341
 1.70495 0.874783 4.79293 1.51396 6.2328 0.150517 10.4832 6.30195 12.5885 3.07566 19.7568 4.36903 19.8069 7.87866 23.506 2.62801 10.4718 5.59661 32.9646 39.176 15.3813 6.11518
 0.435377 2.8005 5.20951 5.63787 1.11759 9.89129 4.71096 15.9805 8.4817 0.154424 0.920499 23.811 13.8288 16.687 8.65566 8.04028 22.3505 29.1399 37.3135 34.3699 29.4283 12.4479
 0.272286 2.07294 4.92807 1.91485 4.77309 4.38148 2.2931 1.28031 14.3695 10.6259 6.67244 16.1174 5.7821 27.3719 25.967 3.5753 1.04801 22.8962 8.61428 10.2017 8.87887 17.1397
 1.39891 3.11716 2.30244 7.36595 1.11667 0.889187 3.6129 15.3725 3.31523 14.6727 6.22864 23.2925 15.9434 26.132 19.2019 25.0857 8.99002 17.0293 9.04917 9.84039 16.1465 33.7758
 1.7373 1.50432 1.4182 4.52504 1.73193 1.04923 0.910062 10.846 10.4945 19.9054 17.5741 11.9337 23.0054 9.61504 11.8262 18.8971 19.3829 20.9406 8.69198 5.75457 26.1995 27.4914
 0.898831 2.17219 5.45305 2.59334 6.82211 10.4344 11.2309 2.94101 0.166448 11.8815 5.27592 20.4418 16.1204 6.96347 24.7594 13.3695 1.42778 12.9038 6.07453 1.98859 15.0596 18.222
 0.0975372 3.99231 1.91186 1.33964 7.41478 6.01776 10.4401 0.472182 15.4912 12.479 3.33219 20.4975 4.61092 15.5275 28.8409 28.3837 30.1981 14.4574 9.76934 6.51265 23.1015 0.53444
 0.886868 0.519669 1.98126 6.78414 7.44835 9.42363 10.1692 7.19504 16.8931 2.01117 9.10764 12.4735 5.97967 0.561419 11.3071 4.99136 23.0416 29.2553 37.1337 10.679 3.0314 2.55
 0.241401 2.7994 4.06397 0.392346 1.74993 1.34953 10.3392 14.2739 14.3046 2.425 3.62761 2.02887 8.11573 21.1468 8.75729 27.3036 28.8388 26.9327 4.92758 1.33183 33.6005 30.7854
 0.0089114 3.07871 5.17472 5.09806 9.98566 9.8598 3.33732 0.148442 1.71996 15.0529 4.29499 15.3887 11.3571 22.0004 18.6874 21.947 20.2431 21.8294 28.5148 3.96985 11.5065 39.3404
 1.35337 2.69185 1.99756 6.90573 8.7228 1.85052 7.76244 9.52666 5.53783 9.70672 1.08835 10.6512 9.49638 19.4198 21.4039 9.31571 6.47377 16.6459 24.203 37.6916 26.8148 40.3005
 1.75549 1.73247 2.84005 5.17838 5.00778 6.43635 13.6501 8.36012 5.24393 4.92447 13.4322 6.98166 1.26719 14.6328 27.8036 17.0718 29.4562 2.74227 12.1235 39.2224 12.7614 20.96
 1.66778 2.91781 5.15275 2.89584 6.60634 4.72939 8.9985 0.595721 8.4438 14.3535 14.7246 5.60833 6.47401 19.0053 19.7723 10.2083 27.4577 22.4534 29.2222 29.4028 24.4345 20.0173
 0.303049 3.77941 5.52684 3.26133 7.50175 8.05469 6.96475 7.12522 4.27436 14.149 21.9564 19.3365 13.0551 2.27644 22.7305 23.3142 20.0895 30.7528 18.5181 35.8507 21.5018 14.7884
 1.50774 2.47346 4.83505 7.98071 3.68511 3.50108 4.06323 13.7719 6.11298 3.34666 19.4648 15.5945 14.1962 26.7327 27.6608 15.4331 26.7771 10.6516 32.3615 15.3325 15.4839 28.1306
 1.48479 1.60991 5.22874 4.3683 4.9031 7.39329 3.84106 15.3257 2.47145 15.9069 1.60802 11.0519 5.40599 0.600726 16.783 2.2989 15.965 1.0723 34.7551 23.4614 0.963897 24.7884
 0.546648 0.0354015 0.775109 4.13977 4.15082 1.25651 9.50182 2.50594 4.28535 12.0737 15.6129 4.44227 17.5002 2.326 26.4403 30.4648 6.55367 2.32917 11.72 22.9011 24.0743 15.6545
 1.32688 0.985626 0.379223 1.32279 9.52696 6.65975 8.65883 0.434584 15.6994 0.358287 7.83868 1.45463 3.90631 19.3489 26.6161 19.2213 26.6048 3.10263 25.8301 29.1317 23.7462 8.58327
 0.229926 2.93027 5.01303 7.17917 3.86364 0.42555 11.4719 8.56178 16.2339 12.2221 11.0386 22.4252 8.94174 12.0393 12.4982 20.9694 1.5056 34.5695 10.2402 30.0803 34.831 11.2931
 1.59008 3.29429 5.95294 5.34928 7.57927 7.64562 7.67699 11.183 9.03873 2.08991 9.47691 1.04447 24.8447 25.028 23.4062 11.0414 16.8553 16.4448 37.5454 27.5851 24.5025 33.1581
 1.29386 1.51848 3.41795 3.64733 0.662862 0.155278 8.1662 14.5654 9.14475 8.00012 19.9005 15.4055 20.7884 9.79962 21.9376 21.7839 16.3178 30.8747 28.2654 19.671 5.68468 31.7388
 0.751122 3.1572 0.48323 0.995636 1.94067 0.209845 0.5862 3.37071 5.40434 15.5699 21.9758 4.42689 3.9317 27.677 25.2007 31 24.2525 1.58098 37.5976 37.9955 14.7494 34.2767
 1.32054 3.36876 2.15943 3.95691 8.9172 2.43245 7.63726 13.4638 0.447707 12.5504 16.7375 20.1093 20.1497 4.51186 24.0709 25.7088 18.8683 34.1982 21.8662 19.5917 8.71993 29.5204
 1.86438 0.762108 4.81344 6.13837 0.903958 1.32133 9.12241 0.347667 0.69216 15.4857 4.53938 11.9755 21.6493 21.3527 29.4653 12.4379 6.58376 19.6013 6.717 31.1972 12.9267 30.8015
 0.264595 3.59459 1.43889 2.4554 2.99875 10.0711 12.0855 12.392 15.5203 6.43208 15.7176 21.7499 17.4439 14.1269 20.3024 15.1167 22.2374 13.9432 34.246 2.92978 14.7456 36.538
 1.73894 2.29914 4.38624 5.81097 0.0582904 10.775 13.2946 5.64129 13.3977 8.84732 4.45546 10.4835 11.8784 25.95 9.91821 30.9384 5.07608 33.3269 12.6582 11.0208 13.9124 38.9738
 0.890713 1.73077 5.79455 7.20432 9.37376 5.69512 12.6768 0.442885 5.20438 10.0534 15.8734 10.2601 23.3823 5.11771 9.92828 3.36436 33.4335 24.3311 12.5178 21.5131 34.3132 23.3972
 0.870327 3.87146 5.89453 4.61562 9.50499 7.71703 10.8062 5.2443 11.6492 15.7121 8.93442 23.0464 25.5334 15.9761 6.70644 11.7699 1.65087 32.2459 18.8591 13.5343 7.19462 9.82672
 0.0584735 1.52483 3.29472 2.20637 1.99011 2.83566 11.9479 13.8481 10.5873 11.9175 4.12915 15.393 22.6642 1.96881 9.44487 1.02835 3.78527 33.4731 21.2017 6.74093 4.82461 28.6798
 0.563128 0.258919 0.0944853 6.45967 3.59081 10.0989 10.2145 5.05875 9.58586 5.42314 9.77435 14.4292 1.86468 11.9205 23.9747 21.6569 21.6844 25.5901 34.58 27.9086 31.8624 2.84811
 1.79235 0.0152593 4.93027 4.83975 0.656148 2.27094 13.8675 8.0564 7.46544 4.56801 20.9325 8.91971 15.5586 5.32621 26.9045 29.9482 0.932829 20.5615 24.7086 11.4408 10.467 34.2592
 0.682699 1.90838 1.60369 6.37031 5.35325 9.18595 13.4035 8.99442 4.02167 5.2327 5.16446 2.17389 15.1245 7.83166 3.90393 27.8417 30.7097 5.96905 16.3379 22.6887 25.6266 38.9846
 0.0742821 2.27656 4.51698 1.24296 7.09403 4.73415 12.6076 6.22822 5.93939 10.1077 18.3032 6.19721 9.57811 15.4061 27.9025 4.07337 23.3487 20.5308 26.1722 6.47969 14.6046 8.79946
 0.473403 1.52348 3.48881 3.13901 2.8547 5.24284 7.92352 11.2264 7.3314 8.17713 3.93646 15.6809 1.28465 10.7285 11.2879 7.48265 6.49245 3.90576 13.4456 1.19266 2.04059 22.1645
 0.297128 0.200323 4.42396 2.40388 8.35505 9.11417 4.09528 9.63262 17.5776 7.15293 21.1151 15.3396 12.4148 23.3138 4.74258 16.146 17.3274 29.5717 0.903409 5.89862 27.3813 35.5712
 1.88043 1.63408 5.46092 5.54265 9.60265 4.53053 10.7695 4.10462 9.49852 17.0904 20.5753 13.5304 10.493 5.47233 27.6772 26.3485 6.93551 11.6689 5.46568 29.8202 19.1203 8.42482
 1.31455 3.69396 3.43828 3.70226 2.28919 3.27 9.40526 11.4466 15.5802 1.12064 13.4194 22.2495 12.3331 14.8823 5.34959 17.1675 27.4038 26.8657 31.8002 34.3077 14.1521 22.6734
 1.81335 0.51503 1.48759 0.893826 6.23585 11.7246 2.1504 11.2259 17.2573 11.6221 16.3065 1.29203 15.9537 8.7289 29.1943 17.8267 3.21976 4.76492 0.397778 2.96762 11.5398 23.7826
 1.02701 2.66463 2.07849 2.6534 4.75021 8.59304 8.04913 15.4658 4.38697 9.70061 16.6234 19.7621 23.2157 17.6603 23.4886 3.69933 20.0958 25.934 9.00858 30.3 5.49626 11.8302
 0.788537 3.83215 1.63646 2.66854 5.67217 9.89349 0.821192 3.1539 3.27458 15.1402 16.5744 4.06214 12.9234 25.6398 17.0577 1.25492 12.6508 19.4728 31.4129 8.37916 41.6078 17.9736
 1.44011 0.17066 5.67022 1.60845 3.22611 5.42998 8.23756 1.22123 0.165349 5.40056 1.33677 5.14322 24.4289 11.6684 26.856 19.9655 25.9501 14.9496 23.1802 39.6313 8.44435 11.8624
 0.387707 3.38951 3.96088 1.96222 8.89706 10.1575 7.53343 9.30448 3.30039 8.38893 8.2093 15.9893 10.5049 16.8229 14.8814 22.5544 28.6282 10.7856 12.9284 16.5972 33.1865 35.1844
 0.133122 3.10984 2.49489 6.154 6.5862 4.50453 12.1636 8.99881 2.60823 7.04306 11.702 2.20319 2.71609 14.5601 24.611 1.77056 3.7998 23.4082 16.5872 31.9163 11.6449 20.9519
 0.970855 2.35432 3.24143 3.52355 3.5847 7.14646 12.1709 11.4803 14.231 6.78365 0.617023 13.0309 25.9357 25.3476 1.81555 12.1742 10.1802 25.1562 5.87158 38.3288 5.768 0.892972
 0.0750755 2.82199 5.32798 1.96759 5.62487 7.45079 5.37791 14.268 11.4964 2.07282 12.0088 8.26197 4.30067 21.8065 0.891751 17.2339 4.18787 30.5264 11.4637 14.5805 20.1406 43.855
 0.0797754 0.331919 0.395154 3.11753 2.74148 6.39424 1.12925 12.5643 3.01749 8.2107 8.28516 7.19919 22.0405 11.2822 5.59221 27.3641 6.51112 16.3844 16.9085 33.441 40.8784 41.9777
 0.726157 3.98206 1.67272 0.875027 4.09589 1.5916 8.31745 5.01382 6.44038 11.5665 10.4256 18.232 14.3723 0.520402 5.89618 3.3253 1.88641 24.7354 11.8394 17.8497 34.4465 20.153
 0.971709 1.66851 3.36576 6.96579 5.55193 7.78185 6.50844 9.86993 3.36357 8.20704 8.92972 12.5387 1.56157 19.4608 24.5296 17.7359 32.9769 19.0696 33.4714 35.3551 31.9919 35.1495
 0.361461 2.15546 3.00888 2.86117 4.92294 8.08435 11.0472 11.4813 15.2616 19.809 13.6423 2.05524 14.1644 9.56804 21.088 1.22953 8.45045 1.65789 24.21 24.4758 35.6078 41.7011
 1.71819 0.354503 1.3065 6.01386 7.62322 3.16526 7.67016 10.6473 16.14 9.40641 8.58864 21.0849 17.0281 4.08032 2.56813 29.162 11.9462 7.94995 27.3887 14.5695 4.16962 4.92276
 0.555437 0.393933 2.36268 4.78335 1.27171 4.55654 11.2788 5.81707 9.4326 0.316172 15.2409 11.7528 6.79934 0.564837 10.0748 21.5065 4.743 29.9365 15.3324 18.0023 16.9528 27.3572
 0.308481 0.905179 4.86819 5.77972 2.80923 4.30348 6.73489 11.2435 14.4645 2.10883 3.98144 3.06235 23.8695 19.7684 6.40065 16.9644 6.98325 13.5575 20.9396 25.0911 4.58364 22.1739
 0.763573 1.2443 0.517106 6.53902 7.1746 5.36259 4.73275 13.1264 4.02661 0.18067 11.6167 6.32759 24.0909 16.4068 11.7438 30.0742 32.3792 28.2764 24.4837 23.2881 40.1901 25.163
 0.194403 0.592669 2.40553 0.527848 3.80627 3.22019 4.57082 13.4242 3.3762 2.86569 17.4385 5.56951 11.4515 18.7216 18.7432 23.4363 9.77551 2.51265 24.1299 37.4853 14.1137 36.4453
 1.93915 0.54677 0.16773 1.43535 7.39189 0.577898 7.89789 15.4287 10.6049 14.6074 6.25013 2.78549 9.48607 5.93805 27.2021 18.0035 17.9998 31.1098 20.4699 33.0418 20.5597 2.06928
 1.71368 0.404309 2.91421 0.5215 3.70312 1.11734 2.84426 15.3442 3.0488 7.94153 16.7187 3.98523 1.73217 19.5676 6.83096 18.6549 18.2561 20.8813 13.02 2.3365 15.2339 9.13114
 1.12302 3.39817 2.34217 5.5136 1.19938 0.86465 4.2602 6.0246 4.48146 13.5246 18.1461 21.5104 5.34886 27.4078 7.08274 6.12226 9.35527 10.2187 24.7144 14.1215 16.7374 27.3464
 1.82995 2.1026 3.51042 1.10477 5.67827 7.96899 10.6883 2.68123 13.4707 8.53542 5.02414 12.3768 12.2085 27.5625 10.1874 31.6308 5.3552 0.920682 23.8992 27.839 36.3384 32.6438
 1.94342 0.651997 0.394421 0.573504 9.79156 9.32658 6.05554 15.7685 4.81271 12.1354 11.2561 2.24787 19.7553 3.30699 20.7959 11.4339 23.0873 29.7255 14.7271 7.36717 16.1414 17.7829
 1.62682 2.76205 4.26612 2.36091 3.02683 4.92129 13.5578 5.42351 9.53917 4.64003 5.53441 11.1258 14.8571 23.7377 6.73574 30.7451 6.82345 17.6402 1.13419 15.2751 13.7214 10.6915
 0.963225 2.3354 5.88391 5.65471 1.98004 11.4822 10.6135 4.74184 14.9281 7.29637 2.69301 22.9526 0.993439 23.2472 14.2625 18.3463 13.1852 17.7896 15.2884 34.6715 33.3749 38.8449
 1.99322 0.157231 4.21229 0.100101 6.70949 11.6206 8.8276 5.80975 6.50301 4.39955 5.75329 6.05438 13.7558 18.6482 21.3086 20.5221 29.5475 35.5067 5.50047 36.1498 5.38603 36.8173
 0.812708 2.35286 5.65502 7.71776 7.88751 8.47987 1.35527 0.843776 11.3652 11.5836 2.54799 13.737 22.9721 21.4681 17.7178 13.7172 10.038 4.42653 5.61992 27.0882 16.4529 21.8556
 0.937162 0.377697 5.32194 0.925321 2.60598 10.5966 9.70391 2.93222 10.6889 5.85894 4.00159 17.271 13.0544 12.3187 25.6236 5.69353 8.81259 3.69481 2.7972 34.6922 9.87481 34.2847
 0.0443739 2.85507 4.42909 6.28144 5.31083 4.68215 10.5042 10.7757 17.0238 6.93442 21.1332 18.1932 17.693 21.6381 0.130924 0.706076 21.0203 0.793237 11.9078 7.69555 0.526811 23.3824
 0.967009 1.04422 0.287667 6.12494 5.66485 2.82577 10.0009 3.49034 3.44816 7.96655 3.35502 0.0102542 24.0123 24.0367 3.78948 1.5938 25.9553 24.2608 29.5759 19.5233 8.30207 14.4715
 0.648946 0.646748 4.2187 6.76022 8.45149 10.7387 1.57231 4.93912 14.8919 9.73357 16.4421 2.30793 16.0077 27.542 21.8067 18.4469 14.5455 9.32218 13.4363 22.9817 3.78253 18.9082
 1.97552 1.50114 0.90347 1.14457 3.13425 6.59822 7.35527 4.20472 7.26768 7.70837 7.34385 23.7063 12.7624 5.59282 2.40333 29.8544 28.8098 11.5865 31.7805 8.19239 28.79 0.871487
 1.16782 0.00854518 2.8796 1.25687 3.69579 9.27787 8.69216 13.7416 7.77361 9.2172 17.6681 23.2514 24.8233 24.2905 1.73681 18.524 20.543 24.0927 31.6912 16.4861 21.1968 4.94961
 0.0657369 1.36174 4.86453 7.38816 4.06384 9.81658 7.43516 7.38353 3.97662 10.2542 16.7308 15.5425 15.5062 25.6261 29.2914 22.4138 14.4262 7.50719 21.1286 8.37184 11.4706 7.84204
 0.341502 2.30744 1.11295 3.5587 2.13263 4.3423 10.8451 12.8012 16.4597 11.0758 11.5663 22.2604 7.95068 8.68618 21.2592 9.26786 23.2647 6.78646 30.7101 18.4698 30.8485 17.7144
 1.7564 2.77877 5.7973 1.09354 7.26035 11.8458 8.70797 7.14817 5.98828 8.98343 15.6659 18.7469 10.8207 6.65841 9.96948 20.8483 18.4771 30.4627 35.0242 19.4256 29.2822 1.21256
 1.23069 0.771752 4.2273 1.0828 3.49834 5.68889 6.05725 2.56307 15.7741 8.12281 3.49065 5.89911 8.79812 9.35783 0.584124 30.8613 19.3954 21.6459 36.0192 5.33708 32.4764 6.44954
 0.00244148 1.81646 4.33406 4.04138 4.89212 9.04715 2.32942 3.81457 14.5134 2.27119 12.5553 7.86645 9.77013 18.4849 25.891 18.0025 20.7848 11.0702 12.8286 18.1329 12.696 9.90191
 0.746788 2.80575 1.97577 2.53108 1.23295 9.08414 1.62273 7.82495 14.9408 9.91485 15.907 23.9128 24.0655 15.2942 29.7638 20.2526 19.3684 10.7526 24.4465 2.58309 32.943 5.58879
 1.47063 0.300668 5.0416 6.83688 3.92224 0.112796 0.716086 15.9297 3.68657 3.90393 13.927 19.2713 5.49644 17.5099 23.5115 20.943 29.4261 24.4926 24.3051 32.2947 37.6061 7.62853
 0.530961 0.216437 2.78091 3.99158 3.33903 3.71129 7.41722 2.65731 11.7024 13.187 18.2012 11.9491 4.65932 25.398 10.6424 24.8914 24.8585 5.06046 30.143 25.0093 40.3324 15.8331
 1.50591 3.51927 5.01688 5.52287 2.56264 9.33427 3.36338 3.463 6.53761 14.0056 18.6309 23.1533 8.9957 7.67785 28.2833 2.21491 10.8297 3.94971 13.0385 25.9847 30.5435 41.8851
 0.117801 1.73235 3.65673 4.24818 8.72829 7.82727 0.361034 14.246 8.63002 4.98489 12.5916 11.3888 9.00204 25.6962 11.3831 24.2693 32.3533 0.513077 19.105 27.9342 23.3348 38.281
 0.226997 3.14841 0.96646 4.27137 3.93506 11.9202 11.474 7.66185 9.75066 7.34519 20.6699 7.249 20.7527 16.6153 22.5886 30.4248 30.3289 9.79571 22.649 20.1837 34.4093 9.26542
 0.321848 0.182745 2.1435 4.04041 3.7434 7.77966 3.10062 11.1239 1.06186 0.366222 5.96478 18.533 0.91171 22.8165 20.1019 10.2757 27.7804 6.64034 15.5331 23.2026 23.6257 23.7436
 0.188116 2.78292 2.57564 0.900174 4.12641 11.499 13.9547 5.04947 3.14219 5.90411 19.9858 10.556 8.92587 22.5994 11.7209 23.1159 32.5753 22.4908 30.6104 12.5675 14.9199 38.2957
 1.78423 0.719626 3.5681 0.0278329 8.54396 5.5208 6.96518 5.32389 17.1106 6.55293 4.43062 23.3987 19.2649 24.3657 19.19 1.36723 22.0901 1.01517 32.3186 13.6784 41.9205 5.36052
 1.04483 1.44047 0.983673 7.97143 6.82577 9.92352 0.349071 5.09391 16.8036 12.5742 7.4976 1.27519 3.77459 9.99701 6.94632 20.9752 0.287423 9.86383 15.4925 0.170904 14.9455 42.868
 0.616657 2.45076 3.93817 4.20643 8.04132 1.73553 8.2649 5.92889 11.1712 15.3941 2.43318 18.3814 3.60558 10.8285 26.8853 1.54302 24.7599 8.92557 22.9807 20.025 11.3847 0.653951
 1.66124 0.418836 0.179449 6.21455 1.73254 11.5056 7.2664 1.02249 5.83557 12.8623 11.7268 9.24345 15.0079 8.79128 29.7162 10.345 22.7417 29.0564 28.422 28.7057 14.9199 23.4281
 0.0814844 3.8634 3.78784 3.52892 7.07602 11.7147 13.9885 13.5322 15.3731 16.0332 15.2067 9.01566 2.91208 13.6202 7.64489 27.1444 5.13523 5.65813 15.373 13.4916 25.1139 39.1189
 1.09598 0.87991 0.123966 3.03134 8.91934 5.80572 1.86541 15.2978 9.62706 1.4832 19.2983 23.0991 11.7451 15.8069 16.0955 1.04398 26.4544 33.4775 20.601 12.2526 12.5383 31.0324
 0.243233 0.411756 3.28446 2.47859 4.5146 1.09098 5.96796 13.099 8.40809 9.64019 16.4045 23.1079 25.6778 7.90771 17.9009 20.4557 10.5714 4.74624 36.4518 28.4628 39.3262 33.5126
 0.904813 1.53386 3.41868 4.82485 6.34083 11.1031 0.965178 9.24735 13.5965 0.703757 10.6438 14.4292 9.7868 17.2826 25.4781 26.5067 25.4997 9.19913 33.6673 7.11814 15.8979 7.38011
 0.531144 0.644063 3.9096 7.34519 5.96698 6.57479 13.5732 10.743 14.1805 18.0926 5.71032 6.46382 24.5273 14.8293 8.73348 29.1239 15.2801 29.5882 26.4378 28.5336 17.0041 26.9409
 0.197027 3.80151 0.327403 3.91028 2.67464 2.66756 5.33476 10.3533 12.3485 7.32444 11.2219 7.15598 11.8625 10.4029 2.62215 5.2277 31.8905 3.1268 10.7296 3.55602 1.28819 43.9866
 1.1489 1.24174 3.02591 6.95334 9.79675 4.79604 3.98846 7.90112 15.7021 8.47194 2.23713 9.48955 1.53221 9.7398 12.056 22.3903 8.84994 7.76757 35.6818 39.8425 27.6326 5.87481
 1.88318 1.82696 3.96802 4.75088 2.68136 11.9659 7.7304 2.69246 8.18012 15.1677 3.5551 2.40315 1.55998 19.4104 7.11295 26.533 7.46055 19.3354 24.8907 39.1479 33.8146 41.5722
 0.269967 3.35008 0.644917 0.597186 6.12751 10.4003 6.15082 6.41816 16.6876 5.262 12.5352 0.89285 25.4231 3.10874 11.8464 11.1302 0.355907 5.49773 28.5322 5.41765 7.74834 31.2191
 1.55174 0.717673 0.481948 6.27485 7.27103 4.91726 4.2414 14.039 11.8656 9.94476 18.4086 13.1005 22.6198 3.93249 9.2645 7.63988 17.6926 29.9463 31.0418 17.5616 14.0355 16.8443
 0.955107 2.57149 4.7054 7.92602 3.51939 2.5024 9.39543 2.03668 16.2745 12.1122 11.0158 0.747826 16.8821 2.67721 17.0083 2.71297 5.01382 13.5323 5.5341 34.3052 41.9744 9.55815
 1.41227 0.38612 0.000549333 5.01749 5.46587 5.33439 1.50865 9.11698 13.6718 3.39 8.41475 18.5667 24.2726 19.1498 16.5706 21.0622 16.9217 4.91433 13.7842 36.4672 4.8182 37.7546
 0.730186 2.99826 0.17542 7.53001 3.01126 4.6382 10.884 11.7948 13.3076 15.0468 3.60949 13.1657 3.10569 27.5334 27.4126 9.66436 29.2944 25.9241 34.2634 19.1839 29.2232 32.7244
 0.742637 0.366588 5.21281 7.84375 0.443129 11.6631 5.37407 6.5168 9.52654 3.51817 20.4638 21.3354 24.3242 21.4091 19.7302 15.2905 3.35569 27.1184 17.2633 8.32057 13.5727 22.3767
 1.76202 3.65941 0.292795 2.98642 4.21278 1.33048 4.86905 12.8256 3.63329 8.9993 14.4641 18.8289 21.8295 22.69 19.6799 27.1541 19.4535 19.0168 26.1038 16.2774 13.7791 35.7672
 1.2772 2.98581 5.35325 6.99777 6.84927 5.15567 11.5262 12.7592 14.2915 7.89392 6.1615 16.4573 10.662 14.9421 12.3353 3.8175 7.35368 1.08988 17.7226 17.8106 16.0837 10.5317
 0.56856 3.75658 1.25321 3.10239 3.13669 4.39869 7.86328 14.0712 14.8287 19.5343 0.493484 11.6334 11.9847 12.8314 4.28297 6.27754 27.4204 32.0393 27.2971 1.25858 3.91839 9.50578
 0.974029 2.25788 4.42067 2.23078 1.56804 5.60027 11.7082 15.0224 3.06198 16.784 6.68319 7.54271 2.8724 17.2835 23.2679 21.4577 5.38945 29.8101 36.6118 39.6777 21.1006 43.2762
 1.2031 3.06345 0.661031 3.11289 6.45314 0.134404 10.7712 10.3934 15.8142 1.64617 17.609 3.68566 15.2055 7.81884 10.5097 26.1785 14.9512 28.6686 25.5575 34.9339 11.7667 1.74163
 0.599078 3.88305 5.43876 6.75777 5.13901 4.7239 8.04187 10.0228 0.448805 13.0674 7.31968 23.7854 6.66524 7.02329 25.8754 26.9793 5.14768 31.8954 37.0479 20.6854 37.8932 39.378
 0.846644 3.86547 3.05338 1.58354 1.86163 6.47151 8.05127 8.59743 15.7807 7.50206 5.41154 6.92013 11.3349 26.5977 20.8646 19.9479 26.0206 28.9532 2.58034 12.4308 19.0921 43.2856
 0.563433 3.72033 1.57201 1.78985 6.00055 9.40641 7.03909 6.55049 6.76284 5.77654 0.0349132 8.21876 22.7769 3.53172 22.9878 11.0628 20.1871 33.5884 1.44267 29.4809 39.9453 35.9216
 1.75018 2.81246 4.81234 3.76428 9.26084 7.26878 8.96475 2.85946 9.87097 5.00015 20.1959 11.5609 24.1559 4.13074 11.4646 25.368 12.3675 10.957 31.7469 29.6689 14.7058 24.9025
 0.452528 2.11457 3.91162 0.399182 4.75814 0.820338 13.8581 11.1654 17.0502 4.14991 11.3542 11.4635 25.0597 22.2542 21.8351 8.5569 9.60326 31.9097 37.1151 38.0895 38.9789 38.1453
 0.460097 3.06052 1.77471 6.14643 2.40699 4.84072 12.9793 9.06131 14.053 19.0313 19.0445 17.7054 2.50423 3.98376 29.9991 27.4501 8.13916 35.51 11.3315 20.8197 18.1641 13.3341
