   0.0000000e+00   0.0000000e+00   0.0000000e+00   0.0000000e+00   0.0000000e+00   0.0000000e+00   0.0000000e+00   0.0000000e+00   0.0000000e+00   0.0000000e+00   0.0000000e+00   1.0000000e+00
   0.0000000e+00   0.0000000e+00   0.0000000e+00   0.0000000e+00   0.0000000e+00   0.0000000e+00   0.0000000e+00   0.0000000e+00   0.0000000e+00   0.0000000e+00   1.0000000e+00   0.0000000e+00
   0.0000000e+00   0.0000000e+00   0.0000000e+00   0.0000000e+00   0.0000000e+00   0.0000000e+00   0.0000000e+00   0.0000000e+00   0.0000000e+00   1.0000000e+00   0.0000000e+00   0.0000000e+00
   0.0000000e+00   0.0000000e+00   0.0000000e+00   0.0000000e+00   0.0000000e+00   0.0000000e+00   0.0000000e+00   0.0000000e+00   1.0000000e+00   0.0000000e+00   0.0000000e+00   0.0000000e+00
   0.0000000e+00   0.0000000e+00   0.0000000e+00   0.0000000e+00   0.0000000e+00   0.0000000e+00   0.0000000e+00   1.0000000e+00   0.0000000e+00   0.0000000e+00   0.0000000e+00   0.0000000e+00
   0.0000000e+00   0.0000000e+00   0.0000000e+00   0.0000000e+00   0.0000000e+00   0.0000000e+00   1.0000000e+00   0.0000000e+00   0.0000000e+00   0.0000000e+00   0.0000000e+00   0.0000000e+00
   0.0000000e+00   0.0000000e+00   0.0000000e+00   0.0000000e+00   0.0000000e+00   1.0000000e+00   0.0000000e+00   0.0000000e+00   0.0000000e+00   0.0000000e+00   0.0000000e+00   0.0000000e+00
   0.0000000e+00   0.0000000e+00   0.0000000e+00   0.0000000e+00   1.0000000e+00   0.0000000e+00   0.0000000e+00   0.0000000e+00   0.0000000e+00   0.0000000e+00   0.0000000e+00   0.0000000e+00
   0.0000000e+00   0.0000000e+00   0.0000000e+00   1.0000000e+00   0.0000000e+00   0.0000000e+00   0.0000000e+00   0.0000000e+00   0.0000000e+00   0.0000000e+00   0.0000000e+00   0.0000000e+00
   0.0000000e+00   0.0000000e+00   1.0000000e+00   0.0000000e+00   0.0000000e+00   0.0000000e+00   0.0000000e+00   0.0000000e+00   0.0000000e+00   0.0000000e+00   0.0000000e+00   0.0000000e+00
   0.0000000e+00   1.0000000e+00   0.0000000e+00   0.0000000e+00   0.0000000e+00   0.0000000e+00   0.0000000e+00   0.0000000e+00   0.0000000e+00   0.0000000e+00   0.0000000e+00   0.0000000e+00
   2.9702197e-05   3.7110814e-03   8.8660073e-02   4.8933146e-02   1.3621895e-01   3.0481721e-02   1.3856311e-01   1.8532495e-01   8.7276259e-03   2.2504671e-01   1.0712896e-01   2.7173974e-02
   2.0037003e-04   1.1771731e-01   3.6836744e-02   3.0982315e-02   7.7451846e-02   9.5419069e-02   1.0370627e-01   8.5961182e-02   1.8961508e-01   8.0350229e-02   1.7824457e-01   3.5150112e-03
   2.5665341e-04   6.7750866e-03   6.5943905e-02   7.4770116e-02   2.2071018e-01   7.0486292e-03   2.1494567e-01   7.7609664e-02   4.6564660e-02   1.0056429e-01   1.5156581e-01   3.3245328e-02
   3.0817472e-04   6.5755142e-02   2.0867418e-01   7.6644356e-03   1.6995556e-01   2.3257954e-02   3.9505146e-02   1.2770626e-02   1.4163381e-01   1.1224103e-01   4.4785456e-02   1.7344848e-01
   3.1994662e-04   3.0880010e-02   5.6220216e-02   6.1705093e-02   4.6334940e-02   6.1195195e-02   1.5693163e-01   1.0992941e-01   1.8740302e-02   1.2151892e-01   2.3557304e-01   1.0065130e-01
   4.4042164e-04   2.1451221e-01   5.3132430e-03   6.2894307e-02   1.3287105e-02   2.0386457e-01   6.8246654e-02   2.1081346e-01   8.9687453e-02   2.0784785e-02   7.5916580e-02   3.4239209e-02
   5.3980393e-04   7.1882010e-02   1.1211962e-01   8.9717432e-02   1.1878604e-01   1.1775746e-01   1.6157561e-01   3.6390181e-03   2.0959641e-01   1.7752492e-03   6.7013538e-02   4.5597820e-02
   6.2203536e-04   2.3124127e-02   2.0287944e-02   8.9376309e-03   5.4047173e-02   1.8135381e-01   2.0518205e-01   2.0282997e-01   4.5236322e-02   6.3115819e-02   1.4142340e-02   1.8112078e-01
   7.1184242e-04   9.3663522e-03   1.8574459e-01   5.1511771e-02   1.6668036e-01   7.5916673e-03   4.3223252e-02   1.7384484e-01   1.8973594e-01   5.5549821e-03   7.1972060e-02   9.4062339e-02
   8.7093001e-04   1.5281445e-01   1.3683507e-01   8.7416527e-02   9.5042231e-02   2.5611914e-02   1.3339041e-01   6.8249485e-03   7.8185250e-04   1.9280707e-01   1.6471698e-01   2.8876108e-03
   9.1384951e-04   4.2514381e-02   2.2941927e-03   1.0021947e-01   3.9938612e-02   6.7732249e-02   1.3763857e-01   4.6095559e-02   2.0765367e-01   1.2399986e-01   1.3171757e-01   9.9282030e-02
   9.2395465e-04   1.1560970e-01   2.4497433e-01   7.5456092e-02   3.4902175e-02   9.7748112e-03   7.0065492e-03   6.2910942e-02   1.6506336e-01   8.1637776e-02   1.9905869e-01   2.6816126e-03
   1.5784943e-03   6.6275175e-02   1.4974493e-01   2.3827444e-02   1.8389924e-01   1.5441881e-01   1.9411337e-01   2.5888139e-02   1.4121485e-02   1.1273257e-01   2.2100376e-02   5.1299955e-02
   2.0257112e-03   6.1825360e-02   2.5275253e-03   1.5959301e-02   2.2614131e-01   7.4195930e-02   4.9723657e-02   9.6281565e-02   2.7433072e-01   4.7144970e-02   2.8000757e-02   1.2184319e-01
   2.0560353e-03   5.0911024e-02   1.2855362e-01   1.0249864e-01   5.3536657e-02   1.0187268e-01   6.6275209e-02   1.3709952e-02   1.0472948e-01   8.0568711e-02   2.6374143e-01   3.1546561e-02
   2.0678876e-03   1.4696293e-01   3.6906358e-02   6.5878970e-02   5.4998565e-02   5.0669085e-02   6.7331233e-02   2.0765057e-01   7.8063792e-02   7.2062559e-02   7.9255196e-03   2.0948253e-01
   2.2725626e-03   1.1192677e-02   2.1826236e-01   1.2843630e-01   1.5739190e-02   2.4710055e-01   1.5028029e-02   2.1536061e-01   2.4963209e-03   9.2279472e-02   1.5027132e-02   3.6804787e-02
   2.5941316e-03   1.1969017e-02   2.4964049e-01   1.5777490e-02   4.0076967e-02   7.0374044e-02   3.8686401e-02   9.4418362e-02   8.4659638e-03   2.1252337e-02   1.9478818e-01   2.5195662e-01
   2.8133370e-03   1.4664185e-01   1.2655792e-02   1.0346876e-03   1.9353900e-02   1.2998782e-01   2.0488254e-01   3.7473895e-02   3.6517623e-03   2.0010510e-01   1.9211768e-01   4.9281633e-02
   2.9638113e-03   1.2143952e-01   1.2283058e-01   4.7594174e-03   9.7740613e-02   1.4542522e-01   5.0618662e-03   4.4019320e-02   1.4156650e-01   1.7929080e-01   4.5991034e-02   8.8911319e-02
   3.0013917e-03   4.4535251e-03   1.4295696e-01   1.1589807e-01   1.8412416e-01   4.7450290e-02   2.8719465e-02   1.1446590e-02   1.9959165e-02   4.0011431e-02   2.9925538e-01   1.0272357e-01
   3.1942027e-03   1.7782351e-01   1.8729839e-01   3.7016793e-02   1.4950626e-02   1.5815254e-02   4.6263877e-03   9.6034353e-03   1.4308136e-03   1.7113652e-01   2.3391437e-01   1.4318970e-01
   3.3257488e-03   1.0074461e-01   1.0325320e-02   2.3799196e-01   1.6373498e-01   3.3297356e-03   2.4520606e-01   1.4139039e-03   1.6345389e-01   2.8590615e-02   3.0989459e-02   1.0893727e-02
   3.3905990e-03   1.3856478e-01   2.4254786e-02   5.7445989e-03   1.0324197e-02   1.9709487e-02   1.8262159e-01   1.7037145e-01   5.4331466e-02   1.3071486e-01   1.8309707e-01   7.6875116e-02
   3.5794389e-03   4.9953770e-02   2.1708543e-01   2.4491733e-01   4.9180749e-03   2.1476883e-03   2.8375312e-02   1.9141793e-01   6.7258495e-02   3.0719888e-02   2.1659496e-02   1.3796714e-01
   3.8417590e-03   1.3658818e-01   5.0084925e-02   1.3246939e-01   1.5782048e-01   1.7555586e-01   2.7954208e-02   5.2886288e-03   6.0651565e-03   1.9329814e-01   9.6842917e-02   1.4190346e-02
   3.8547575e-03   1.1570266e-01   2.2271226e-02   6.0092385e-02   1.4642625e-01   1.1006807e-01   1.1505205e-01   1.5229424e-02   2.4868187e-02   1.2271500e-01   1.2434193e-02   2.5128580e-01
   4.0096041e-03   1.0097992e-03   1.7614839e-01   1.6175756e-01   2.1681727e-02   2.1065643e-01   1.0751985e-01   3.4026748e-02   1.7327419e-01   3.0326701e-02   7.2031604e-02   7.5573969e-03
   4.2106325e-03   3.1822826e-02   3.9045344e-03   2.1817153e-02   3.8343380e-02   2.2282528e-01   8.0802811e-02   1.6675098e-01   1.8878010e-01   5.1999428e-02   1.6666909e-01   2.2073793e-02
   4.5877700e-03   1.9699455e-03   6.2988323e-02   9.0730871e-02   2.2263692e-03   1.5685041e-02   2.2810679e-01   9.4784174e-02   1.8681274e-01   2.1529082e-01   7.9032687e-02   1.7784471e-02
   4.6219841e-03   7.3052129e-03   1.4167437e-01   1.2149734e-01   2.5926772e-02   2.4610429e-01   3.8790214e-02   1.2817797e-01   1.4849362e-03   1.2290932e-01   9.0449478e-03   1.5246264e-01
   4.9216323e-03   9.1196012e-03   4.2731252e-02   6.6809646e-03   2.3048714e-01   9.3097410e-02   3.1672140e-03   6.4111432e-02   1.2911774e-01   7.4525693e-02   1.9185312e-01   1.5018680e-01
   5.0803483e-03   4.6607172e-02   2.2045872e-01   1.3825655e-03   3.5180567e-02   1.3395770e-03   2.4394516e-02   1.9082925e-01   5.5874544e-03   1.1440142e-01   2.0953370e-01   1.4520471e-01
   5.2154563e-03   1.6348873e-01   1.4523290e-01   4.3463278e-02   5.2329054e-02   1.0969312e-03   8.1229168e-02   4.7929341e-02   2.7814612e-02   1.9079501e-01   1.1258611e-02   2.3014690e-01
   5.3989404e-03   3.6681182e-02   1.2983775e-02   1.1483042e-02   1.6445991e-01   1.9639450e-01   1.1188402e-01   5.4674175e-03   4.9247295e-02   3.6508333e-02   1.9279747e-01   1.7669412e-01
   5.4052005e-03   1.1134874e-02   2.1848240e-02   2.1326503e-01   2.0663604e-01   1.9578102e-01   3.8927533e-02   9.5515143e-02   2.1012006e-02   5.1193610e-02   1.2637093e-01   1.2910364e-02
   5.5812556e-03   2.2207426e-01   1.4273566e-01   1.2527645e-01   9.8037359e-02   1.2638059e-01   2.5541395e-02   8.3814931e-02   9.5351182e-02   3.7841828e-02   3.5373847e-02   1.9912492e-03
   6.4718518e-03   9.6781386e-03   1.6651727e-01   5.6145928e-02   1.7424274e-02   1.4812304e-01   8.8322101e-02   7.2293622e-02   5.7516554e-02   1.8606073e-01   1.7118631e-01   2.0260180e-02
   6.7646526e-03   6.7281813e-02   1.9434871e-01   2.2638543e-01   2.4415914e-02   1.3271876e-01   2.3633453e-02   1.7112680e-01   4.5645619e-02   1.7536308e-02   8.0806550e-02   9.3359835e-03
   6.8255620e-03   8.1537459e-02   1.1418391e-01   4.9923505e-02   2.1039546e-01   1.7542909e-02   2.2038626e-01   4.5191473e-03   2.7294135e-02   2.0239369e-01   1.8154806e-02   4.6843160e-02
   6.9601836e-03   2.8922063e-03   1.4058721e-01   1.5461657e-01   1.8192825e-02   8.2866173e-02   3.2342416e-03   5.0748620e-02   1.8370248e-02   1.3717371e-01   7.3386139e-02   3.1097187e-01
   6.9727923e-03   6.3446446e-02   3.3128597e-02   6.9932454e-02   5.9700316e-02   2.1526385e-01   9.2615187e-02   6.2541358e-02   6.5962486e-02   2.2253784e-01   9.7443455e-02   1.0455221e-02
   7.0868185e-03   1.5364543e-01   1.5214743e-01   2.6578954e-02   6.8522463e-02   8.5735917e-02   3.5378178e-02   1.8360014e-01   9.4471252e-03   1.5769888e-01   8.4832707e-03   1.1167539e-01
   7.1348921e-03   2.5082114e-01   6.3276543e-02   2.2210048e-02   5.2704657e-02   7.9891328e-02   3.0145357e-02   7.0206312e-02   1.3322070e-01   3.3957643e-03   5.2906079e-02   2.3408718e-01
   7.2027882e-03   5.0602025e-02   5.5142776e-02   7.0985813e-02   2.7810919e-01   6.7126636e-02   1.6819070e-01   2.4110203e-02   5.6899723e-03   3.8983973e-02   7.9500943e-02   1.5435499e-01
   7.3011099e-03   1.5578526e-01   1.3676974e-01   7.1436513e-03   1.4647648e-02   1.6171636e-01   1.4568590e-01   5.9346335e-02   1.9717413e-01   1.7776300e-02   4.1809684e-02   5.4843892e-02
   7.3652210e-03   9.1819816e-04   1.9250338e-02   1.1559555e-02   5.9991984e-02   2.1488181e-02   1.6015076e-01   2.3245518e-01   2.3565634e-01   4.7153182e-02   1.5896725e-01   4.5043811e-02
   7.5090462e-03   1.2348990e-02   1.5700638e-01   9.4182956e-02   6.7571670e-02   2.2850688e-01   2.5522348e-03   3.3373472e-02   6.0290170e-02   3.7011974e-02   2.3094268e-01   6.8703541e-02
   8.0100804e-03   1.4420416e-02   1.0756042e-01   3.9265688e-02   7.9322971e-02   4.8855808e-02   2.4257487e-01   5.2250082e-02   8.1488057e-02   5.4482426e-02   3.1391296e-02   2.4037788e-01
   8.1935691e-03   2.2152460e-01   9.0578283e-03   1.3896012e-01   3.0998473e-02   1.2718433e-01   3.0059969e-02   1.0147272e-01   1.6986803e-01   1.2331296e-02   3.6243166e-02   1.1410589e-01
   8.3401987e-03   1.4438009e-03   5.0873285e-02   8.5241844e-03   1.2686377e-01   2.1929113e-01   1.8659130e-01   1.5538082e-01   9.6983331e-03   1.9568672e-01   9.9061227e-03   2.7400334e-02
   8.3503841e-03   3.0341044e-02   2.3148805e-03   1.3349865e-01   8.9931863e-02   1.6898290e-01   7.3564370e-02   1.4337659e-01   1.0731256e-01   9.8249638e-02   1.3159932e-02   1.3091719e-01
   8.6449236e-03   7.4903113e-02   4.0291858e-02   2.1040869e-01   5.1212589e-03   1.6538567e-01   1.1396021e-03   4.0647787e-02   2.2115164e-01   2.5464011e-02   1.7170965e-02   1.8967048e-01
   8.7050506e-03   2.7006189e-01   7.2855574e-02   1.9118577e-02   9.5154961e-03   1.0479328e-01   2.5835897e-01   9.8039093e-03   5.7495998e-02   1.3922614e-01   4.4387394e-02   5.6777153e-03
   8.8599092e-03   5.3725423e-02   1.6594853e-01   1.3015663e-01   1.3095507e-01   2.1762833e-05   4.6025793e-02   9.0617576e-03   1.7807750e-01   1.5952120e-01   1.1665945e-03   1.1647983e-01
   8.8788084e-03   1.6384572e-01   1.1198768e-03   2.4169790e-01   2.0060193e-03   9.6651431e-03   1.0043606e-01   5.6039332e-02   1.8510713e-01   9.8192711e-02   6.9315591e-02   6.3695708e-02
   8.9906427e-03   2.2203072e-02   8.0997503e-02   4.7835880e-02   8.9578937e-02   7.4871131e-02   1.9104860e-01   2.5667833e-01   4.8448429e-03   7.5752312e-02   1.1450421e-01   3.2694534e-02
   9.0310786e-03   1.1063613e-01   1.7002957e-02   1.1265509e-01   1.2754545e-01   7.9191138e-02   1.8271144e-01   2.1782725e-02   8.1071060e-03   1.0694708e-01   1.9045803e-01   3.3931779e-02
   9.3028992e-03   5.8183440e-03   1.2728047e-02   2.4597403e-02   8.9737271e-02   2.4700207e-01   2.4546519e-01   6.0664658e-02   2.3416196e-01   1.9653274e-02   9.1895703e-03   4.1679316e-02
   9.5166274e-03   1.7472523e-01   1.2488894e-02   2.1711540e-02   8.5033646e-02   1.0632361e-02   3.2134892e-04   2.1525135e-01   1.9830202e-01   3.4115620e-02   1.7952559e-01   5.8375781e-02
   9.6163726e-03   8.7141642e-02   1.7480434e-01   1.5871366e-01   1.5941198e-01   1.8496174e-01   5.1858569e-02   1.0487377e-01   2.7221887e-02   9.2534404e-03   1.1014635e-02   2.1127964e-02
   9.6205099e-03   1.8536750e-01   4.7567609e-02   1.8295261e-01   1.3590668e-02   4.5276884e-02   7.3169320e-02   3.4392576e-02   5.4699039e-03   1.2154669e-01   3.9900426e-02   2.4114530e-01
   9.7663168e-03   3.9750612e-02   2.2705312e-01   4.0936258e-02   6.0132710e-02   4.2825347e-02   1.9238078e-01   3.9913181e-02   1.3060975e-01   1.4681724e-01   2.5083916e-02   4.4730779e-02
   1.0009890e-02   9.2022508e-02   1.6126230e-01   3.6974659e-02   4.1299870e-04   1.1963232e-01   6.6042065e-03   6.1983762e-02   1.9835646e-01   1.3282548e-01   1.5415195e-01   2.5763467e-02
   1.0390219e-02   1.6842139e-01   1.2830057e-01   1.4963832e-01   2.0170013e-02   6.7374075e-03   1.4354716e-01   1.3483730e-01   2.2485637e-02   6.7601716e-03   1.8114086e-01   2.7570976e-02
   1.0489375e-02   1.4376176e-02   2.9229665e-02   8.9338914e-02   9.7808053e-02   3.4304582e-03   3.6584530e-02   1.0081548e-01   3.2907715e-01   5.5480320e-02   1.1014576e-01   1.2322412e-01
   1.0631367e-02   9.4708158e-02   1.5657316e-02   1.1851017e-02   1.6985625e-01   1.8824906e-03   1.5966891e-02   8.5173692e-02   1.6374723e-01   2.2488274e-01   2.9721481e-02   1.7592137e-01
   1.0737991e-02   1.4161183e-02   1.6523562e-02   1.2085204e-01   5.0794015e-02   2.0535506e-01   1.3903860e-01   1.3902061e-03   7.8396358e-02   3.7741349e-02   1.8877865e-01   1.3623099e-01
   1.1086982e-02   8.0139389e-02   1.5199374e-02   4.6615272e-02   1.0116281e-01   4.1656594e-02   3.4208442e-02   2.0382085e-01   1.1773043e-01   5.1573924e-02   2.9055987e-01   6.2460605e-03
   1.1308802e-02   1.6867190e-02   2.7603887e-02   1.5590116e-01   3.6886546e-03   1.6600817e-01   5.8075387e-02   1.1906714e-01   1.5391288e-02   1.5555001e-01   1.1873442e-01   1.5180389e-01
   1.1454659e-02   1.1667239e-01   2.4023636e-01   3.2952662e-03   3.3629379e-02   2.0010254e-01   8.9311830e-02   1.0245304e-03   1.0717403e-01   2.0657992e-02   8.4526239e-02   9.1914781e-02
   1.1833384e-02   1.1982643e-01   2.9299277e-02   7.4491369e-02   2.0390873e-02   1.1812489e-01   3.7944001e-02   3.2002562e-02   3.7238178e-02   7.2598818e-02   1.6698706e-01   2.7926316e-01
   1.1850091e-02   6.3199619e-02   9.5054990e-02   2.9908591e-03   1.2451437e-01   2.7657734e-02   4.1371994e-02   4.0779638e-01   6.9701152e-03   5.4014472e-04   5.2851136e-02   1.6520257e-01
   1.1888406e-02   9.5179610e-02   1.3248828e-01   9.0039201e-04   1.2054923e-01   2.2464608e-01   1.0891135e-01   5.2135198e-02   1.8888269e-02   1.8815348e-02   1.9591439e-02   1.9600640e-01
   1.2173618e-02   2.3797253e-01   1.7424439e-01   6.1744020e-02   5.1470982e-02   2.3347541e-01   2.0083770e-02   1.4633645e-02   6.7446851e-02   6.4697962e-02   1.9911895e-03   6.0065642e-02
   1.2178645e-02   8.4298747e-02   3.4535621e-02   1.8327176e-01   3.0883649e-02   7.7642514e-02   1.2416728e-01   2.5715740e-03   4.4879836e-02   1.6199511e-01   1.3806413e-01   1.0551113e-01
   1.2366959e-02   8.8195368e-02   1.5567051e-01   3.4568727e-02   2.3405314e-01   7.7305411e-02   2.3194824e-03   1.2877435e-02   5.3308358e-03   8.3018868e-02   1.0148875e-01   1.9280451e-01
   1.2408827e-02   1.5358543e-01   1.9949464e-04   2.1738565e-01   9.3787176e-02   1.4138870e-02   2.2931336e-01   7.0642927e-02   2.4574562e-02   6.2698367e-02   8.2661015e-02   3.8604316e-02
   1.2478063e-02   1.9729049e-01   1.1605677e-01   6.3137894e-02   1.4696349e-01   1.2281293e-02   2.9348151e-02   9.9919015e-02   5.6043615e-02   7.7897473e-02   6.3540144e-02   1.2504360e-01
   1.2537019e-02   2.0143613e-03   3.3495015e-02   3.2330794e-02   9.2404715e-02   7.6554555e-02   3.4927225e-02   1.6502307e-01   2.0567494e-01   2.7881674e-01   3.2567267e-03   6.2964836e-02
   1.2876520e-02   1.2602406e-02   2.2623161e-01   9.4096650e-02   2.0092077e-01   8.9706037e-02   1.9137150e-02   3.3246523e-04   1.0379056e-02   1.6763796e-01   1.0210649e-02   1.5586873e-01
   1.2995104e-02   1.7855137e-02   1.1848699e-01   1.3678046e-01   9.6155112e-03   8.0550036e-02   2.3902932e-01   9.4101621e-02   1.8899985e-02   4.5239476e-03   2.4151006e-01   2.5651831e-02
   1.3082285e-02   6.7474655e-02   5.6814683e-02   1.0093699e-01   6.4262577e-02   1.9584594e-01   3.9542703e-02   9.1507006e-03   2.3962266e-01   7.4344283e-03   8.8051520e-02   1.1778085e-01
   1.3094292e-02   2.1191982e-01   1.9780895e-01   1.5424260e-01   1.2412329e-02   3.7274016e-02   9.1278123e-02   1.8442989e-01   5.8465681e-02   9.1609890e-03   1.1092161e-02   1.8821155e-02
   1.3094621e-02   2.1913419e-01   8.0267009e-02   6.7916585e-02   6.8555143e-02   1.9321045e-03   1.2323080e-01   5.9789168e-02   3.9491215e-02   8.0539968e-03   1.0702587e-01   2.1150929e-01
   1.3206201e-02   3.4164753e-02   1.1398798e-02   1.2445286e-01   7.1728872e-02   1.3550819e-02   1.7944445e-01   1.4762247e-01   3.7345526e-02   1.4424163e-01   2.7522555e-02   1.9532107e-01
   1.3228566e-02   4.8334816e-02   6.9773570e-02   3.6619980e-02   1.4068101e-01   2.4105619e-01   2.9975361e-02   2.0362827e-01   5.2357854e-02   5.5823754e-03   5.4741330e-02   1.0402069e-01
   1.3399865e-02   1.7904908e-01   1.7441424e-01   8.4403133e-02   6.1799259e-02   6.9799104e-02   3.2432254e-02   3.6592825e-02   2.1938878e-01   2.8643252e-02   6.0600423e-02   3.9477788e-02
   1.3586831e-02   1.8796204e-01   1.7731978e-01   9.3630150e-02   3.8006867e-02   1.1071353e-02   1.1962781e-02   1.4199316e-02   1.9197383e-01   2.3120971e-02   3.1140497e-02   2.0602558e-01
   1.3734714e-02   3.0154364e-01   1.4180679e-02   2.9023690e-02   2.7257502e-02   7.6518505e-02   1.0770186e-01   4.2248646e-02   2.9860806e-01   5.6695900e-02   1.4239275e-02   1.8247527e-02
   1.3749952e-02   5.7229186e-02   9.5954705e-02   3.6601778e-02   1.0823063e-01   5.3382422e-02   8.7049354e-03   1.7640054e-01   1.5926555e-01   1.4492566e-01   5.2703282e-03   1.4028431e-01
   1.3924523e-02   1.8551142e-01   1.7650591e-01   1.7013605e-02   4.7850609e-02   1.4790790e-01   1.6373142e-01   2.2973627e-02   1.9612256e-02   9.1080545e-02   1.3451215e-02   1.0043697e-01
   1.4154499e-02   8.8260869e-02   1.2649876e-02   2.3523699e-01   5.6504975e-02   2.5851370e-01   4.1540017e-02   8.1961362e-02   4.9205448e-03   1.7146944e-01   3.1997979e-02   2.7897445e-03
   1.4376555e-02   4.5455468e-02   4.3059776e-02   2.1307058e-01   5.1169912e-02   2.0154224e-01   3.0386222e-02   2.3004541e-01   1.0293637e-02   2.9631487e-02   3.9315021e-02   9.1653696e-02
   1.4591121e-02   7.9202537e-02   1.1659869e-01   3.9076226e-02   3.8662495e-02   7.3563455e-03   2.5102525e-01   7.5404690e-02   1.4535946e-01   2.3347083e-02   1.8919055e-01   2.0185558e-02
   1.4644727e-02   6.4062077e-02   2.9399099e-01   7.2917261e-02   3.1287160e-02   1.3068936e-02   8.1140911e-02   2.1250158e-01   4.0590248e-02   5.8731449e-03   1.5769387e-01   1.2229104e-02
   1.4833810e-02   1.0022538e-01   1.9692538e-01   8.5430298e-03   7.6069378e-03   2.3707352e-02   8.4826466e-02   1.9145646e-01   1.9869723e-01   2.1440955e-02   1.5036361e-01   1.3733851e-03
   1.5598494e-02   1.4282344e-01   6.7481270e-02   1.4265015e-01   6.2055970e-02   2.4224356e-02   2.9259792e-02   1.3638454e-01   1.4239616e-01   1.6316260e-02   1.0947839e-01   1.1133117e-01
   1.5825985e-02   6.9702397e-03   4.4434470e-02   5.6195072e-02   1.9488582e-01   8.1436700e-03   3.9837711e-02   1.7428425e-01   2.2880388e-01   7.2214051e-02   1.4382740e-01   1.4577452e-02
   1.6139573e-02   1.0913015e-01   8.4656921e-03   1.1146422e-01   2.8350082e-02   1.8411943e-03   2.9614661e-03   2.3052227e-01   3.8357083e-02   1.8473675e-01   5.5901547e-02   2.1212998e-01
   1.6256762e-02   1.1661333e-01   6.6580779e-02   8.4887253e-02   1.1849212e-02   1.6626533e-01   1.5973055e-01   1.0343931e-01   9.7536162e-02   1.1808387e-01   7.6627482e-03   5.1094704e-02
   1.6413352e-02   2.3162080e-02   1.0482566e-01   2.1273307e-02   1.4239154e-01   4.4212706e-02   6.3223541e-02   9.3095440e-02   1.0530522e-01   1.6925707e-01   1.5483634e-01   6.2003744e-02
   1.6414240e-02   5.9552046e-02   1.1535650e-01   2.3492759e-01   3.4277767e-02   4.9890419e-02   1.3733760e-03   6.0431885e-03   5.3422736e-02   1.1918949e-01   1.5985992e-01   1.4969272e-01
   1.6598490e-02   1.5487176e-01   7.2822308e-02   1.1556765e-01   1.0024007e-01   1.8555449e-02   2.4431317e-02   1.5387388e-01   1.8693633e-02   1.6754822e-01   1.3149023e-01   2.5306987e-02
   1.6973218e-02   1.1550246e-01   1.8230923e-01   3.9756615e-03   2.8635758e-02   6.1004421e-02   9.8816299e-02   3.2628883e-02   7.3065784e-02   1.8262259e-02   1.6087058e-01   2.0795544e-01
   1.7101865e-02   2.3318426e-02   1.4817447e-01   2.5511760e-02   2.2801810e-01   1.3383922e-01   5.0954393e-03   1.4891867e-01   7.7435403e-02   4.4098132e-03   1.6802009e-01   2.0156747e-02
   1.7366416e-02   2.5211007e-01   1.6547148e-01   1.0599688e-02   2.0063452e-02   1.5270454e-01   5.1215642e-02   1.8368111e-01   4.6812035e-02   2.6032001e-02   5.1079233e-03   6.8835643e-02
   1.7617739e-02   2.5987218e-01   9.7354284e-03   1.1652531e-01   1.6852284e-01   6.4870987e-02   7.9495996e-02   4.0842907e-02   3.3088133e-02   2.5218473e-03   3.0963205e-02   1.7594342e-01
   1.7648334e-02   7.6091525e-02   1.9988130e-01   1.0475781e-01   1.3653430e-02   1.1665730e-01   8.4680672e-02   1.0318657e-01   1.1079772e-02   1.6285396e-02   8.3014973e-02   1.7306292e-01
   1.7664809e-02   1.6586289e-01   2.7991850e-02   1.6636535e-01   1.9066080e-01   6.9181323e-02   1.6583534e-02   2.0319041e-01   1.1968866e-02   9.9082616e-02   1.4840200e-02   1.6607351e-02
   1.7681150e-02   6.8842334e-02   8.4925229e-02   5.5278056e-02   2.2862658e-01   3.0610437e-03   6.3106801e-02   2.5150645e-02   2.1066499e-01   1.5272644e-02   2.0082674e-01   2.6563783e-02
   1.7731912e-02   1.1961458e-01   1.9830193e-01   1.0246058e-02   8.2623552e-03   1.9441060e-01   7.7349053e-03   2.5916287e-02   8.5358017e-02   1.4197440e-01   5.1552745e-03   1.8529369e-01
   1.7915557e-02   8.7927144e-03   2.6087520e-02   1.8876341e-01   1.4001514e-01   9.5600676e-04   2.7538211e-03   2.0043857e-01   2.3470881e-01   2.3909675e-02   1.0976547e-01   4.5893308e-02
   1.8088869e-02   4.4923488e-02   9.0101104e-03   1.6434199e-02   1.1549768e-01   1.7683066e-02   8.5109256e-02   3.1503594e-02   1.2519971e-01   2.0869718e-01   2.9153784e-01   3.6315014e-02
   1.8177433e-02   5.8948380e-02   5.1511612e-02   1.7484331e-02   2.0760361e-01   3.1835878e-03   1.0183989e-01   1.7192728e-01   5.0750181e-02   7.8343385e-02   2.7947900e-02   2.1228241e-01
   1.8179906e-02   2.7061096e-01   3.1946197e-02   6.5112184e-02   6.8380601e-02   1.8518233e-01   2.5440135e-02   6.0715004e-02   2.5813424e-02   6.4325726e-02   4.5343374e-02   1.3895016e-01
   1.8209329e-02   2.1918410e-02   2.0245342e-01   9.5056282e-03   2.0615693e-02   1.7780371e-01   1.4195513e-02   1.7142747e-01   1.2805256e-02   1.9009793e-01   1.0347652e-01   5.7491110e-02
   1.8518570e-02   2.4727204e-01   6.3278659e-02   1.6181369e-01   9.8067454e-02   1.2974704e-01   6.3204699e-02   1.6732949e-03   2.9295319e-02   3.4879304e-02   1.0496192e-01   4.7288003e-02
   1.8658549e-02   1.9215341e-01   1.0241267e-01   7.8941601e-03   1.4635084e-01   5.2351120e-02   1.6060949e-01   6.7928084e-03   9.0760660e-02   1.6077828e-01   5.2798263e-02   8.4397525e-03
   1.8780743e-02   1.1838589e-01   6.7741627e-02   7.6654376e-02   6.5837519e-02   1.1972258e-02   9.3473308e-02   1.1264771e-01   2.1136436e-01   1.8222172e-01   5.1385500e-04   4.0406639e-02
   1.9058432e-02   1.1821204e-01   3.4505401e-02   3.4014252e-02   1.6766314e-02   3.7196003e-02   6.2169911e-02   9.2149353e-02   3.2622383e-01   1.4087929e-01   9.5749965e-02   2.3075212e-02
   1.9062288e-02   2.0575714e-02   5.9530350e-02   2.1906629e-02   1.9878246e-01   2.1749848e-01   5.2541438e-02   4.6643470e-02   1.3164686e-02   7.2377907e-02   2.7764655e-01   2.7003301e-04
   1.9124650e-02   1.1893684e-02   1.6183544e-01   8.7088066e-02   2.0116825e-01   2.7357267e-03   6.6437984e-02   3.0634491e-03   1.8242027e-01   8.7115315e-03   1.2388716e-01   1.3163378e-01
   1.9325171e-02   1.3165669e-01   2.3655683e-02   1.9927516e-02   7.7167728e-02   1.6566350e-02   1.4034828e-01   2.0887351e-01   1.1933140e-01   1.3772271e-01   2.1610262e-02   8.3814697e-02
   2.0306050e-02   1.8434585e-02   3.0960166e-02   1.8717720e-01   9.6621083e-02   3.3200610e-04   1.9781732e-01   1.5361287e-01   2.0333815e-02   1.6047686e-01   1.0272703e-01   1.1201016e-02
   2.0499663e-02   2.1923640e-01   7.4451995e-02   7.5229042e-02   2.6194589e-02   2.7244985e-01   4.8717856e-02   1.5028408e-02   4.9505690e-02   5.1044869e-02   1.1652280e-01   3.1118836e-02
   2.0874576e-02   1.3882614e-02   5.4248111e-02   2.1322681e-01   2.1255390e-02   2.3955327e-01   1.5155395e-02   6.0553919e-02   1.0389679e-01   4.3192402e-03   1.2068762e-01   1.3234628e-01
   2.0986230e-02   7.7434397e-02   2.6644786e-02   1.8921465e-01   5.0424860e-02   1.4569150e-01   3.7996371e-02   1.5597253e-01   2.0904010e-01   1.6719969e-03   5.7761074e-03   7.9146473e-02
   2.1288723e-02   1.4119211e-02   1.1395820e-01   2.0903998e-02   2.2874729e-01   3.6166184e-02   7.2957031e-02   2.0663110e-01   7.6864277e-02   1.4730931e-01   6.1827348e-03   5.4871936e-02
   2.1422717e-02   3.7426091e-03   1.0648696e-01   1.5741942e-01   1.9032507e-01   8.9182899e-03   8.2690578e-02   7.0543293e-02   1.0700716e-01   5.1561348e-02   1.9176730e-01   8.1152588e-03
   2.1701643e-02   1.9295382e-01   1.6333285e-03   7.3321251e-02   1.8531738e-01   1.8772132e-01   5.3865608e-02   9.4130342e-02   1.0161151e-02   7.9025514e-02   9.7729694e-02   2.4389503e-03
   2.1764429e-02   1.7009883e-01   6.0599380e-03   9.5287275e-02   1.3945110e-01   1.1705966e-02   1.6602485e-01   8.6960634e-02   1.6055921e-01   1.1154749e-02   1.9422402e-02   1.1151062e-01
   2.1814281e-02   1.2731505e-01   3.3141965e-02   1.9231107e-01   1.5892286e-02   4.6435364e-02   1.7893372e-02   2.3472491e-01   8.5447462e-02   7.4297791e-03   2.1652734e-01   1.0671061e-03
   2.1941835e-02   2.3854650e-02   1.6433198e-01   1.5705613e-01   1.6257615e-03   1.6211871e-01   1.7807838e-01   4.0542206e-02   4.3290497e-02   7.9504619e-02   9.2593840e-02   3.5061398e-02
   2.2047435e-02   1.6953614e-01   6.8012131e-02   7.0685412e-03   1.6926478e-01   6.7239564e-02   3.9742741e-02   4.4984655e-02   1.7988111e-02   9.6584906e-03   1.8490864e-01   1.9954877e-01
   2.2299128e-02   9.0194676e-02   2.8692588e-02   1.0554392e-01   8.9696488e-04   5.9808348e-02   1.6630585e-01   2.4183738e-02   7.6516129e-02   2.3924199e-01   1.6555377e-02   1.6976129e-01
   2.2321234e-02   2.1130159e-01   7.0851090e-02   1.7517206e-01   1.6887291e-02   1.5753418e-02   1.3933524e-01   1.5823653e-01   2.9382456e-02   9.7699946e-02   6.1728549e-02   1.3305927e-03
   2.2498697e-02   4.4930096e-02   1.5489792e-01   1.8571947e-01   1.3501602e-01   7.7414936e-02   1.3112310e-02   4.2392039e-02   7.3494631e-02   4.1535644e-02   1.8696439e-02   1.9029179e-01
   2.2505319e-02   1.5231022e-01   1.3281345e-04   2.0407094e-01   2.9155803e-03   2.0415604e-01   9.8006547e-02   3.9027942e-02   1.0201272e-02   5.2864648e-03   1.6476353e-01   9.6623340e-02
   2.3341358e-02   1.5337365e-02   1.6570606e-01   1.8241630e-03   6.0515424e-02   5.9633300e-02   1.5960358e-01   1.8854440e-01   9.4461215e-02   9.2526238e-02   6.7088549e-03   1.3179805e-01
   2.3594113e-02   3.7727528e-02   1.9902368e-02   1.3638501e-01   2.1114257e-01   1.7553410e-02   1.2295261e-01   2.1314214e-01   4.1799588e-02   1.8302367e-02   1.1487092e-01   4.2627373e-02
   2.3848971e-02   1.9712513e-01   1.9762432e-03   8.8873205e-03   4.5120929e-03   2.2246118e-01   7.6276464e-02   1.1177282e-01   6.3016716e-03   1.9941708e-01   6.4371858e-02   8.3049163e-02
   2.4038105e-02   5.8871922e-02   1.2278813e-02   3.6932013e-02   9.5225491e-04   1.5796709e-01   5.1474108e-02   2.2741602e-01   4.0508680e-02   2.1275633e-01   1.1527987e-02   1.6527668e-01
   2.4059100e-02   1.9132984e-02   2.0221712e-01   1.9642067e-01   7.1716473e-02   1.3184049e-01   5.0196204e-03   9.7933300e-03   1.5833279e-02   5.2496014e-03   1.9377904e-01   1.2493829e-01
   2.4388852e-02   7.9172424e-02   6.3600868e-02   1.2517532e-01   1.9721718e-01   1.4198819e-01   1.0025897e-02   6.8180252e-02   2.0061072e-01   6.2099094e-02   2.3616133e-02   3.9250628e-03
   2.4540012e-02   1.4393067e-02   3.1932970e-02   2.0268132e-02   1.4273330e-01   1.7251672e-01   4.2603851e-02   1.6435600e-01   8.5116587e-03   1.0542349e-01   9.9710231e-02   1.7301056e-01
   2.5133390e-02   1.4350787e-01   1.0998891e-01   1.9991123e-02   1.1024630e-01   1.0252394e-01   1.5868771e-02   1.4310485e-01   1.7014256e-01   1.8631939e-02   2.9749270e-02   1.1111107e-01
   2.5333838e-02   1.1978073e-02   7.9357065e-02   1.3322171e-01   1.6858226e-01   3.7029903e-02   7.3246535e-02   9.5060243e-02   7.4352120e-03   1.3044447e-01   6.0924900e-02   1.7738579e-01
   2.5594572e-02   2.3540453e-03   9.4641078e-02   7.8351506e-02   8.5061812e-03   1.4275090e-01   1.2208627e-01   1.0662830e-01   2.3840329e-01   1.1862667e-02   9.7482631e-03   1.5907293e-01
   2.5650786e-02   7.8754160e-02   1.0356512e-02   3.0842502e-01   1.1176566e-01   2.2047441e-01   7.2750242e-03   2.4442659e-02   1.3756208e-01   7.2519821e-02   2.1114430e-03   6.6243051e-04
   2.6640258e-02   1.7172366e-01   1.5511063e-04   7.3297123e-02   6.4123531e-02   2.1197632e-01   7.5918852e-02   7.2907492e-02   2.3306449e-01   1.0867625e-02   5.7934780e-02   1.3907513e-03
   2.6735606e-02   1.2549029e-01   2.4319474e-01   5.8202179e-02   2.1000127e-01   2.6830216e-02   2.0136561e-01   2.2445923e-02   4.5716725e-03   2.0303499e-02   5.7953995e-02   2.9050000e-03
   2.7215269e-02   1.3927778e-01   2.0287976e-01   1.6485403e-01   5.3179759e-02   5.7777503e-02   7.8473238e-02   8.1778104e-02   6.0810498e-03   1.8668909e-01   1.2621111e-03   5.3230752e-04
   2.7595658e-02   3.9625424e-02   2.5696168e-02   4.5773776e-02   2.5799387e-02   1.6578977e-01   6.1617463e-02   8.9902673e-02   1.1154338e-01   2.9143743e-02   2.5886093e-01   1.1865162e-01
   2.7839611e-02   4.1801965e-02   5.2443239e-02   2.2626822e-01   4.0978841e-02   4.9895276e-03   1.8245950e-01   6.2839094e-02   1.9397467e-01   1.1922231e-01   4.4648811e-02   2.5342152e-03
   2.8374132e-02   7.1917016e-02   8.3206642e-04   2.0288420e-02   6.3179354e-02   1.1044376e-01   3.2815764e-01   1.2834849e-03   1.7839071e-01   5.1862281e-02   1.6263327e-02   1.2900781e-01
   2.8395822e-02   5.3385514e-02   1.1051648e-01   1.9234262e-01   1.2331794e-02   5.1360835e-02   5.3776716e-02   2.0780538e-01   1.8374696e-01   8.8953351e-03   9.3431906e-02   4.0106441e-03
   2.8978693e-02   8.6943003e-03   3.5238560e-02   4.4755378e-02   9.5509963e-02   2.7079110e-02   1.6651804e-01   2.2514076e-01   1.6501357e-02   3.3519166e-02   8.5975678e-02   2.3208900e-01
   2.9701013e-02   1.9288573e-02   2.3405374e-01   5.0400422e-02   4.0922955e-03   3.0176956e-01   7.9092255e-03   9.7956072e-02   9.6686845e-03   7.7009620e-02   9.7115330e-02   7.1035467e-02
   2.9923285e-02   1.7701088e-01   6.5361893e-02   2.2277732e-01   4.7457316e-02   1.5142383e-02   3.0928448e-04   4.7458881e-03   5.4595004e-02   1.2090289e-01   2.3419101e-01   2.7582841e-02
   3.0013905e-02   5.5865811e-02   1.8937787e-01   1.1735107e-01   2.1811659e-01   2.6928642e-02   9.6002841e-02   4.1230576e-02   1.6343826e-01   3.8158575e-02   3.1629595e-03   2.0352905e-02
   3.0271579e-02   1.1525138e-01   4.9205423e-02   8.1068986e-02   1.1487423e-01   3.0182595e-01   4.1775722e-02   1.6612469e-02   1.9037646e-02   3.0175793e-02   9.0779298e-02   1.0912152e-01
   3.0726659e-02   1.1293893e-01   8.7018070e-03   6.7781824e-02   1.5987592e-02   1.2356251e-01   2.0492173e-01   7.5522598e-02   1.0462146e-01   3.5808502e-02   1.3303592e-02   2.0612280e-01
   3.0807085e-02   6.3166099e-02   2.0053536e-02   2.2280718e-01   1.7706094e-02   6.9232806e-04   2.7927680e-02   1.8733654e-01   1.0959488e-01   1.8191246e-01   7.8395433e-02   5.9600688e-02
   3.0938447e-02   2.3688856e-01   7.6923277e-03   1.3270281e-01   2.8509228e-02   1.7303977e-02   1.7084020e-02   2.2800571e-01   2.1492645e-01   1.3254474e-02   1.0359845e-02   6.2334149e-02
   3.0965089e-02   4.1760179e-02   1.2910452e-01   7.8514160e-03   1.2721719e-02   3.8554483e-03   1.5891726e-01   7.0285626e-02   1.0983421e-01   1.5089685e-01   1.1564369e-01   1.6816400e-01
   3.1031716e-02   2.7887642e-02   2.1189471e-02   4.2747451e-02   1.6076180e-02   2.5487697e-01   1.2886360e-01   8.1077342e-02   3.9636799e-02   1.6743060e-01   1.2441082e-02   1.7674115e-01
   3.1154069e-02   1.3528873e-01   6.8153856e-02   3.8630158e-02   2.0353430e-01   4.4558671e-03   1.1484512e-01   8.7164677e-02   8.8273196e-04   2.0383728e-01   9.3082295e-02   1.8970916e-02
   3.1226734e-02   2.2678112e-01   5.0691650e-02   9.7726416e-02   2.7638700e-01   7.7073602e-02   6.1205642e-03   5.1913286e-02   5.7755375e-02   1.4826870e-02   4.3249948e-02   6.6247436e-02
   3.1514981e-02   3.2898102e-02   2.9286298e-02   4.6373909e-02   7.2989044e-03   1.6158386e-01   1.3525869e-02   2.0171331e-01   3.5719708e-02   1.4842755e-01   2.2827733e-01   6.3380178e-02
   3.2388439e-02   2.2189514e-01   4.6396783e-03   1.0611051e-01   1.4081579e-02   5.2837517e-02   1.1482587e-01   6.4402052e-02   7.8291539e-03   1.7272575e-01   2.0591465e-01   2.3496604e-03
   3.2520637e-02   1.7559430e-01   3.1064446e-02   1.2566866e-02   4.6414036e-02   1.3553367e-01   1.8222589e-01   3.7582225e-03   4.0588893e-02   1.1376024e-02   2.0137249e-01   1.2698453e-01
   3.2698343e-02   1.1323439e-02   4.1659459e-02   2.1157754e-02   1.7783982e-01   1.4187027e-01   1.4843699e-01   8.0304646e-02   9.7772348e-02   1.4328060e-02   4.3768080e-02   1.8884079e-01
   3.3349088e-02   2.4449593e-01   2.4340308e-01   5.7292506e-03   1.7222394e-02   2.8044692e-02   1.2347532e-01   1.0709737e-01   2.5358388e-02   8.7429381e-02   5.7562702e-02   2.6832399e-02
   3.3350636e-02   8.1923327e-03   4.4325379e-02   1.6914366e-01   1.0606548e-01   1.3700896e-01   7.6607482e-02   1.1631996e-01   2.4986662e-03   2.0489401e-03   1.7278075e-01   1.3165776e-01
   3.3580627e-02   6.3089884e-02   1.0492809e-01   1.7591723e-03   1.2650775e-02   1.4968802e-01   7.5507028e-02   7.2841639e-03   5.2623917e-02   1.8401296e-01   1.1629208e-01   1.9858327e-01
   3.3831753e-02   3.7774131e-02   2.0911719e-02   1.7290095e-01   1.1152587e-02   7.4563981e-02   1.3946198e-01   2.0177234e-02   3.2295554e-03   6.4761824e-02   2.4573676e-01   1.7549753e-01
   3.3843224e-02   8.0864900e-03   1.9723137e-01   1.1647900e-01   4.6879631e-02   8.7446745e-02   2.2332741e-02   1.1649140e-01   1.8724029e-01   9.7077972e-03   1.5017519e-01   2.4086121e-02
   3.4124669e-02   5.2980803e-02   9.2457481e-02   6.1453172e-02   4.3624784e-02   2.8145236e-02   9.3498247e-02   1.5022242e-01   1.7279472e-01   4.9946183e-03   1.8814281e-01   7.7561035e-02
   3.4287844e-02   6.1464362e-02   1.4256280e-01   1.6866833e-02   2.7986194e-01   2.2367148e-02   1.6114243e-01   3.5056935e-03   1.2299121e-01   3.5957884e-02   1.0710224e-01   1.1889622e-02
   3.4612532e-02   9.5258059e-02   5.8846548e-03   1.9615092e-01   1.5816837e-01   1.3320724e-02   1.0636080e-02   2.2202281e-02   2.9616074e-02   1.9523082e-01   2.3807583e-02   2.1511190e-01
   3.4654497e-02   1.7119947e-01   1.7665685e-01   1.9217229e-02   1.1771574e-01   9.7470897e-02   1.3417486e-01   1.3997348e-02   1.8284763e-02   7.4702642e-02   1.2421489e-01   1.7710810e-02
   3.4911837e-02   4.4024685e-02   4.5297273e-02   2.6370928e-01   1.8719213e-01   3.3025478e-02   5.7330642e-02   1.9290813e-02   1.6139318e-01   1.1123535e-01   3.4230832e-02   8.3584938e-03
   3.5040509e-02   1.6097559e-01   1.1752840e-02   1.7145826e-01   1.5266215e-02   2.3350733e-02   6.3510129e-02   1.6328597e-01   5.3870047e-03   1.0546156e-03   1.6723071e-01   1.8168743e-01
   3.5193820e-02   2.3139720e-01   1.6040737e-01   6.3322999e-02   9.8095175e-02   4.1915409e-02   2.2024457e-02   6.8104022e-02   7.3425650e-03   2.0824306e-01   5.2434972e-03   5.8710430e-02
   3.6383938e-02   1.7512900e-01   1.6882740e-01   4.6407840e-02   1.6494088e-02   3.1461680e-02   1.7293990e-01   1.2084188e-01   2.2053964e-02   3.5233740e-04   3.0592219e-02   1.7851574e-01
   3.8314540e-02   4.1152809e-02   2.6182433e-03   2.1034537e-01   7.9981346e-02   3.1495624e-02   7.3639649e-03   1.0262744e-01   5.5469823e-02   7.4830169e-03   2.7213569e-01   1.5101213e-01
   3.9058869e-02   1.4649122e-01   1.0900586e-01   1.9301911e-01   4.4590504e-02   2.4283301e-01   1.5068304e-03   7.4347480e-03   5.7841826e-03   1.1701344e-01   4.6555758e-03   8.8606657e-02
   3.9650956e-02   8.2504134e-03   1.4868891e-01   2.7711909e-02   7.0842142e-02   2.3208285e-01   3.4809498e-02   2.3436317e-03   2.3020633e-01   1.4528879e-01   3.5706267e-02   2.4418301e-02
   3.9794651e-02   2.8776513e-03   1.4503611e-01   1.7788561e-01   1.6102987e-01   1.8981450e-02   5.8070359e-03   1.4746881e-01   4.7084878e-02   8.6755622e-02   9.1575854e-02   7.5702454e-02
   4.0061504e-02   2.1139920e-02   2.2651195e-01   6.6768266e-02   9.0331764e-02   2.8959842e-02   1.0662807e-01   8.6389130e-02   7.7020225e-03   4.6480539e-02   2.3782793e-01   4.1199067e-02
   4.0302152e-02   4.9142298e-02   6.1011992e-02   9.4166006e-02   2.0324111e-01   1.5263712e-02   2.4055934e-01   2.0250525e-02   1.7889059e-01   5.8611068e-02   1.8079382e-02   2.0481824e-02
   4.0387926e-02   5.9175128e-02   6.9091356e-04   2.3766886e-01   1.3894223e-01   2.1026438e-02   8.5064511e-03   2.4502870e-02   1.4229412e-01   4.3072419e-02   2.7167497e-02   2.5656515e-01
   4.1537239e-02   7.4365196e-02   2.0761716e-02   1.6138603e-01   4.6318292e-02   1.8108978e-02   2.1421846e-02   2.4540705e-02   9.1609266e-02   2.1614013e-01   2.5700834e-01   2.6802261e-02
   4.1610793e-02   4.6871901e-02   1.0238275e-01   3.1826280e-02   1.5414980e-01   2.6049454e-01   3.8549133e-02   9.0430427e-02   2.0932112e-03   1.3312941e-01   7.3515913e-02   2.4945843e-02
   4.1681771e-02   3.7458107e-02   1.5790772e-02   2.9050753e-02   3.0312222e-02   6.6260002e-03   3.5679022e-02   2.2600454e-01   1.5234294e-02   4.2020196e-02   2.7644762e-01   2.4369470e-01
   4.2006632e-02   4.8708153e-02   1.8102791e-01   6.4701871e-02   9.6670362e-03   7.4686049e-04   1.0704101e-01   2.8365853e-02   9.2689003e-02   8.7035445e-03   3.0932207e-01   1.0702005e-01
   4.2062274e-02   4.8642921e-02   4.9094070e-02   8.3701402e-02   7.9453473e-02   1.1424533e-01   2.9850843e-01   1.0199636e-01   4.7482656e-02   4.8427085e-02   2.7293339e-02   5.9092666e-02
   4.2068555e-02   5.9676098e-03   1.3539965e-01   5.6064760e-02   4.4895151e-03   6.2657698e-02   2.0152639e-02   2.7413000e-01   3.7452094e-02   1.0952085e-01   1.1365206e-01   1.3844457e-01
   4.2089880e-02   5.7903070e-02   4.3187435e-02   4.8707067e-02   8.8593624e-04   1.4304095e-02   1.4731091e-01   2.6640763e-01   2.9122941e-01   1.4100672e-03   1.8663062e-02   6.7901441e-02
   4.2671053e-02   1.6309339e-01   1.5648248e-02   4.3891654e-02   2.8254733e-03   9.6544128e-02   1.6686492e-01   1.0453283e-01   1.4130950e-01   1.4121702e-02   1.2109362e-01   8.7403477e-02
   4.2873456e-02   6.1895176e-02   1.3104267e-01   2.7670887e-01   2.4699733e-01   7.7270786e-02   7.0016110e-02   1.5805672e-03   3.4096562e-02   1.5070165e-02   4.3514035e-03   3.8096898e-02
   4.3210933e-02   2.6444698e-02   1.8167238e-01   2.1233709e-03   9.1099193e-03   1.8589372e-01   1.8347958e-01   1.9217927e-02   2.4087460e-03   2.2856541e-01   4.4680935e-03   1.1340523e-01
   4.3841921e-02   7.6538161e-02   5.7540859e-03   1.8594530e-02   1.0694627e-01   2.9401957e-02   2.0491691e-01   2.9422671e-03   1.4159026e-01   1.6012248e-01   1.9815333e-01   1.1197835e-02
   4.4200704e-02   1.6295195e-01   1.6215314e-01   3.2642801e-02   1.7126495e-01   5.3018971e-02   3.6306123e-03   9.0981082e-02   1.1477719e-01   3.6168012e-02   1.1584309e-01   1.2367512e-02
   4.4639410e-02   2.3006378e-02   2.2204635e-01   6.2247111e-03   8.0466993e-02   6.5118161e-04   4.2802897e-03   1.1621504e-02   1.6437634e-01   1.9588318e-01   1.7488566e-01   7.1918002e-02
   4.5222250e-02   8.0032211e-03   1.3980753e-02   1.3593526e-01   5.9141772e-04   1.1825498e-01   1.8336000e-01   1.6900202e-01   1.3237130e-01   1.5030562e-01   1.0524584e-02   3.2448583e-02
   4.6132014e-02   1.8835519e-03   5.1314915e-03   4.5477972e-02   2.4259245e-01   1.3535565e-01   5.3872194e-02   1.3070574e-02   2.4519998e-01   4.2318513e-02   1.3369241e-01   3.5273202e-02
   4.7434159e-02   3.6945056e-02   3.5594779e-03   1.3470813e-01   2.8413388e-01   7.0949571e-02   3.0540235e-02   1.9046468e-01   6.2788411e-02   4.1108642e-02   1.4232466e-02   8.3135285e-02
   4.7626198e-02   5.2013463e-02   1.9651275e-01   2.0876262e-01   6.3021661e-03   7.9190541e-03   1.7997585e-01   1.1742358e-01   6.3215555e-02   8.3979982e-02   2.3431953e-02   1.2836829e-02
   4.8074004e-02   8.1766581e-02   5.5642246e-02   3.6339994e-03   1.0047084e-01   3.8900756e-02   1.7003874e-02   2.5019671e-02   2.2542600e-01   7.7039850e-02   5.2720699e-02   2.7430149e-01
   4.8186293e-02   3.3940978e-02   3.2518602e-02   1.3972144e-01   8.0613151e-02   1.9178717e-02   7.3705255e-03   4.7479525e-02   2.0440151e-01   6.2170125e-02   1.3957195e-01   1.8484718e-01
   4.9677891e-02   2.1804102e-01   2.8214615e-02   1.4374790e-02   1.3442505e-01   1.6806094e-01   9.7401719e-03   1.3650730e-02   9.3790903e-02   2.2808183e-01   2.7017948e-02   1.4924105e-02
   4.9717193e-02   1.2691138e-02   1.5108462e-01   1.5373683e-01   1.2834272e-01   2.3516660e-02   1.1555945e-01   9.6583679e-04   2.1223811e-02   8.9849849e-03   1.6144410e-01   1.7273265e-01
   4.9904242e-02   1.1670563e-02   1.8938862e-02   1.6406193e-01   1.4211528e-01   1.4140220e-01   1.1441372e-01   1.9753972e-02   1.6426267e-01   1.8545324e-02   1.5444403e-01   4.8720332e-04
   5.0082656e-02   2.7946019e-03   2.2706263e-01   6.0567526e-03   1.2419128e-01   7.1312005e-02   9.2246662e-02   3.0747022e-02   1.3968405e-01   4.6401928e-02   2.0026198e-01   9.1584321e-03
   5.0324874e-02   1.1237758e-02   1.5852284e-01   1.9248848e-01   7.5838632e-02   1.2337490e-01   1.4403433e-02   8.7124395e-02   1.7754550e-02   1.4927096e-01   3.1734224e-03   1.1648576e-01
   5.0519262e-02   5.4221555e-02   6.5052022e-03   1.1358466e-01   1.7928003e-01   2.2979805e-01   1.0837840e-01   7.3145776e-03   1.9709001e-01   1.1848038e-02   1.6271215e-02   2.5189000e-02
   5.0579923e-02   2.1557694e-01   5.2791348e-02   2.3020904e-01   1.3339490e-03   2.3379520e-01   7.1923961e-03   2.9445603e-02   6.4479890e-02   2.2101886e-02   5.7952922e-02   3.4540911e-02
   5.0803555e-02   1.4899652e-01   1.4525592e-01   2.0308768e-02   1.5096297e-02   6.0773145e-02   3.3091053e-02   2.4227387e-01   2.1197585e-01   2.9555325e-02   2.2573471e-03   3.9612353e-02
   5.1540776e-02   6.5714545e-02   1.2778354e-02   1.4139312e-01   1.2351783e-01   1.7936476e-01   1.6124968e-01   1.9156059e-01   1.4168472e-02   3.5397795e-02   1.3021325e-02   1.0292760e-02
   5.1603205e-02   1.9184534e-01   1.8883682e-01   2.1174470e-01   3.3967475e-02   1.2852568e-02   3.3882273e-02   2.2867332e-03   6.0656443e-02   4.7370193e-02   1.2509127e-01   3.9862990e-02
   5.1843325e-02   6.6967894e-04   3.7826943e-02   2.3481862e-01   5.0258977e-02   7.7381966e-02   9.7746521e-03   2.5585998e-01   2.3534307e-03   4.5721951e-02   1.8883235e-01   4.4658121e-02
   5.2240240e-02   8.2671248e-02   2.2579107e-02   2.3533178e-01   1.9280075e-01   1.7604079e-02   2.0900669e-01   1.2762195e-03   3.6099314e-02   1.3333452e-01   3.7693241e-03   1.3286739e-02
   5.2267787e-02   1.5307992e-01   1.3757223e-01   7.3466992e-02   2.4814485e-02   1.5723156e-01   2.8420980e-01   8.0707918e-03   2.0719023e-02   4.8370250e-03   9.7664147e-03   7.3963965e-02
   5.2662480e-02   1.8980030e-03   1.3897260e-01   3.3454874e-02   4.3964431e-02   6.8608760e-02   3.0161500e-02   8.0754677e-03   1.8651324e-01   2.1810861e-01   4.7313826e-02   1.7026622e-01
   5.2885365e-02   4.7729154e-02   5.4670853e-02   1.6352327e-01   2.1036434e-01   1.2663969e-03   1.2343003e-02   2.9854904e-02   7.3985073e-02   2.0950024e-01   9.0543567e-02   5.3333831e-02
   5.3792435e-02   2.4364454e-01   4.3836335e-02   5.3520770e-02   1.2375150e-01   4.3892511e-03   3.7031928e-02   6.0816609e-02   4.3082019e-02   1.6914833e-02   3.1775112e-01   1.4686571e-03
   5.4684716e-02   2.5971672e-02   1.9129625e-01   2.4438920e-02   2.0038375e-01   1.0019766e-01   1.6955392e-01   2.2214162e-02   3.5693006e-02   2.0932091e-02   5.3123656e-04   1.5410261e-01
   5.4958458e-02   1.5863412e-01   1.8707371e-01   7.1242993e-02   9.7864587e-02   6.2770389e-04   4.4985797e-02   3.4590106e-02   1.7026021e-02   1.0229237e-01   2.2986218e-01   8.4195927e-04
   5.5117412e-02   2.9764034e-02   8.9117736e-02   2.0374879e-03   3.0706964e-02   1.1939290e-01   9.9259758e-02   3.0105348e-01   7.3324859e-02   2.7196536e-03   4.1282516e-02   1.5622320e-01
   5.5159838e-02   1.4906664e-01   5.4473651e-02   1.4185986e-01   7.2878625e-02   5.0561245e-02   2.5502984e-01   1.9309795e-02   2.0662514e-03   8.5818024e-02   1.4364920e-03   1.1233973e-01
   5.5932793e-02   3.5321186e-03   1.4369717e-01   8.0033717e-03   1.7423893e-01   1.9448635e-02   1.1366869e-01   8.7000020e-02   1.5046554e-02   8.5762350e-02   1.3651331e-01   1.5715606e-01
   5.6091810e-02   1.7498052e-01   4.2494625e-02   2.6714695e-01   4.4269830e-02   1.7486740e-02   4.6396701e-02   1.6397841e-01   5.1361793e-02   2.1652653e-02   6.7133812e-02   4.7006159e-02
   5.6253197e-02   4.1669863e-02   2.2932724e-02   5.7670874e-02   1.5135808e-01   4.6712890e-03   7.2817275e-02   2.0360220e-01   1.7442042e-02   1.2280548e-01   1.5902580e-01   8.9751170e-02
   5.6601779e-02   1.2830094e-01   1.6885424e-01   6.9445430e-02   1.0307307e-02   3.2166685e-02   2.2023517e-01   2.2071017e-01   2.0720485e-02   6.3282972e-02   1.8085723e-03   7.5662529e-03
   5.7069586e-02   1.6962549e-01   1.7684251e-02   4.4012049e-03   1.8989384e-01   1.7168811e-02   8.8972996e-02   6.6410739e-02   1.6893926e-02   1.1825705e-01   7.2531962e-02   1.8109014e-01
   5.7795459e-02   2.3452224e-01   2.6206691e-02   2.5701651e-02   3.8431500e-03   8.8462654e-02   2.2680640e-01   9.4190433e-02   3.5663987e-03   4.1677653e-02   1.9588879e-01   1.3384763e-03
   5.7891445e-02   1.5945226e-02   9.9828976e-04   1.2256449e-01   1.9772184e-01   3.2890591e-01   2.2039066e-02   4.5225908e-02   3.9359873e-02   6.6881029e-02   1.8363253e-02   8.4103673e-02
   5.8659466e-02   1.9019283e-01   2.5795640e-01   2.1419710e-02   1.7583219e-02   7.9698419e-02   3.1823835e-02   2.4865424e-01   3.6183438e-03   1.2156926e-03   8.8879486e-02   2.9835332e-04
   5.8779757e-02   9.2348986e-02   1.5273207e-01   1.0432462e-01   3.2344080e-02   2.3144066e-02   1.3118359e-02   4.5888094e-02   3.0683723e-02   1.8658547e-01   1.4660738e-01   1.1344340e-01
   5.9392181e-02   1.7545961e-01   1.6934620e-01   6.5857109e-04   1.6168838e-01   2.5314089e-03   8.6363131e-02   1.4888203e-01   8.1358713e-03   3.3780977e-04   1.2343738e-02   1.7486107e-01
   6.0158577e-02   1.0061531e-01   1.1697861e-01   1.4142742e-01   4.1460994e-03   3.9060178e-02   1.5901530e-01   2.1326479e-02   2.0250726e-01   4.2949046e-03   7.4817769e-02   7.5652096e-02
   6.0933791e-02   1.3176316e-02   1.6110326e-01   1.7068414e-01   1.1682965e-01   8.0066812e-02   1.1451247e-01   1.0885321e-01   7.6566016e-02   2.0742463e-02   1.5375960e-02   6.1155897e-02
   6.1228510e-02   1.1954423e-02   6.9973361e-02   3.0970074e-03   8.6527191e-02   1.0697889e-01   5.3072862e-03   1.9069179e-01   1.2677137e-01   6.4464416e-03   1.1253859e-01   2.1848515e-01
   6.2133745e-02   1.3045067e-01   4.3325429e-03   8.3907454e-02   1.4714898e-01   1.4559034e-01   5.9916032e-02   1.4918409e-01   3.3272517e-02   2.7804445e-02   1.8481525e-02   1.3777766e-01
   6.2374115e-02   2.4480669e-03   1.9667125e-02   1.4016632e-01   3.5018768e-02   2.6003627e-04   1.8543657e-01   2.2922618e-01   1.4798860e-01   1.5349112e-02   1.1183500e-01   5.0230107e-02
   6.2554002e-02   2.2277707e-01   4.9933288e-03   2.0541371e-02   2.1927742e-03   1.7273925e-01   5.7215487e-02   4.5105361e-02   1.7840697e-01   1.8418019e-01   1.2753056e-02   3.6541149e-02
   6.3605840e-02   5.2591018e-03   1.7903733e-01   2.2213690e-02   1.2589890e-01   1.4373116e-01   1.1313945e-02   1.1870070e-03   6.0929848e-02   5.8769428e-02   1.5594077e-01   1.7211298e-01
   6.4175202e-02   1.7179500e-01   1.7481444e-01   1.0551934e-01   1.2611840e-02   1.1411886e-02   5.5049428e-03   1.5739517e-01   1.0979241e-02   5.8583637e-02   1.2515123e-01   1.0205808e-01
   6.4251849e-02   5.0335253e-02   2.3614377e-01   1.4617036e-03   4.2626864e-02   2.1775255e-01   3.8527387e-03   2.0675670e-01   1.7285624e-02   4.5677050e-02   9.6767620e-02   1.7088283e-02
   6.4649642e-02   1.1069989e-02   3.8289453e-02   2.0223221e-02   9.3347855e-02   8.5880601e-03   7.0207828e-03   7.2662888e-02   1.9949458e-01   1.3881672e-01   2.2758296e-01   1.1825385e-01
   6.5044907e-02   9.6996744e-02   1.1917148e-01   1.9204558e-01   2.0846004e-01   5.1090138e-02   3.2258618e-02   5.8768123e-02   1.1452214e-02   6.4485941e-02   9.4491179e-02   5.7350313e-03
   6.5359157e-02   2.0253472e-02   2.8410612e-02   4.1041046e-02   4.6062165e-02   2.9722762e-04   2.5466943e-01   2.9899372e-03   1.9147808e-01   4.5505069e-02   8.8252445e-02   2.1568136e-01
   6.5694521e-02   2.5337953e-03   3.1336380e-03   8.0558177e-02   1.3861177e-01   2.3837934e-01   8.1271278e-02   1.0547719e-01   1.0863347e-02   5.5489988e-02   1.5455132e-01   6.3435631e-02
   6.5983394e-02   5.1299674e-02   4.4236662e-02   2.3498533e-02   6.4855200e-02   1.4988254e-01   1.0932226e-01   2.2491920e-01   2.0306534e-01   8.5625402e-03   2.2057302e-03   5.2168924e-02
   6.6850208e-02   1.1325407e-01   1.5767176e-01   2.1472165e-02   6.7408737e-04   1.7192457e-01   1.8403419e-01   7.9604915e-03   4.8366912e-03   1.1194933e-02   1.6883598e-01   9.1290852e-02
   6.6989241e-02   4.8979321e-03   1.1564676e-01   1.9751127e-01   2.8760312e-02   3.7163044e-02   5.6300495e-02   2.1559810e-03   1.9934778e-01   2.0851727e-01   7.2093952e-03   7.5500516e-02
   6.7185381e-02   1.2778813e-02   6.7818329e-03   3.7978661e-02   1.5479160e-02   2.1204584e-03   9.2213763e-02   1.9734535e-01   1.1496961e-01   1.1475609e-01   2.3380880e-01   1.0458208e-01
   6.7394017e-02   1.1615709e-02   2.6784256e-01   1.7253373e-01   1.1351310e-01   1.3243767e-01   4.3104436e-02   2.0228565e-02   1.1240459e-01   2.8139064e-02   2.9532794e-02   1.2537755e-03
   6.8128619e-02   2.3823763e-01   2.9241542e-02   1.3014884e-01   1.5535802e-01   4.4481978e-02   7.4248513e-02   2.9242513e-03   1.7681403e-01   5.0785183e-02   1.0060021e-02   1.9571369e-02
   6.8302995e-02   4.3673759e-02   1.4310437e-01   2.2496869e-02   8.4213815e-02   9.1823483e-02   1.1245445e-02   1.0762319e-01   1.1666496e-02   1.9111068e-01   2.9442874e-02   1.9529602e-01
   6.8346767e-02   2.2794787e-03   1.5030441e-02   1.2455138e-02   1.0484322e-01   3.5616608e-02   2.8863548e-02   2.2952682e-01   6.6719896e-02   2.5053929e-01   6.8824589e-02   1.1695420e-01
   6.9130892e-02   1.4998575e-02   1.8611297e-01   9.1746081e-02   7.8389584e-04   2.3787283e-02   1.6537592e-01   9.3861503e-02   1.3237961e-02   1.7494964e-01   2.9917792e-02   1.3609748e-01
   6.9599566e-02   8.3147968e-02   6.7831361e-03   2.7390723e-03   2.3752712e-01   2.2572882e-01   1.0154214e-02   6.5279971e-02   1.8640523e-01   3.4829218e-03   5.1602499e-02   5.7549485e-02
   7.0574178e-02   9.6733864e-02   2.4028410e-01   3.1701531e-03   2.1192814e-02   7.6043286e-02   5.4798273e-02   9.4400951e-02   7.7162662e-02   2.8819351e-02   1.2384869e-02   2.2443549e-01
   7.0862958e-02   1.7485423e-01   1.4918634e-03   1.5758228e-01   1.2294526e-02   4.7911415e-02   1.2430260e-01   1.4613899e-02   6.2322909e-02   1.6694108e-02   1.7801061e-01   1.3905860e-01
   7.2264445e-02   6.5343338e-02   2.0863692e-01   8.3036845e-03   1.2212671e-03   8.6494303e-02   1.8872972e-01   6.6901794e-03   1.6040135e-01   4.1668860e-02   1.5602595e-01   4.2199931e-03
   7.3008093e-02   1.9287918e-01   1.3607314e-01   1.6218883e-01   1.9280846e-02   6.2693606e-03   1.4051380e-01   7.3629224e-03   7.6752743e-03   3.2432905e-02   6.3573220e-02   1.5874243e-01
   7.4893777e-02   6.3297242e-02   8.0070535e-02   2.7151304e-02   1.1898556e-01   1.1221002e-01   3.7508467e-05   6.5094141e-02   1.6779261e-02   2.4761015e-01   1.1962385e-01   7.4246655e-02
   7.5526471e-02   1.4191504e-01   5.7231818e-02   2.6910487e-02   8.5782180e-02   6.2234982e-02   1.5383920e-01   8.2244555e-04   1.1362508e-01   1.4221485e-01   1.4590000e-03   1.3843845e-01
   7.5829394e-02   9.5396171e-02   2.0293991e-02   1.7567601e-01   5.3797071e-02   7.6501657e-03   1.4127457e-01   2.4366720e-01   5.7780198e-02   9.3828495e-02   3.0099616e-02   4.7071137e-03
   7.6410104e-02   3.9623219e-03   6.2969143e-02   8.5145430e-02   2.2402965e-01   5.3006673e-02   2.0535125e-02   1.0851966e-01   3.4273970e-02   8.5582785e-02   2.4427465e-01   1.2904917e-03
   7.7577123e-02   2.1896584e-01   1.4542727e-01   1.1120009e-02   3.3779180e-03   6.8963863e-03   8.5116590e-02   1.4918591e-02   2.2434428e-01   1.0974546e-01   1.6150501e-02   8.6360038e-02
   7.7941992e-02   1.0060059e-03   9.3476162e-03   1.2270025e-02   1.2086087e-01   2.8426208e-02   1.7474397e-01   9.9411181e-03   2.1236080e-01   1.3099893e-01   1.4852651e-02   2.0724982e-01
   7.8672059e-02   1.6829774e-02   9.9706304e-02   1.4895592e-02   6.9983062e-02   3.7645391e-02   2.4897520e-01   1.3484579e-01   9.5766192e-03   7.1348819e-03   2.7252323e-01   9.2120970e-03
   7.9016047e-02   2.3875884e-01   1.6683023e-02   2.9945091e-03   2.6903214e-01   2.9841723e-02   4.6362786e-02   5.3202067e-02   1.4054139e-01   7.7547434e-02   2.6047152e-02   1.9972901e-02
   7.9427426e-02   2.0777819e-02   1.6875897e-02   2.0353327e-01   6.3407939e-03   2.9597778e-02   1.8355118e-01   8.8077735e-03   1.4011432e-01   1.6598086e-02   2.0824055e-01   8.6135099e-02
   7.9565957e-02   5.4854584e-03   1.6659118e-01   1.3212038e-01   6.2995821e-02   4.3119834e-02   1.0955718e-01   2.3010239e-01   1.7728995e-02   1.1450630e-01   3.3281830e-02   4.9446808e-03
   8.1619916e-02   2.6701497e-01   5.2567319e-02   1.3044348e-02   1.9539128e-01   1.8489069e-02   7.2174688e-03   1.2418852e-01   3.0051111e-02   1.6893672e-01   1.6447731e-02   2.5031552e-02
   8.1692028e-02   3.2513517e-02   1.0226952e-01   1.7790225e-01   2.1053094e-02   2.5113973e-02   2.3637281e-01   1.9852772e-01   1.9067504e-02   1.4562806e-02   8.4647871e-02   6.2769121e-03
   8.2282372e-02   1.6185710e-02   1.7584070e-01   1.3126010e-01   2.3526024e-02   1.5850986e-01   3.3307460e-03   1.7734596e-01   7.9309132e-02   1.6578046e-03   1.3790563e-02   1.3696102e-01
   8.3053169e-02   2.1626781e-02   2.0876521e-03   4.0044735e-02   1.3195763e-01   1.1212150e-01   1.7560982e-01   9.2216112e-02   1.1463101e-02   2.2339068e-01   9.1459438e-03   9.7282882e-02
   8.3120768e-02   2.3947869e-01   6.7100934e-03   1.0183208e-02   6.4423966e-02   2.0375119e-02   1.0322794e-01   2.1026619e-01   1.5731138e-02   1.3881685e-01   7.6359045e-02   3.1306988e-02
   8.5411715e-02   1.9354480e-01   3.8004408e-02   9.1235569e-03   5.8080430e-02   3.1829389e-03   1.8695273e-01   2.5856439e-02   1.4496407e-01   2.6945460e-02   1.7434717e-02   2.1049874e-01
   8.5436440e-02   9.3602025e-03   1.6812070e-01   2.4862815e-02   3.0398092e-02   3.3923960e-02   1.2081564e-01   1.4102731e-02   2.2053892e-01   6.4664876e-02   1.3872738e-03   2.2638835e-01
   8.5611747e-02   6.7402378e-02   1.4958657e-01   1.2868472e-02   1.6716104e-01   8.8388469e-03   4.6298545e-03   1.6871844e-01   2.0566660e-03   1.1523684e-01   1.9109555e-01   2.6793598e-02
   8.6412739e-02   2.0027180e-02   6.9660302e-02   7.0661630e-02   3.3702422e-02   1.7209636e-02   9.2501480e-03   2.4772864e-01   1.1565205e-01   1.6536770e-01   1.5736665e-01   6.9609067e-03
   8.7559937e-02   3.8220287e-02   1.1905200e-01   1.4115909e-01   1.4544731e-02   3.4775650e-03   1.5407060e-01   6.7686709e-02   2.4350345e-03   9.4625762e-02   1.3978969e-01   1.3737859e-01
   8.8337527e-02   8.6998285e-02   2.8916217e-03   5.1377498e-02   1.6294705e-02   3.8650815e-02   2.6133502e-01   1.2368266e-02   6.0197471e-02   1.2807267e-01   3.6108096e-02   2.1736803e-01
   8.8372507e-02   2.0370549e-01   2.4184611e-01   3.6166042e-02   1.2776506e-01   1.4352476e-01   2.0392555e-02   1.0995935e-02   5.6177413e-02   5.7700210e-02   4.3978284e-04   1.2914136e-02
   8.9180248e-02   1.0112567e-01   7.8208522e-02   5.7629655e-02   3.8265898e-02   1.3817070e-01   1.1592391e-03   2.9056169e-02   7.3201662e-02   1.8034514e-01   2.0663764e-01   7.0194586e-03
   8.9313673e-02   8.6702444e-03   7.2518773e-02   2.2053431e-03   4.8433575e-02   1.4891024e-01   1.1270437e-01   1.0786296e-01   1.4561641e-02   5.0437653e-02   1.2084952e-01   2.2353201e-01
   9.0073283e-02   1.1535288e-01   1.5286121e-02   9.1845543e-02   5.9672915e-02   5.6884988e-02   4.1163703e-04   1.9993041e-02   1.1869629e-01   1.3759742e-02   2.1541489e-01   2.0260867e-01
   9.0337429e-02   8.6562311e-02   1.2936467e-01   8.3066108e-03   2.7034626e-02   5.1860855e-02   1.6708883e-01   1.5928339e-02   7.6949522e-02   1.8587990e-01   1.2247705e-01   3.8209856e-02
   9.2028444e-02   5.3393840e-02   3.9677658e-02   1.8065906e-02   1.0889348e-01   1.4151489e-01   3.8697444e-02   9.4967991e-02   2.8262459e-01   8.0611426e-02   2.7891239e-04   4.9245416e-02
   9.2899517e-02   2.7770269e-02   9.9266481e-03   6.9656087e-03   2.2273531e-01   4.8224380e-02   2.1145046e-01   1.8842743e-02   1.2157262e-01   7.5560803e-03   1.9115483e-01   4.0901536e-02
   9.3441632e-02   2.1225483e-01   2.2607131e-01   6.8725623e-02   2.0198712e-03   7.9756620e-02   2.4444891e-02   6.3364421e-02   8.6280879e-03   5.7961864e-03   2.1046665e-01   5.0298854e-03
   9.3529119e-02   4.8034001e-02   7.0154413e-03   1.2030536e-01   2.1458310e-01   1.2821322e-01   1.3337773e-01   4.8186457e-02   3.3789597e-02   6.0304154e-02   3.4798655e-04   1.1231384e-01
   9.4282448e-02   2.5637258e-02   1.8933247e-01   2.8819302e-02   2.3471199e-02   2.2409368e-01   1.9032510e-01   7.4559661e-02   6.4758412e-02   5.7511381e-02   2.1444403e-03   2.5064648e-02
   9.4570477e-02   8.7389307e-02   1.6144554e-01   1.5390564e-02   4.1475927e-02   3.2372742e-02   3.7936766e-02   8.9126233e-02   9.2427513e-02   4.8388148e-02   2.7984550e-01   1.9631283e-02
   9.5633231e-02   2.8566092e-03   2.8102409e-02   9.8284381e-02   2.4222015e-01   7.0732657e-02   2.1041608e-02   4.1137891e-02   1.1142374e-01   1.7816471e-02   4.6573804e-02   2.2417705e-01
   9.6385314e-02   8.7001458e-03   1.1604970e-01   1.0507263e-02   2.6280202e-03   8.3366200e-02   3.1478685e-02   4.0148383e-02   2.3367097e-01   4.4482498e-02   2.2154978e-01   1.1103304e-01
   9.6618422e-02   2.6976040e-02   2.3111427e-01   2.8329542e-03   1.2420540e-01   2.5747666e-02   1.4501907e-01   2.2391336e-03   3.0461548e-02   2.0930351e-01   9.4169799e-03   9.6065009e-02
   9.7194182e-02   1.3723291e-02   4.0448635e-02   1.6520835e-01   3.7588400e-02   3.2054739e-02   1.3004606e-01   1.3320333e-01   3.9261367e-02   2.6840760e-02   2.4206183e-01   4.2369065e-02
   9.8740687e-02   2.5013787e-02   3.2644295e-03   8.8091018e-02   1.4208343e-01   5.5815502e-02   2.4329492e-01   7.3154199e-03   7.4636513e-02   6.9223558e-02   9.6887312e-02   9.5633418e-02
   9.8873026e-02   1.3591952e-01   4.7093544e-02   1.1537219e-01   1.0678344e-02   3.5861315e-02   1.2675849e-01   1.0662887e-01   1.2057683e-02   1.9613283e-01   3.2815820e-02   8.1808376e-02
   9.8974933e-02   2.5909263e-02   6.2173910e-02   1.7216780e-01   2.4623714e-01   5.0515387e-02   2.4336046e-02   9.1133578e-03   2.5719264e-01   8.7088090e-03   1.2992363e-02   3.1678347e-02
   9.8991904e-02   1.9388820e-01   7.0473472e-03   1.1451430e-01   2.0848003e-01   1.6346517e-02   1.6790875e-01   2.6276351e-02   2.7395142e-02   1.1009928e-01   2.7082897e-02   1.9692821e-03
   9.9868902e-02   1.0039021e-01   2.9699501e-02   7.6288130e-03   4.8143286e-02   2.1304849e-01   4.0615497e-02   2.0350508e-01   5.0210568e-02   1.8085555e-01   1.2268016e-02   1.3766088e-02
   1.0131013e-01   1.5747750e-01   7.4725183e-02   1.0803441e-01   7.5588071e-02   1.2958240e-01   3.3325873e-03   6.2831445e-02   1.2965300e-01   1.8903531e-03   1.4675175e-01   8.8231670e-03
   1.0135934e-01   1.6262820e-01   2.0515083e-01   5.2704270e-03   2.4031935e-02   1.2075344e-02   2.1673031e-01   8.5265705e-02   1.6334682e-01   1.6426721e-02   3.5561192e-03   4.1582534e-03
   1.0159932e-01   1.9008958e-02   2.1714518e-01   7.1488585e-02   1.3601868e-01   8.9504547e-02   2.4460392e-02   2.2631763e-01   7.8113659e-02   1.4759344e-02   8.6117245e-05   2.1497596e-02
   1.0207066e-01   8.0390235e-02   9.2915248e-02   1.8318984e-01   3.2588293e-02   2.2973136e-02   8.5351371e-03   8.4173485e-02   2.5293917e-02   2.9868098e-02   1.3964400e-01   1.9835795e-01
   1.0221435e-01   1.7048879e-01   8.6786893e-02   3.7427908e-02   1.1945680e-01   1.9223828e-01   8.1909859e-02   1.2590289e-02   5.2674495e-02   6.0280477e-02   7.2007476e-02   1.1924381e-02
   1.0221919e-01   1.2920425e-01   1.3793654e-03   3.7949191e-02   2.1295915e-01   1.4856055e-02   6.6369732e-02   7.1283788e-04   8.6225694e-02   2.5789107e-01   7.4642297e-04   8.9487031e-02
   1.0227485e-01   6.5939584e-02   9.4573846e-02   1.6549704e-01   1.3090483e-03   1.8130209e-01   3.1464694e-02   6.2775156e-03   1.4747885e-04   2.1944355e-02   1.6127491e-01   1.6799459e-01
   1.0248161e-01   9.9860697e-03   2.2019673e-01   1.7464704e-02   2.2440756e-01   2.2841729e-01   2.4604603e-02   3.3721852e-03   5.2398708e-02   6.4841686e-02   2.9487510e-02   2.2341351e-02
   1.0302738e-01   1.4841013e-03   1.7947155e-02   1.9219672e-01   1.0661739e-01   5.4315807e-02   4.3137779e-02   9.6163284e-02   3.1203724e-02   1.5903442e-01   1.1482147e-01   8.0050765e-02
   1.0437162e-01   2.0134860e-02   2.2804529e-01   1.1275306e-01   4.4339084e-02   2.3655809e-02   1.7807414e-03   3.8911268e-02   1.4875117e-01   2.6795123e-02   3.4569652e-02   2.1589232e-01
   1.0523392e-01   1.6213456e-02   1.5527319e-02   2.6172214e-02   1.6411720e-01   4.8947554e-02   4.5888869e-02   3.9196329e-02   4.7595651e-02   2.2237148e-02   1.7808503e-01   2.9078531e-01
   1.0715809e-01   1.1186955e-02   1.3349841e-01   3.5346232e-02   3.4151487e-03   1.5392985e-02   4.3524681e-02   2.0437044e-01   1.9238130e-01   1.5678359e-01   1.8408908e-02   7.8533262e-02
   1.0720690e-01   6.9111168e-02   8.3303225e-02   3.4612868e-03   2.6876317e-01   5.7449216e-02   8.3407803e-03   5.9965364e-02   1.8724254e-02   4.5951266e-02   1.1531486e-02   2.6619188e-01
   1.0762785e-01   1.4746212e-01   2.1012606e-01   1.0085616e-01   9.3261795e-02   4.4192383e-02   1.0248131e-03   1.5693479e-01   6.3694589e-03   8.6222407e-02   2.0596635e-02   2.5325517e-02
   1.0803633e-01   2.7434763e-01   2.3688734e-02   1.0033496e-01   2.6913440e-02   1.1488285e-02   3.4001093e-02   6.3328349e-02   7.7975635e-04   9.5030083e-02   2.9228207e-03   2.5912852e-01
   1.0816547e-01   1.7002891e-02   4.7512718e-03   3.8259203e-03   3.5242227e-03   7.2740287e-02   1.8529577e-01   5.1817104e-02   1.5399732e-02   4.4805335e-02   2.2769274e-01   2.6497926e-01
   1.0829495e-01   6.1746153e-02   8.4942299e-02   1.2876460e-02   5.2568597e-02   4.7614788e-02   2.0343901e-01   5.4100533e-02   2.6018230e-01   1.1621827e-02   1.0136631e-01   1.2467663e-03
   1.0830560e-01   2.0084391e-02   1.7001532e-01   1.5938876e-01   1.6556686e-02   3.3228147e-02   2.2483204e-02   1.2925974e-01   1.9181041e-02   5.2162168e-02   2.2171990e-01   4.7615035e-02
   1.0883711e-01   7.0810560e-02   6.3770164e-02   5.8226659e-02   1.2285319e-01   9.6695963e-02   1.1400125e-01   1.4832258e-02   1.2373865e-01   1.2001597e-01   1.0063068e-01   5.5875462e-03
   1.1138557e-01   3.5422623e-02   2.8340922e-02   7.7013198e-03   1.3536458e-02   1.6122250e-02   1.1511344e-01   9.0508839e-02   1.3283149e-01   2.2548354e-01   1.5651576e-02   2.0790198e-01
   1.1150688e-01   2.1245561e-02   6.8423611e-02   1.0799852e-01   2.8642623e-02   1.8752268e-01   1.4220106e-01   2.8763922e-02   7.2833438e-02   2.1329767e-01   7.6074601e-03   9.9565710e-03
   1.1163142e-01   8.9247904e-03   2.3358277e-02   1.7761541e-03   7.9578903e-02   1.4273574e-02   1.8960419e-01   8.5350630e-02   3.8459850e-02   2.5810980e-01   1.6719107e-01   2.1741347e-02
   1.1367011e-01   1.4742422e-01   1.0643010e-02   8.7460348e-02   1.2019824e-01   4.0821070e-02   4.9933535e-02   2.5044028e-01   3.2429776e-02   3.9058146e-02   2.6737161e-02   8.1184095e-02
   1.1504338e-01   5.9726738e-02   1.4140913e-02   2.0015220e-02   1.9530878e-01   1.5802583e-03   2.2743849e-01   2.3529606e-01   3.7433707e-02   1.5892741e-02   5.7166021e-02   2.0957687e-02
   1.1608911e-01   2.8332952e-02   1.4815613e-01   5.5583006e-03   1.9850156e-01   2.4243125e-02   1.0681364e-01   1.2650020e-01   2.2087754e-02   4.2199366e-03   2.0824940e-01   1.1247894e-02
   1.1849297e-01   1.1483942e-01   3.0931413e-03   2.3627406e-01   1.1602649e-02   1.3521401e-01   1.7351205e-02   1.9107175e-02   2.2429712e-01   5.1435903e-03   3.4198484e-02   8.0386179e-02
   1.1886585e-01   1.1783545e-01   6.9908293e-02   1.1967557e-01   1.5492410e-01   1.1338508e-01   2.1317444e-02   7.9416756e-03   1.3828108e-01   7.1032232e-03   5.9590205e-03   1.2480321e-01
   1.2245448e-01   1.7144136e-01   1.5845526e-01   1.7265952e-02   1.8244642e-01   1.8591113e-02   6.0864706e-03   7.1888036e-03   7.8102755e-02   1.3585010e-01   1.0775173e-02   9.1342107e-02
   1.2309959e-01   2.4945060e-02   6.3460575e-03   2.8583894e-02   3.6929583e-02   4.7070999e-03   1.0746798e-01   3.2380030e-02   1.9013398e-01   1.4764881e-01   1.3625547e-01   1.6150244e-01
   1.2333833e-01   4.2979065e-02   1.8259506e-02   1.8797240e-01   1.9680341e-01   6.0971542e-02   5.8010788e-02   4.4395680e-03   6.3942504e-03   1.0032952e-03   9.6176330e-02   2.0365151e-01
   1.2375625e-01   8.4493262e-02   6.4299015e-02   3.7003659e-02   5.1882548e-02   1.1165351e-01   1.2885364e-02   2.3927284e-01   3.1470878e-02   3.1747070e-02   2.0830024e-01   3.2353626e-03
   1.2406400e-01   1.6750266e-01   1.4382407e-01   2.8087750e-02   5.0419123e-03   1.4653907e-01   5.9567219e-02   1.2908325e-01   2.4214790e-02   8.1993706e-03   1.2754302e-01   3.6332884e-02
   1.2432121e-01   5.5013519e-02   3.0831511e-02   1.3055995e-01   4.9378928e-02   1.1915344e-01   1.0567775e-01   1.8711954e-02   1.7223476e-01   2.7260999e-02   5.3941456e-02   1.1291452e-01
   1.2532607e-01   2.3340472e-01   2.1536693e-02   1.7590462e-01   4.7643350e-02   1.9368919e-02   2.0539741e-02   1.3882036e-01   2.4740303e-02   8.9845202e-03   4.2526275e-03   1.7947809e-01
   1.2544027e-01   9.7326595e-03   1.0171324e-01   8.9135166e-03   2.8984921e-02   6.2057395e-03   1.7633544e-01   2.5677882e-04   2.5300068e-02   1.1991929e-01   1.9761575e-01   1.9958233e-01
   1.2604160e-01   1.2216337e-01   4.5997360e-02   4.8466136e-02   4.7633341e-02   7.8336810e-02   2.6565375e-02   4.5071670e-02   2.7659618e-01   2.2562976e-02   1.4376076e-01   1.6804423e-02
   1.2693335e-01   1.8656128e-01   3.1675029e-03   8.5892424e-02   1.0920457e-03   8.6331929e-02   4.1602432e-03   4.3339805e-02   3.4297413e-02   1.3785975e-01   1.3567295e-01   1.5469131e-01
   1.2723017e-01   6.8617252e-02   6.2314775e-03   1.9804898e-01   1.3455211e-01   3.1412445e-02   1.7861541e-01   1.2486940e-01   3.3934508e-02   4.6039303e-02   2.2967450e-02   2.7481496e-02
   1.2825801e-01   1.6611310e-01   1.0707880e-01   1.4971229e-02   5.5621221e-02   3.7628537e-03   2.2357732e-01   6.2353115e-02   7.0090536e-02   3.5644677e-02   8.1978513e-02   5.0550631e-02
   1.2907921e-01   1.3550328e-01   2.0748543e-02   3.9466499e-02   4.4607563e-02   1.9372471e-01   6.7418015e-02   2.6737861e-02   5.2776225e-03   1.3735522e-01   9.8195275e-02   1.0188621e-01
   1.2955086e-01   1.4961064e-01   1.1332114e-01   1.5611618e-01   1.0136914e-02   1.1807124e-01   1.3693971e-01   1.0492340e-02   9.2475221e-02   3.5235171e-03   6.7983875e-02   1.1778357e-02
   1.3075271e-01   1.6049054e-02   1.2786425e-01   9.8151422e-02   5.5576986e-03   1.3552831e-01   7.0023188e-02   2.6904642e-02   1.4643672e-01   3.2328254e-02   1.7672839e-01   3.3675371e-02
   1.3148160e-01   7.9428518e-02   2.8972607e-02   1.0908763e-01   6.6124859e-02   2.6979248e-01   2.6340813e-03   9.1927811e-02   1.1345309e-01   1.1628819e-02   2.1080115e-02   7.4388392e-02
   1.3207398e-01   5.1343532e-03   9.9870601e-04   2.0258897e-01   3.0234839e-02   1.5667711e-02   5.0195665e-03   1.8383165e-01   4.9262774e-02   1.5530954e-01   4.4420229e-02   1.7545768e-01
   1.3380774e-01   1.0321741e-01   1.7372871e-05   9.2918999e-02   2.1635319e-01   7.9539566e-03   7.4090851e-02   6.1579875e-02   2.0504707e-01   3.4955514e-02   1.0709727e-02   5.9348287e-02
   1.3450349e-01   5.3584315e-02   1.2240448e-01   3.4898574e-02   1.7920295e-01   1.3933200e-04   1.0092850e-02   2.0051495e-01   4.8222539e-02   1.1731285e-02   4.5913384e-02   1.5879184e-01
   1.3466971e-01   1.8420912e-03   1.9080327e-01   1.7308927e-02   4.8878429e-02   1.6276297e-01   7.8747499e-02   1.0340388e-01   1.5020827e-02   6.2998810e-02   6.7768072e-02   1.1579552e-01
   1.3489303e-01   8.1332497e-02   2.2628431e-01   2.9828341e-02   5.1116135e-03   1.3187394e-02   8.9009792e-02   2.5371047e-01   3.4283129e-02   4.9506405e-02   4.4466308e-02   3.8386701e-02
   1.3724071e-01   4.5399251e-03   1.8272027e-01   8.4806665e-02   2.0999948e-01   1.0534339e-01   3.5063384e-02   1.4060190e-02   1.5644055e-02   3.5088876e-02   4.9718455e-03   1.7052121e-01
   1.3776896e-01   8.1304440e-03   1.6786152e-02   1.4592421e-02   2.1572377e-02   8.1259334e-02   1.6357815e-01   2.5236304e-01   1.7299966e-02   2.1218226e-01   1.8673275e-02   5.5793619e-02
   1.3995236e-01   2.9436570e-02   9.4758607e-02   3.8652137e-03   1.0866080e-01   9.7524104e-02   3.7463548e-02   2.7187435e-01   1.7582209e-02   1.1367939e-01   5.0549608e-02   3.4653243e-02
   1.4045742e-01   1.9665416e-02   7.2687668e-02   2.8894633e-02   2.2103020e-03   2.1301957e-01   1.3692418e-01   1.4717901e-01   1.5194675e-02   6.0601103e-02   1.5030630e-01   1.2859722e-02
   1.4078684e-01   2.0942235e-02   6.4228493e-02   3.9997611e-02   5.9623104e-02   1.0034336e-01   1.9669256e-01   4.0172789e-02   2.5177364e-03   7.2490356e-02   1.9975943e-01   6.2445484e-02
   1.4361482e-01   7.6964288e-02   8.0063892e-02   2.4108688e-02   6.6706156e-02   1.9782009e-01   5.8575960e-02   8.7595678e-03   6.8380105e-03   1.1545158e-02   2.2156973e-01   1.0343363e-01
   1.4487602e-01   1.3537071e-02   1.5155775e-01   1.4513571e-01   7.2771743e-03   1.1525735e-01   1.2464557e-01   1.0904419e-01   1.1979281e-02   1.1826677e-01   1.2157138e-02   4.6265981e-02
   1.4598199e-01   1.5914408e-02   3.3109043e-02   3.2491348e-01   1.5220131e-01   2.2427738e-02   6.6555946e-02   6.4704117e-03   5.1820199e-02   1.1418760e-01   3.2073553e-02   3.4344330e-02
   1.4603309e-01   1.6145562e-02   3.8234527e-02   5.5183508e-02   1.0530189e-01   4.2892860e-02   1.3795161e-01   1.5147157e-01   1.5029432e-01   1.5295919e-01   2.4950905e-03   1.0367823e-03
   1.4675954e-01   1.1907850e-01   1.5856506e-01   1.2855667e-02   6.8804670e-03   1.6122262e-02   1.6914605e-01   1.8567799e-05   5.2758252e-03   1.7248481e-01   4.9645749e-02   1.4316750e-01
   1.4699235e-01   3.1087244e-02   9.4949733e-03   1.3325054e-01   1.2940839e-01   2.9394480e-02   1.4158810e-01   2.4104835e-02   8.4805668e-04   1.2948174e-01   1.6943387e-01   5.4915410e-02
   1.4709773e-01   1.9108485e-02   3.7914452e-02   1.3226612e-01   8.1684068e-03   2.0871119e-01   3.8917996e-03   3.3752789e-02   1.0281904e-01   2.0088518e-01   2.3723703e-02   8.1661106e-02
   1.4732587e-01   1.8439741e-01   7.3032939e-03   2.6641000e-01   1.0082233e-01   2.4283632e-02   3.3420060e-02   3.9251745e-03   1.4957629e-01   1.9626416e-02   1.7252486e-03   6.1184286e-02
   1.4938771e-01   1.5386463e-01   6.9678192e-02   7.2227251e-04   1.4954839e-01   1.9218147e-03   8.5195781e-02   1.2305749e-01   9.3812097e-02   9.5690708e-03   5.6825106e-02   1.0641744e-01
   1.5153738e-01   1.2544137e-01   1.5524217e-01   1.6392106e-01   7.8303733e-03   1.1107403e-01   2.2567509e-02   3.5944526e-03   5.4800784e-02   1.8037158e-01   1.9302181e-02   4.3171209e-03
   1.5210548e-01   1.1699805e-01   4.6035137e-02   1.1981763e-01   1.5792433e-01   1.3080498e-01   3.5561547e-02   1.4027926e-03   3.3030030e-02   2.0130703e-01   1.4280693e-04   4.8701807e-03
   1.5215336e-01   2.6765689e-02   8.4401803e-02   7.7974371e-02   3.3048363e-02   1.4246009e-01   1.5976291e-01   1.7673197e-01   7.5791049e-02   4.6836464e-02   2.3952068e-02   1.2187217e-04
   1.5216981e-01   1.2472573e-01   1.4136536e-01   4.9188059e-03   7.9459177e-02   9.1112930e-02   9.0912825e-02   8.3843419e-02   1.4002676e-01   2.8504233e-02   7.3848384e-03   5.5576103e-02
   1.5222802e-01   1.5031598e-01   1.4717669e-01   7.1746958e-03   1.2186542e-02   1.2358598e-01   4.1538577e-02   2.2020573e-01   1.3161697e-02   1.2003623e-01   9.6772363e-03   2.7126282e-03
   1.5268812e-01   5.6965203e-02   1.3343600e-02   2.5652195e-01   3.4341980e-02   5.2671426e-02   1.7897712e-01   5.1956951e-02   1.2766365e-02   5.1729398e-03   1.6874116e-01   1.5853186e-02
   1.5286712e-01   3.5497505e-02   1.2680064e-02   9.3003581e-02   1.2086098e-02   9.5457378e-02   3.5891821e-02   2.0282955e-01   9.9962495e-03   1.9662450e-01   7.2909723e-02   8.0156410e-02
   1.5337889e-01   3.1311939e-03   4.6189910e-02   1.6031608e-01   2.3244105e-01   9.5574377e-03   3.4087845e-02   7.1799709e-02   5.2357069e-02   5.8486475e-02   8.0051173e-02   9.8203169e-02
   1.5412316e-01   3.9244786e-02   5.7107789e-02   1.7956168e-01   1.2273262e-01   1.5887240e-01   3.2196925e-02   7.6703645e-03   8.0550325e-02   1.0078710e-01   9.9284857e-04   6.6160004e-02
   1.5504085e-01   3.1846240e-02   2.0788075e-01   1.4279883e-01   1.3711747e-01   6.9946518e-03   6.3313298e-02   4.7328558e-02   1.7057202e-02   4.0759745e-03   1.4377027e-01   4.2775907e-02
   1.5504455e-01   1.2166011e-01   5.2633393e-03   8.2328758e-04   1.6409703e-01   1.5986421e-01   1.6605593e-01   1.6258351e-01   4.1117241e-03   1.3866915e-03   4.5759306e-02   1.3350324e-02
   1.5504881e-01   7.3130961e-02   4.3942721e-02   1.3422668e-01   2.9267553e-02   6.0755447e-03   5.6304735e-02   2.4060561e-01   2.8156473e-02   7.2291981e-03   1.1111727e-02   2.1489998e-01
   1.5546563e-01   2.9668419e-02   8.8001930e-02   1.6991302e-04   1.0187339e-01   7.9532716e-02   7.8587632e-02   7.0238903e-02   1.2268808e-01   4.2784124e-03   8.8935234e-02   1.8055974e-01
   1.5559947e-01   6.7479091e-02   1.2565456e-01   1.2147490e-03   2.1184455e-02   1.5775908e-01   2.0973570e-02   6.1480639e-02   1.5250056e-01   8.8161990e-02   4.5302958e-03   1.4346154e-01
   1.5630570e-01   1.1659065e-01   2.8083237e-02   1.4495574e-01   1.5123609e-01   5.1951462e-03   1.0744570e-02   1.5657220e-02   8.4876813e-02   1.4429243e-01   3.9642005e-02   1.0242040e-01
   1.5706975e-01   1.9766758e-01   3.0807003e-02   1.5074111e-02   9.0606651e-03   1.6813353e-02   3.1968744e-02   1.0939309e-01   1.5649994e-02   2.0486917e-01   3.1640214e-02   1.7998631e-01
   1.5772188e-01   1.7307013e-01   2.6595455e-02   1.4552996e-01   1.1329542e-02   8.4860478e-02   1.3542814e-01   1.0411679e-01   1.4750786e-02   7.2524463e-02   5.6126213e-02   1.7946158e-02
   1.5789427e-01   1.0889861e-01   7.6613308e-02   2.7154919e-02   6.9644858e-03   1.6416394e-01   1.5475089e-02   1.4465467e-01   1.5539938e-02   5.1888266e-03   9.3079953e-02   1.8437199e-01
   1.5817504e-01   7.3805115e-05   1.6873836e-01   1.3472408e-01   9.8611967e-02   1.9303939e-02   7.8938591e-03   1.0020686e-02   1.2348986e-01   1.7490126e-01   5.7218120e-02   4.6849028e-02
   1.5827449e-01   1.9910859e-01   1.0863279e-02   5.2017764e-02   2.0680742e-01   1.1965643e-01   2.0159261e-02   3.7163895e-02   4.3776416e-02   1.7621162e-02   4.5811951e-02   8.8739338e-02
   1.5859015e-01   9.7458957e-03   4.2126732e-03   2.5878405e-02   9.4560708e-03   1.0887228e-01   1.4950674e-01   1.9941952e-01   1.5738908e-01   4.7396714e-02   6.8084143e-03   1.2272405e-01
   1.5906900e-01   1.5421174e-02   1.4493584e-01   7.5048870e-02   1.4149635e-02   7.2181174e-02   1.1598361e-02   4.5518618e-02   2.3565210e-02   2.6582101e-01   9.2699468e-02   7.9991638e-02
   1.5923677e-01   1.4337731e-03   4.3559996e-02   2.3398989e-01   4.0645498e-02   1.3253769e-01   2.9349607e-02   6.4862967e-02   5.0975874e-04   3.2109654e-02   5.7338137e-02   2.0442626e-01
   1.5981404e-01   2.1508457e-01   9.2098245e-03   3.1904734e-02   2.1287104e-02   1.3036521e-01   4.3853885e-03   5.2625601e-02   2.0161450e-01   2.4685966e-02   1.3381032e-02   1.3564204e-01
   1.5996074e-01   2.3656465e-01   2.8879957e-04   2.5226840e-02   3.1743858e-04   4.4553775e-02   1.6590532e-01   2.7075111e-02   2.1691958e-01   1.9376373e-02   2.5192089e-02   7.8619280e-02
   1.6162782e-01   3.5379478e-02   6.7726788e-02   2.0393909e-01   5.9777551e-02   1.8379106e-03   2.2740275e-01   6.8502126e-03   1.8581703e-02   2.3389867e-02   1.0433982e-02   1.8305286e-01
   1.6196617e-01   1.5047938e-01   1.1626231e-02   6.3103119e-03   7.5952534e-03   3.5307733e-02   1.2518918e-01   9.4032587e-03   1.9970122e-01   1.5676203e-01   1.1075904e-01   2.4900203e-02
   1.6199591e-01   2.1334138e-02   1.4111618e-03   1.8274634e-01   1.0788882e-02   1.4184389e-01   7.4019990e-02   1.3847083e-01   9.0499602e-02   5.6384337e-02   7.6796849e-03   1.1282523e-01
   1.6249907e-01   6.8508864e-02   2.5178930e-01   3.5875093e-02   7.6534830e-04   6.3689318e-03   2.2714231e-01   2.1900066e-02   1.1812137e-02   1.3359589e-02   4.6470869e-02   1.5350842e-01
   1.6309653e-01   6.9981523e-02   2.4726011e-02   2.4303636e-02   7.8716204e-02   9.0908111e-03   1.2424189e-01   1.1460418e-01   9.3876922e-03   9.0936380e-02   1.6058874e-01   1.3032639e-01
   1.6439831e-01   1.0742593e-01   2.0021409e-01   2.8960095e-03   2.2351662e-01   4.1330795e-05   3.1124487e-02   8.6788761e-03   2.0147348e-01   1.2384695e-02   2.5027671e-02   2.2818507e-02
   1.6480489e-01   1.9448196e-01   3.8353306e-03   1.1382133e-02   1.9719993e-01   2.8354126e-02   2.2465322e-02   1.2441689e-01   1.1173121e-01   7.8397814e-04   1.3344393e-01   7.1002955e-03
   1.6546374e-01   6.3553634e-03   1.6660762e-02   3.8452647e-02   1.4361505e-01   1.5229672e-01   1.9514182e-01   2.0326883e-03   4.8582656e-02   1.2984992e-01   1.4623787e-03   1.0008626e-01
   1.6578501e-01   1.7814707e-02   1.0306267e-01   2.1251562e-01   1.9666029e-02   4.4161785e-02   6.6628442e-03   1.1275181e-01   2.0959560e-01   3.6908308e-02   3.2877188e-02   3.8198432e-02
   1.6582125e-01   2.4164756e-01   1.0327614e-01   1.6975427e-01   1.3921973e-02   2.6269929e-02   1.3553349e-02   2.2282541e-02   1.0220884e-01   5.6692653e-03   9.5606264e-03   1.2603425e-01
   1.6589534e-01   4.2798198e-02   1.8072546e-01   2.2692230e-01   1.0735085e-02   1.2666108e-02   1.6692705e-01   1.1519585e-02   1.1325538e-01   2.0782066e-02   3.5084492e-02   1.2688943e-02
   1.6592465e-01   3.5013017e-03   7.7128799e-02   1.0182265e-01   1.0160820e-01   1.7617489e-02   5.4063598e-02   1.5406697e-01   1.2699474e-01   4.1000458e-02   2.2138648e-03   1.5405728e-01
   1.6640732e-01   8.9256115e-02   4.5440102e-03   2.1556726e-02   1.9925576e-03   1.0605806e-01   2.8478069e-02   1.3971733e-01   2.0856437e-01   8.0189947e-02   3.3828655e-02   1.1940684e-01
   1.6669247e-01   2.1205886e-02   1.5362975e-01   8.6432658e-04   1.0416703e-01   1.4911943e-01   1.6839773e-01   1.0606962e-01   8.5528234e-03   6.7229255e-03   1.1084596e-01   3.7320503e-03
   1.6685660e-01   1.3793793e-01   1.1933830e-01   7.3843374e-02   2.8873029e-04   4.0151001e-02   1.9092446e-01   2.4065849e-03   6.0364973e-02   3.8392629e-02   8.8733554e-03   1.6062205e-01
   1.6691917e-01   2.4045122e-02   5.3057090e-02   3.4656507e-02   1.6450483e-03   2.2270652e-03   4.5726074e-02   8.2703411e-02   1.0538376e-02   2.4226288e-01   2.1667220e-01   1.1954706e-01
   1.6712360e-01   4.3737021e-02   1.3663470e-02   6.6272433e-02   1.2335092e-01   1.3469466e-01   1.3312246e-01   1.5696623e-01   4.0890670e-03   1.4505877e-01   8.3975807e-03   3.5237906e-03
   1.6722769e-01   1.6031749e-01   1.7222428e-02   2.0561126e-02   6.4251037e-02   3.4188081e-02   5.6156917e-02   1.6155048e-01   1.2000513e-01   1.7006221e-01   1.4867874e-02   1.3589534e-02
   1.6862187e-01   3.6552395e-02   6.7839290e-02   2.2237024e-01   6.0340109e-02   2.5239407e-01   7.4171606e-02   1.3805606e-03   2.0643557e-02   2.7167385e-02   5.0915302e-02   1.7603612e-02
   1.6873143e-01   1.0307226e-01   1.6110958e-02   6.4879333e-02   4.1235157e-02   3.7489642e-02   1.0801236e-01   8.9957596e-02   1.2699965e-01   1.5618273e-02   1.9044127e-01   3.7452080e-02
   1.6905559e-01   8.3367638e-02   1.6208791e-01   9.0124222e-03   2.5033905e-02   9.3555884e-02   1.1167451e-01   1.8207212e-02   3.2174769e-03   3.2520005e-03   1.4143397e-01   1.8010148e-01
   1.6984220e-01   8.7600037e-03   3.9700321e-04   1.7996699e-03   2.1067463e-01   1.0294954e-02   7.0725535e-02   2.3460652e-02   1.6077732e-01   1.2119541e-01   2.0191369e-01   2.0158928e-02
   1.7027833e-01   4.3182856e-02   7.2962497e-03   2.6037369e-02   5.0650337e-02   4.8958418e-02   1.5067531e-01   8.8026229e-02   8.3786470e-02   8.0326164e-02   6.6196588e-03   2.4416261e-01
   1.7060047e-01   4.1178416e-03   9.2605355e-02   5.6876662e-02   1.4548348e-01   4.4494460e-03   2.2310423e-02   3.7833600e-02   2.1807232e-01   8.0799711e-02   2.2845604e-02   1.4400510e-01
   1.7076202e-01   3.2808329e-03   1.6535135e-01   1.6552213e-02   1.4438446e-02   1.0750798e-01   9.1117475e-03   1.0095528e-02   1.1931899e-01   5.5222996e-02   1.5964257e-01   1.6871533e-01
   1.7232808e-01   1.5993791e-02   1.7116377e-01   1.4728530e-02   1.0998738e-01   1.3551256e-01   1.4155868e-01   3.7749404e-03   1.3430205e-01   1.2050205e-02   8.2953209e-02   5.6467963e-03
   1.7250086e-01   1.3910728e-02   1.7635267e-01   1.3643892e-02   2.0256209e-01   1.1061097e-03   1.4060860e-01   2.3305992e-02   8.0742225e-02   5.4631249e-02   7.1042047e-02   4.9593537e-02
   1.7327045e-01   6.5549866e-02   5.0994765e-02   4.0582083e-02   4.4608794e-03   7.8338052e-02   1.3432464e-01   5.9433758e-03   1.5917181e-01   2.6435079e-01   5.2270601e-03   1.7786217e-02
   1.7661635e-01   1.6253140e-01   1.6507425e-02   1.7763619e-01   3.0750112e-02   1.1034762e-02   1.5641929e-02   1.6165532e-01   2.8822777e-03   6.6715133e-02   9.8380271e-02   7.9648833e-02
   1.7690580e-01   1.2539051e-01   2.1620154e-02   9.0044197e-02   3.4350996e-02   1.8158947e-02   6.0012134e-03   2.3593705e-01   1.8393234e-01   1.0007157e-02   4.7642322e-02   5.0009320e-02
   1.7799592e-01   2.9386372e-04   7.7501959e-03   1.5984979e-01   1.3268278e-01   1.0881973e-01   3.5748385e-02   1.6500770e-01   1.5271965e-02   1.9881327e-02   1.0345603e-02   1.6635274e-01
   1.7870222e-01   4.5081802e-02   5.3396758e-02   5.1196636e-02   1.9854089e-01   1.5617685e-02   2.3007209e-02   7.2332858e-02   1.5824185e-01   1.8653618e-01   1.1036772e-03   1.6242228e-02
   1.8003534e-01   5.1842497e-02   1.1055631e-03   7.2454089e-03   1.5663444e-01   1.3061858e-01   4.8239780e-05   1.5893429e-02   7.0926420e-02   1.7193483e-01   1.6422769e-01   4.9487569e-02
   1.8066249e-01   6.3628059e-02   1.8448455e-01   1.6688306e-03   1.2976374e-03   4.8723240e-02   2.9788441e-02   8.8892566e-02   1.7005092e-01   2.5742475e-03   1.6610627e-01   6.2122751e-02
   1.8164297e-01   4.8366503e-04   6.1637934e-02   1.3930290e-02   9.5699217e-03   5.0400846e-02   1.2453735e-01   1.9925399e-02   1.4418189e-01   1.8935376e-01   1.8297094e-01   2.1365042e-02
   1.8704377e-01   2.6182101e-02   1.5297880e-01   7.8729374e-04   2.4691707e-02   7.9378819e-03   2.0193459e-01   1.2043624e-01   5.9582634e-02   3.9201549e-02   1.5693383e-01   2.2289610e-02
   1.8809960e-01   8.9612585e-03   1.0948846e-01   2.0166556e-02   1.0390664e-01   2.7237934e-02   1.9405134e-01   1.0089773e-02   1.9817104e-01   3.7448673e-03   8.3770223e-03   1.2770552e-01
   1.8880296e-01   3.1909821e-02   9.7849068e-02   1.5512999e-02   1.9895286e-01   2.0304405e-01   7.1679968e-03   9.3461525e-02   2.6280200e-02   3.5855869e-02   8.8366279e-02   1.2796378e-02
   1.8886150e-01   2.2693311e-02   3.5928470e-02   3.2315756e-02   2.8559959e-02   2.5929900e-02   2.3939284e-01   6.0842698e-02   1.0161101e-01   1.7784604e-01   7.6202458e-02   9.8160522e-03
   1.8893425e-01   1.3211198e-01   6.8254211e-02   1.5025327e-01   3.5265062e-02   1.4290249e-02   6.1251997e-02   8.1387792e-04   1.4887313e-01   1.3607415e-01   5.6946276e-02   6.9315576e-03
   1.8922119e-01   6.3379429e-03   4.2873269e-03   1.4165396e-02   1.8642421e-01   1.5301146e-01   2.0479208e-02   1.4927866e-01   1.7363304e-01   4.0464495e-03   3.7471285e-03   9.5367993e-02
   1.8941347e-01   4.5940656e-04   1.8971543e-02   1.4865692e-01   1.1861199e-01   1.0036799e-01   1.2004942e-02   3.5111243e-02   1.5551608e-01   7.2272471e-02   1.4377264e-01   4.8413044e-03
   1.9400649e-01   4.6303754e-02   2.6168627e-02   6.9064347e-02   1.6554965e-01   4.4933126e-02   2.1091443e-03   1.9085569e-01   2.0382739e-01   2.7267835e-02   2.6462386e-02   3.4515570e-03
   1.9466856e-01   2.0855963e-02   7.0906692e-04   2.5053670e-04   1.9652987e-01   6.6303171e-02   9.0953287e-02   5.2878530e-02   4.3154672e-02   2.9437506e-02   2.4707490e-01   5.7183941e-02
   1.9577339e-01   6.8412114e-04   1.0798205e-01   9.0697039e-02   5.6043334e-03   2.2020608e-01   7.4358670e-03   6.9455601e-02   4.7177347e-02   2.1411035e-02   6.4485104e-02   1.6908804e-01
   1.9755865e-01   3.7390921e-02   1.2081831e-01   3.0288816e-02   3.8871526e-02   6.7874236e-02   6.7786338e-03   5.6534506e-02   2.2794066e-01   3.7053903e-03   3.4124372e-03   2.0882591e-01
   1.9828861e-01   3.5421003e-02   1.6367679e-01   5.3009718e-03   2.6606312e-02   2.3445969e-01   1.0899944e-01   1.0866893e-02   3.4121663e-02   4.6230824e-02   1.1027765e-01   2.5750140e-02
   2.0062631e-01   3.1883127e-02   1.7652860e-02   1.8824023e-01   7.6419977e-02   1.3342181e-02   8.6933880e-02   2.4714801e-02   3.9300635e-02   5.8203330e-02   8.6770524e-03   2.5400561e-01
   2.0137653e-01   2.1297184e-01   1.5800211e-02   8.9535100e-03   1.8275258e-01   3.9251963e-03   6.4916922e-03   6.2495587e-03   1.2674981e-02   2.6014628e-02   1.7256319e-01   1.5022609e-01
   2.0308761e-01   3.0268922e-02   1.9564105e-01   1.6997002e-02   1.8603838e-02   3.4570368e-02   6.7281925e-02   1.9110746e-02   1.5026258e-01   2.0709695e-01   8.0232401e-03   4.9055763e-02
   2.0309253e-01   1.7937632e-01   1.3115201e-01   1.7351967e-01   2.0998426e-02   6.8532917e-02   4.9476661e-03   1.1533884e-01   1.1648801e-02   2.4411650e-02   3.3300778e-03   6.3651095e-02
   2.0474223e-01   4.6729956e-02   8.3817760e-02   7.7489696e-04   1.4395553e-01   5.2440577e-02   2.8686350e-02   7.3577282e-03   1.6221053e-01   4.5577337e-03   1.9238250e-01   7.2344213e-02
   2.0555562e-01   6.9628468e-02   1.1495271e-01   1.8381779e-03   9.9381446e-03   1.9605446e-03   1.7183190e-01   1.5820170e-01   1.6732613e-01   1.7931450e-02   1.3151540e-03   7.9519995e-02
   2.0804705e-01   8.8424068e-03   2.8008051e-02   2.7249923e-03   6.6519639e-02   9.5458136e-02   9.6845556e-03   1.8499156e-01   4.2321302e-02   8.0728582e-02   7.2863000e-02   1.9981073e-01
   2.1068075e-01   1.2182191e-01   3.5005540e-02   1.1446125e-01   7.3694728e-02   1.0957482e-01   4.8136146e-02   7.3207381e-03   3.1938307e-02   3.9680508e-02   1.9501041e-01   1.2674897e-02
   2.1119263e-01   1.7097823e-01   4.1594436e-02   2.9790999e-02   1.2590541e-01   3.5203634e-02   2.8606341e-02   4.5808493e-02   4.4599889e-02   1.2574139e-01   1.3979254e-01   7.8599576e-04
   2.1162764e-01   4.6175071e-02   1.2792319e-03   4.2743267e-02   1.2779981e-01   1.2775274e-03   2.5455326e-02   5.9620382e-02   5.5916218e-02   2.5461908e-01   1.1235477e-01   6.1131683e-02
   2.1405997e-01   3.3465860e-02   2.8467388e-05   8.8562868e-02   2.6170201e-01   1.7696457e-01   1.7575311e-02   5.2823025e-03   1.0027326e-01   2.5819102e-02   8.1977006e-03   6.8068580e-02
   2.1637746e-01   1.5518383e-02   9.5662026e-02   1.6130441e-02   1.7249445e-02   2.1673409e-01   5.2487433e-02   4.6425751e-02   1.6689761e-01   5.0544606e-02   1.0587780e-01   9.4954556e-05
   2.1763527e-01   4.0355368e-02   1.8734823e-01   1.1053133e-02   2.5067202e-02   1.6969412e-01   1.0534918e-02   2.1523265e-01   2.1693485e-02   1.3408505e-02   4.1538276e-02   4.6438841e-02
   2.1803372e-01   2.0897967e-01   2.1055030e-02   6.0255013e-02   2.4012187e-02   5.7927679e-03   5.7563518e-02   6.9732178e-02   2.2286830e-01   7.1882669e-02   2.1078294e-02   1.8746648e-02
   2.1938243e-01   1.5013883e-02   1.4188720e-01   1.0023648e-02   6.4229583e-02   1.3260430e-02   3.8258137e-02   4.4225898e-02   2.4552276e-02   1.0764080e-01   8.0657174e-02   2.4086854e-01
   2.1948992e-01   8.6693472e-02   5.2644089e-02   9.5035956e-02   1.6722229e-01   5.3067896e-02   1.1826876e-01   2.6994215e-02   6.7957491e-02   4.4428920e-02   6.4484604e-02   3.7123848e-03
   2.2130027e-01   1.0940265e-01   9.9018785e-02   1.6670046e-02   3.5367840e-02   1.0072784e-01   2.2951188e-01   2.3462426e-02   1.6115480e-02   9.4203002e-03   1.3832640e-01   6.7608485e-04
   2.2213908e-01   6.1425204e-02   9.3652306e-02   2.3659441e-01   9.1380275e-02   4.8305807e-03   5.1136863e-02   1.3127675e-02   1.3176328e-01   1.2463835e-02   7.0654722e-02   1.0831765e-02
   2.2573781e-01   1.1181199e-02   5.2425242e-02   2.2343729e-01   7.5567537e-03   3.3422883e-03   1.3088541e-02   7.7961846e-03   1.6472020e-01   1.9518212e-02   1.8561617e-01   8.5580102e-02
   2.2702693e-01   9.9313287e-03   1.7379136e-02   1.6320213e-01   1.3400210e-01   1.9596984e-02   1.8702536e-04   5.5287300e-02   2.1748880e-02   7.2777760e-02   1.8889539e-01   8.9965039e-02
   2.2880004e-01   1.6579828e-01   4.1032195e-02   1.4856769e-02   7.2601021e-03   5.8084297e-03   1.9936202e-01   1.8873402e-01   1.2370017e-02   3.4757122e-02   1.7844718e-02   8.3376284e-02
   2.2895199e-01   6.1114994e-02   2.2951842e-02   2.5717975e-02   2.2179826e-02   9.2845040e-02   8.9256488e-02   1.8324484e-02   3.1189476e-02   1.4346693e-01   1.5982486e-01   1.0417610e-01
   2.2924719e-01   9.6985277e-02   2.8691756e-03   2.6772763e-03   4.0002014e-02   1.2630268e-01   9.6119462e-02   1.7942288e-01   6.2205995e-03   1.9645598e-02   1.6249867e-01   3.8009173e-02
   2.2969436e-01   1.8608298e-01   8.5329085e-02   2.4347847e-02   4.5447870e-03   3.9314121e-02   1.0419305e-01   2.0315651e-02   2.2884403e-02   1.9439833e-01   2.1488483e-02   6.7406913e-02
   2.3167509e-01   3.1616856e-02   6.4546215e-04   6.8811376e-02   1.7275623e-01   3.1342237e-02   7.3749168e-02   2.5906292e-01   2.2003707e-03   6.0920129e-02   6.5284857e-02   1.9353014e-03
   2.3219484e-01   9.4679271e-03   3.4408993e-02   4.8939721e-02   1.0618799e-01   1.6955641e-01   3.6313051e-02   9.4298716e-02   2.6918417e-02   1.3587919e-01   2.6871230e-02   7.8963518e-02
   2.3484707e-01   9.1983219e-02   9.9353261e-04   1.0102653e-01   9.1128462e-03   1.2590469e-03   2.3028372e-01   2.3572373e-02   2.1388221e-03   1.0603537e-01   1.4781582e-01   5.0931639e-02
   2.3486498e-01   1.2286584e-01   1.6647035e-01   3.8552857e-02   2.5059470e-02   4.4072970e-02   1.1690152e-02   8.3187302e-04   3.1392418e-02   1.3905509e-01   4.7401417e-02   1.3774258e-01
   2.4216696e-01   5.5345491e-02   7.1020384e-02   1.8435660e-01   2.9172005e-02   3.7434918e-02   2.4939930e-02   7.9793370e-02   5.4900660e-03   1.2535752e-01   1.4634655e-02   1.3028811e-01
   2.4245883e-01   5.4146822e-02   1.3367760e-02   2.4169829e-01   7.9105972e-02   9.3208468e-03   9.4395002e-02   3.9500998e-02   2.6479791e-02   1.6831412e-01   2.7334371e-02   3.8772000e-03
   2.4315081e-01   2.8545150e-02   1.2847482e-02   1.8692595e-01   1.1666759e-01   5.9894898e-02   1.1984306e-01   1.3965059e-03   6.0993673e-02   4.9463036e-02   1.4509765e-02   1.0576208e-01
   2.4385890e-01   1.2983219e-01   8.3412914e-03   5.3351260e-03   1.2879018e-02   5.1300525e-02   2.5946109e-01   5.5124582e-02   1.1766569e-01   7.9406074e-02   2.6646646e-03   3.4130845e-02
   2.4631972e-01   4.7138498e-02   1.9940861e-01   3.1556601e-02   3.8717231e-03   1.1725986e-01   1.4439830e-03   3.2769716e-02   2.1617201e-01   3.3493514e-03   6.2924226e-02   3.7785697e-02
   2.4916317e-01   1.5895582e-01   1.0782927e-01   4.3965082e-02   7.4997680e-02   7.3337453e-02   1.3370015e-02   3.4853114e-02   1.4495410e-02   3.5185101e-03   1.6274555e-02   2.0923993e-01
   2.4976155e-01   4.2544017e-02   3.1864510e-03   1.3066541e-01   4.1504303e-02   1.7521533e-01   2.9853729e-03   4.2458959e-02   1.6703886e-01   7.1952361e-04   4.3125077e-02   1.0079515e-01
   2.5105953e-01   2.8092429e-01   1.3920651e-02   9.2391117e-03   2.1470339e-03   1.3991321e-02   4.7935816e-02   8.4805035e-02   1.6811369e-02   3.0800394e-02   1.9958527e-01   4.8780178e-02
   2.5443191e-01   3.8189514e-03   1.3808501e-03   1.0407692e-03   9.1075461e-02   1.0738228e-02   4.7698912e-02   1.7071906e-02   5.7876052e-02   2.4129095e-01   5.2239805e-02   2.2133620e-01
   2.6181694e-01   1.8159560e-02   2.8392197e-02   7.9107914e-02   1.7858542e-02   3.0275299e-02   4.8299318e-02   1.1889962e-01   3.0886767e-01   1.8813872e-02   3.6175548e-02   3.3333519e-02
   2.6313365e-01   1.6048677e-01   2.3108871e-03   1.7733421e-01   5.5544127e-02   1.4160896e-01   1.7312932e-03   7.5441523e-02   6.2841035e-02   5.0385407e-03   1.4271220e-02   4.0257791e-02
   2.7105010e-01   7.8859636e-02   2.7551372e-02   1.2912622e-02   1.6513903e-02   1.9411008e-03   1.5158530e-02   6.3330764e-02   1.9799014e-01   2.6991857e-01   3.6465494e-02   8.3077631e-03
   2.8533622e-01   4.5429532e-02   1.7449425e-01   3.4169833e-02   1.3046342e-01   4.9018334e-03   4.5692140e-02   9.9106681e-02   4.5535795e-03   3.9230525e-02   2.9142213e-02   1.0747976e-01
   2.8761832e-01   7.4992525e-02   3.1601652e-02   1.0873845e-01   8.4486284e-02   7.3379646e-03   2.0407591e-02   3.3532822e-02   1.5130755e-01   1.4747030e-02   1.5461381e-01   3.0616000e-02
   2.9690209e-01   4.6666442e-02   1.5539537e-01   6.6789548e-02   6.0124637e-02   7.9695328e-02   1.5861975e-01   2.7714668e-02   3.4686350e-02   1.3014599e-02   8.6863228e-03   5.1704906e-02
   3.0380037e-01   1.8016489e-04   8.3310026e-02   1.2979958e-01   4.4156536e-02   1.4093828e-01   1.6372942e-02   9.7688180e-03   4.3042588e-02   1.5982773e-01   5.5833848e-02   1.2969120e-02
   1.0000000e+00   0.0000000e+00   0.0000000e+00   0.0000000e+00   0.0000000e+00   0.0000000e+00   0.0000000e+00   0.0000000e+00   0.0000000e+00   0.0000000e+00   0.0000000e+00   0.0000000e+00
