   0.0000000e+00   0.0000000e+00   0.0000000e+00   0.0000000e+00   0.0000000e+00   0.0000000e+00   0.0000000e+00   1.0000000e+00
   0.0000000e+00   0.0000000e+00   0.0000000e+00   0.0000000e+00   0.0000000e+00   0.0000000e+00   1.0000000e+00   0.0000000e+00
   0.0000000e+00   0.0000000e+00   0.0000000e+00   0.0000000e+00   0.0000000e+00   1.0000000e+00   0.0000000e+00   0.0000000e+00
   0.0000000e+00   0.0000000e+00   0.0000000e+00   0.0000000e+00   1.0000000e+00   0.0000000e+00   0.0000000e+00   0.0000000e+00
   0.0000000e+00   0.0000000e+00   0.0000000e+00   1.0000000e+00   0.0000000e+00   0.0000000e+00   0.0000000e+00   0.0000000e+00
   0.0000000e+00   0.0000000e+00   1.0000000e+00   0.0000000e+00   0.0000000e+00   0.0000000e+00   0.0000000e+00   0.0000000e+00
   0.0000000e+00   1.0000000e+00   0.0000000e+00   0.0000000e+00   0.0000000e+00   0.0000000e+00   0.0000000e+00   0.0000000e+00
   2.4813366e-04   7.8778950e-02   1.6526822e-01   1.0908892e-01   2.5432557e-01   2.6502729e-02   1.0946838e-01   2.5631910e-01
   5.1429736e-04   2.5362958e-02   2.4616910e-01   3.8534490e-01   1.4963175e-01   3.4000434e-02   6.6907784e-02   9.2068782e-02
   9.5308982e-04   9.1223755e-02   5.3237741e-02   5.6753796e-02   1.5753576e-01   9.0894992e-04   3.2295313e-02   6.0709159e-01
   9.8337664e-04   1.4913724e-02   1.9332066e-01   7.6292157e-02   5.9282547e-03   1.0957486e-01   3.1119235e-01   2.8779461e-01
   9.9280218e-04   2.4571854e-02   2.4820055e-04   2.8791263e-02   3.4847357e-01   1.5264334e-01   3.4822537e-01   9.6053611e-02
   1.1555397e-03   3.6273245e-02   8.0708258e-02   2.9270027e-01   5.7245293e-02   3.8281990e-02   4.5667442e-01   3.6960984e-02
   1.1748975e-03   2.2106328e-01   8.8974072e-03   1.5043964e-01   1.9768324e-01   3.5279573e-02   3.0519317e-01   8.0268796e-02
   1.1774115e-03   2.5879489e-02   1.0442305e-01   2.5089503e-02   3.0245048e-01   4.2882825e-02   3.3188828e-01   1.6620896e-01
   1.3041444e-03   4.8416303e-03   3.6590595e-01   8.3055989e-02   5.7673312e-02   3.5471885e-01   5.7061899e-04   1.3192951e-01
   1.4224751e-03   1.0363747e-02   1.7374517e-01   3.8671002e-01   2.1316806e-01   1.8045113e-01   1.2802276e-02   2.1337127e-02
   1.7336974e-03   5.5298517e-02   3.9316010e-03   3.1123386e-01   1.6701814e-01   2.2026230e-02   1.5143410e-01   2.8732384e-01
   1.9045177e-03   2.6223601e-01   5.3557786e-02   2.8288494e-01   9.3003667e-02   6.8664676e-02   1.2433816e-01   1.1341025e-01
   1.9526807e-03   5.1584036e-02   1.3802024e-01   1.6259332e-02   3.9482031e-01   3.7528576e-01   6.8561935e-03   1.5221457e-02
   2.0248367e-03   2.8108007e-01   1.1695739e-01   2.6621206e-01   2.2396598e-03   1.1295055e-02   2.8717937e-01   3.3011553e-02
   2.1517516e-03   6.9165140e-02   2.1276067e-01   1.8612038e-03   2.8365452e-01   2.8090393e-01   5.6344646e-02   9.3158137e-02
   2.3890587e-03   1.1503839e-01   1.1324888e-01   1.9521996e-01   2.3652278e-01   6.1578025e-02   1.7205522e-01   1.0394768e-01
   2.4993609e-03   2.9374060e-01   3.1379653e-01   2.4334484e-01   1.7476369e-02   1.6376507e-02   4.8754152e-02   6.4011644e-02
   2.5432598e-03   9.7439707e-02   2.9273257e-01   1.3891321e-01   1.6597525e-01   2.6693668e-01   2.4335473e-02   1.1123844e-02
   2.8246744e-03   2.8834892e-01   2.7450930e-03   4.6845226e-02   2.8322100e-02   2.9732230e-01   3.0636813e-01   2.7223560e-02
   2.8707902e-03   2.1200746e-01   1.3107899e-02   2.0523596e-02   2.2097843e-01   4.9512931e-02   3.1895024e-01   1.6204865e-01
   2.9011319e-03   1.2838235e-01   4.5266115e-01   2.6753766e-01   1.8167217e-02   7.6895655e-02   3.5735829e-03   4.9881255e-02
   3.0553741e-03   1.9554427e-01   1.1667552e-01   3.6070230e-01   2.4139257e-02   2.1296418e-01   7.9040979e-02   7.8781207e-03
   3.4912510e-03   1.7382702e-02   4.6743111e-01   1.6492129e-01   1.2377362e-01   6.8319805e-02   8.3625668e-02   7.1054561e-02
   3.7118369e-03   2.0446757e-01   1.2965198e-02   1.5961046e-01   5.2186254e-02   4.1544909e-02   1.6592563e-01   3.5958814e-01
   3.8115038e-03   6.2370062e-02   3.4442134e-01   9.5634096e-02   3.2172557e-01   8.3160083e-03   1.4206514e-01   2.1656272e-02
   3.8637355e-03   1.5185006e-01   1.6818395e-02   6.6105127e-03   1.7016464e-01   3.1996507e-01   1.5582121e-01   1.7490638e-01
   3.9465030e-03   3.6527077e-01   1.2497259e-02   5.2181539e-02   3.0914273e-02   2.6748520e-01   3.0695023e-03   2.6463495e-01
   3.9881427e-03   2.4305557e-03   3.0950061e-02   3.7912398e-02   3.6853510e-01   3.7107029e-02   5.7954981e-02   4.6112174e-01
   4.0760580e-03   1.1652284e-01   1.4880767e-01   1.3283177e-01   5.3830077e-02   1.7786480e-01   3.8802063e-02   3.2726472e-01
   4.2687541e-03   1.8917641e-01   2.3463339e-01   2.7884438e-01   7.7009742e-02   7.6624744e-03   3.3249050e-02   1.7515580e-01
   4.3648459e-03   8.2214315e-03   4.7217203e-02   4.3913602e-02   2.3593643e-01   2.9013848e-01   3.6501602e-01   5.1919943e-03
   4.3823406e-03   1.6177725e-02   2.5389887e-01   2.4759946e-01   7.0894623e-02   3.0610069e-01   2.1150418e-02   7.9795866e-02
   4.4787805e-03   2.0931132e-01   1.9876251e-01   9.0211302e-02   1.3322160e-01   1.1775988e-01   3.1997210e-02   2.1425739e-01
   5.1195693e-03   2.4705103e-01   8.2781022e-02   8.8930500e-02   3.5119001e-01   1.7559113e-01   1.0581847e-02   3.8754892e-02
   5.3244315e-03   5.0106346e-02   8.7688580e-02   2.4893397e-01   1.9678837e-01   2.6675091e-01   4.6300389e-03   1.3977735e-01
   5.4373195e-03   5.9448253e-04   2.3030920e-01   2.3950339e-01   4.2196732e-02   2.4125210e-01   2.1623962e-01   2.4467145e-02
   5.5642839e-03   1.1197157e-02   1.5791161e-01   5.9215803e-02   2.6768876e-01   1.3359840e-01   3.2159609e-01   4.3227892e-02
   5.8003883e-03   1.7548040e-01   1.7093083e-01   1.1875726e-01   1.8508061e-03   1.7060840e-01   3.2796389e-01   2.8608022e-02
   5.9303254e-03   2.1255177e-01   1.5506566e-01   7.2336407e-02   1.5028234e-01   3.8930325e-01   3.9213350e-03   1.0608919e-02
   6.0594406e-03   1.0001530e-01   2.4773478e-02   4.2530690e-03   1.7022990e-01   2.4205157e-01   2.8786668e-01   1.6475056e-01
   6.0627362e-03   2.7897234e-01   3.1355099e-02   4.7540128e-02   2.1168709e-01   1.9966703e-01   1.5334615e-02   2.0938095e-01
   6.1253771e-03   8.7906832e-03   2.4796511e-02   1.6190233e-01   2.0496650e-01   1.1204270e-01   3.9315621e-01   8.8219683e-02
   6.1325979e-03   3.3955230e-02   2.7598284e-01   4.3536849e-02   1.7720890e-02   3.3527139e-01   2.8026721e-01   7.1329867e-03
   6.2374623e-03   5.3816862e-02   4.2286321e-02   1.5894809e-01   3.1800824e-01   6.6735923e-03   1.1695517e-01   2.9707425e-01
   6.4686152e-03   1.8160038e-01   1.2937230e-02   3.4906564e-01   7.1873503e-04   6.8998563e-02   1.0253953e-01   2.7767130e-01
   6.5095398e-03   2.0426487e-02   8.7542088e-03   7.3176207e-02   1.4029181e-01   2.2536476e-01   1.0347924e-01   4.2199776e-01
   6.5934066e-03   2.1001221e-02   2.6398046e-01   5.3724054e-02   4.5641026e-01   9.2796093e-03   7.1550672e-02   1.1746032e-01
   6.7715385e-03   1.8758874e-02   2.5957654e-01   7.2330252e-04   1.2021607e-01   3.1820102e-01   6.4259516e-02   2.1149315e-01
   6.7932260e-03   2.5114286e-02   1.2674976e-01   3.9098603e-02   8.5188722e-03   2.6983030e-01   1.6642066e-01   3.5747429e-01
   6.9678181e-03   2.0781946e-02   6.2907673e-02   3.5910822e-02   4.3079287e-01   1.4325651e-01   1.5111096e-01   1.4827140e-01
   7.1618119e-03   4.3078939e-02   9.1288079e-02   1.4222067e-01   2.4191903e-01   1.6166601e-01   5.2211064e-02   2.6045440e-01
   7.4983641e-03   4.1231870e-04   3.8022277e-01   1.1067838e-01   1.8023369e-02   2.0649726e-01   2.3183611e-01   4.4831422e-02
   7.6415422e-03   1.3893713e-01   5.3838138e-01   8.7877735e-02   2.1535255e-02   2.6050712e-02   9.2740535e-02   8.6835707e-02
   7.6930665e-03   5.7402329e-02   1.8759614e-01   1.2590660e-02   2.1640385e-01   4.2918419e-01   3.9378009e-02   4.9751748e-02
   7.9146055e-03   4.7487048e-02   1.3198007e-01   1.9341372e-01   1.1855376e-01   5.8225891e-03   3.1912583e-01   1.7570238e-01
   7.9348896e-03   3.9377327e-01   2.0405524e-01   1.5244083e-01   9.0021404e-03   6.7296165e-02   1.1155407e-01   5.3943387e-02
   8.1117714e-03   2.0358125e-01   4.8169753e-02   5.3214683e-01   1.2841521e-02   6.9021032e-02   9.3644463e-02   3.2483378e-02
   8.1603468e-03   3.6210850e-01   1.5231324e-01   5.9850665e-02   3.0492131e-02   6.1833185e-03   1.8797702e-01   1.9291478e-01
   8.2223977e-03   7.4348972e-02   3.4982940e-02   3.3684142e-01   1.0348860e-02   4.0627538e-01   1.1825966e-01   1.0720373e-02
   8.6515746e-03   7.1897902e-02   2.6890743e-03   2.4236124e-03   3.2107889e-01   4.1340664e-01   1.3932946e-01   4.0522840e-02
   8.8410992e-03   9.5818399e-02   1.2186380e-02   2.2556750e-01   2.7694146e-01   2.8673835e-02   9.5579450e-04   3.5101553e-01
   8.9858449e-03   2.6572643e-01   1.9152623e-02   8.1289911e-03   1.2541921e-01   6.0500841e-02   4.4032554e-01   7.1760518e-02
   9.1541938e-03   8.5562233e-02   2.1625694e-01   5.0983462e-03   2.6262850e-03   1.9514519e-01   3.6893147e-01   1.1722534e-01
   9.5568777e-03   2.0115120e-01   1.6935028e-01   2.3011610e-01   6.2321599e-03   1.2464124e-01   2.1246464e-01   4.6487506e-02
   9.7812578e-03   7.3476142e-02   6.3342720e-03   2.1852679e-01   1.2407821e-02   1.5082082e-01   1.4054313e-01   3.8810976e-01
   9.8143336e-03   2.7527415e-01   1.7688245e-02   8.3273861e-02   1.9465460e-01   2.9526373e-01   1.1224924e-01   1.1781841e-02
   1.0270821e-02   1.6106347e-01   3.4214292e-01   1.1035554e-01   2.2291520e-01   3.9741370e-02   3.6859966e-02   7.6650713e-02
   1.0321526e-02   1.0219830e-02   2.0566061e-03   1.2347474e-02   2.8122877e-01   2.2789472e-01   1.4832021e-01   3.0761085e-01
   1.0336614e-02   3.7956868e-02   2.4811346e-01   3.8745419e-02   1.9077915e-01   1.1846118e-01   1.1510345e-01   2.4050385e-01
   1.0503958e-02   7.9971043e-02   2.7396486e-01   2.6704914e-01   8.1139922e-02   8.3273470e-03   2.2172796e-01   5.7315775e-02
   1.0648682e-02   2.2142659e-02   1.9983901e-01   6.7130810e-02   2.5652366e-03   3.1650714e-01   9.7265018e-03   3.7143996e-01
   1.0832600e-02   1.0060053e-01   6.1602301e-02   2.4423058e-01   4.3269395e-03   1.7927582e-01   2.5673946e-01   1.4239176e-01
   1.1346648e-02   2.3134181e-01   1.5735223e-01   2.6143946e-01   3.1761286e-01   5.8597015e-04   1.9310954e-02   1.0100685e-03
   1.1354881e-02   5.3277377e-01   1.3369207e-01   3.4054017e-02   1.2601943e-01   5.2479756e-02   7.1065469e-04   1.0891543e-01
   1.1471260e-02   1.7669634e-01   1.5005619e-01   3.5624248e-02   1.5963946e-01   1.5105002e-01   2.5239533e-01   6.3067155e-02
   1.2397859e-02   1.1524373e-01   1.7187940e-02   4.7788109e-01   2.9867568e-02   9.4956326e-02   6.2834601e-02   1.8963088e-01
   1.2398386e-02   3.3706123e-01   1.0805238e-02   1.7560555e-01   6.2332902e-02   3.0642153e-01   7.6308025e-02   1.9067145e-02
   1.2627554e-02   3.2401940e-01   1.6996594e-01   4.9962275e-02   2.5140777e-01   4.5845818e-02   3.0603891e-03   1.4311085e-01
   1.3037366e-02   3.8897845e-01   5.6009905e-03   1.1227486e-01   6.4490533e-02   8.1433198e-02   5.7618954e-02   2.7656564e-01
   1.3123360e-02   3.0064424e-02   1.7227392e-01   4.1040325e-01   8.1126223e-03   1.0904319e-01   2.1951801e-02   2.3502744e-01
   1.3308664e-02   1.3680646e-01   2.8065094e-02   2.9727552e-01   1.3206360e-01   3.1805778e-01   5.7744437e-02   1.6678451e-02
   1.3546597e-02   4.2383715e-02   3.7954687e-01   2.7115279e-01   5.3237116e-03   6.6161948e-03   4.8480808e-02   2.3294932e-01
   1.3938863e-02   1.5537139e-01   1.1415425e-01   1.4701104e-01   4.3814109e-01   1.6445468e-02   2.9022660e-02   8.5915228e-02
   1.3965750e-02   1.0252855e-01   8.4099671e-04   1.5842069e-01   1.2501306e-01   4.9739687e-02   2.9411814e-01   2.5537312e-01
   1.4099478e-02   1.5887615e-01   1.7089869e-01   7.4017084e-04   1.6471645e-01   1.2133148e-01   1.7313802e-01   1.9619957e-01
   1.4241786e-02   2.8792839e-01   6.4723781e-02   3.2161729e-02   6.4827079e-02   3.8829301e-01   8.4291183e-02   6.3533049e-02
   1.4691196e-02   1.3666608e-02   2.5726731e-01   3.8950250e-02   4.5159710e-02   2.0939890e-01   1.7661832e-01   2.4424771e-01
   1.4935545e-02   1.8408716e-01   7.2386949e-02   8.7014233e-03   4.5986497e-02   3.6352587e-01   8.8401832e-03   3.0153637e-01
   1.5293349e-02   6.0934896e-02   2.5905528e-01   2.0476676e-03   2.2909343e-01   8.4847426e-03   2.6725936e-01   1.5783127e-01
   1.5331462e-02   1.5892896e-01   2.4616713e-02   1.4467718e-02   3.6126107e-01   2.1593608e-04   3.4204276e-01   8.3135392e-02
   1.5589095e-02   2.5620542e-03   5.7322054e-02   6.6210949e-02   2.5784703e-01   2.8995650e-01   1.4106831e-01   1.6944401e-01
   1.5976472e-02   2.2227349e-01   1.9086715e-01   8.0956689e-02   2.2832476e-01   1.8140943e-01   1.6609105e-02   6.3582904e-02
   1.6012116e-02   2.1737414e-01   2.8917171e-01   3.0175402e-01   5.8392264e-03   1.3078719e-01   8.2208077e-03   3.0840783e-02
   1.6069556e-02   1.8241850e-01   5.1663059e-02   8.8496308e-03   2.7185569e-01   2.3326674e-01   1.1532228e-01   1.2055454e-01
   1.6179452e-02   3.7163363e-01   3.3205940e-02   1.1555909e-02   1.1059888e-02   6.2135431e-02   1.4396756e-01   3.5026219e-01
   1.6256854e-02   3.2272175e-02   2.6751825e-01   1.8873246e-01   1.5616833e-01   6.9067933e-02   1.0454825e-01   1.6543574e-01
   1.6278047e-02   7.8310603e-02   3.2556093e-02   3.9067312e-01   1.8565772e-01   4.2454905e-02   2.4439067e-01   9.6788385e-03
   1.6534271e-02   1.2947028e-01   2.1338463e-01   2.6218988e-01   1.7516793e-02   1.0256962e-01   3.1959831e-03   2.5513855e-01
   1.6600990e-02   2.1344120e-01   1.9378192e-02   4.3369501e-02   1.3540203e-01   1.5674431e-01   1.9415385e-01   2.2090992e-01
   1.6637120e-02   2.5834545e-01   2.0667644e-01   1.1072148e-01   4.0853395e-02   6.1692994e-02   2.2764164e-01   7.7431479e-02
   1.7337509e-02   3.1967835e-01   2.9456138e-01   4.6918602e-02   3.0903306e-02   2.7579119e-01   3.7749013e-03   1.1034769e-02
   1.7399944e-02   8.5155884e-02   1.8721856e-01   2.4179576e-01   2.5370806e-01   1.7193437e-01   2.7550769e-02   1.5236644e-02
   1.7477166e-02   2.7852685e-02   1.0064526e-02   2.3313437e-02   1.1950433e-01   3.5728625e-01   5.3424935e-02   3.9107667e-01
   1.7511656e-02   4.1920833e-01   1.5984890e-01   8.3828378e-02   1.9963023e-01   5.4011211e-02   6.1562940e-02   4.3983542e-03
   1.7779320e-02   2.3130039e-01   2.7521789e-02   7.8251540e-02   5.1565395e-02   1.1958345e-01   3.2852739e-01   1.4547073e-01
   1.7840935e-02   1.2005713e-02   5.1178683e-03   2.0695565e-01   2.2834143e-01   2.0435149e-01   1.4638328e-01   1.7900364e-01
   1.7966074e-02   1.6787095e-02   1.1696395e-03   2.7187017e-01   2.9210844e-01   9.9460804e-02   2.6624053e-01   3.4397252e-02
   1.7987339e-02   1.2044583e-01   1.2277559e-01   6.1697979e-02   1.7269557e-01   3.3279539e-01   1.5771877e-01   1.3883529e-02
   1.8822986e-02   2.0909616e-01   1.2622067e-02   2.2526794e-01   3.9585552e-02   5.1005596e-03   2.7497554e-01   2.1452919e-01
   1.8834050e-02   2.3830136e-01   4.0080589e-01   1.6383315e-01   5.5479731e-02   1.0790330e-01   9.0811407e-03   5.7613723e-03
   1.8845587e-02   2.8032430e-02   3.6278256e-02   3.7104318e-02   4.7172119e-01   8.7500984e-02   8.3267830e-03   3.1219045e-01
   1.8975332e-02   1.7267552e-01   1.4692329e-01   6.2347520e-03   2.3041475e-02   5.4133912e-01   2.8191922e-02   6.2618596e-02
   1.9111113e-02   8.1427856e-02   3.5751113e-01   7.5748781e-02   1.9422743e-01   2.0775611e-02   2.2831140e-01   2.2886680e-02
   1.9338499e-02   3.1430488e-03   7.5883142e-03   6.4127937e-02   1.9437221e-01   1.5014603e-01   2.3890836e-01   3.2237559e-01
   1.9500939e-02   6.3490402e-03   7.3314087e-03   2.0869075e-01   2.6081284e-02   4.1704130e-01   1.4071689e-01   1.7428839e-01
   1.9696337e-02   3.6844338e-02   3.1923739e-01   8.9067673e-02   6.1444650e-03   1.5759026e-02   1.9944115e-01   3.1380962e-01
   2.0406225e-02   1.4689932e-02   5.5008832e-02   3.8439482e-01   3.7896947e-01   1.9091900e-02   1.0208096e-01   2.5357871e-02
   2.0427343e-02   6.0855578e-04   1.3225290e-02   1.7098790e-01   4.4756919e-02   9.2408005e-02   3.7474504e-01   2.8284094e-01
   2.0467746e-02   2.0790699e-01   3.6605587e-01   7.3764436e-02   3.8052475e-02   1.5966041e-01   1.3153152e-01   2.5605404e-03
   2.0710821e-02   1.0454414e-01   2.4303935e-02   2.7716716e-01   1.7113388e-01   1.1356000e-01   6.9509547e-03   2.8162911e-01
   2.0909401e-02   9.8143607e-02   3.0547464e-01   3.1204945e-02   3.1139531e-01   1.5843754e-01   3.4839425e-02   3.9595138e-02
   2.1209927e-02   1.0528523e-01   1.3381840e-01   3.3929324e-03   2.6189874e-01   1.3477598e-01   5.2163469e-02   2.8745532e-01
   2.1617559e-02   2.1607654e-01   1.5434102e-01   2.8602268e-02   3.1357664e-01   3.5769208e-02   1.5963554e-01   7.0381215e-02
   2.1811439e-02   3.9111807e-01   8.0996408e-03   3.2170693e-01   4.6132018e-02   6.2268686e-02   6.7644534e-02   8.1218676e-02
   2.1818265e-02   2.9516190e-01   4.4376204e-02   1.9094178e-01   2.9921022e-02   1.8137359e-01   1.7704158e-01   5.9365645e-02
   2.1870314e-02   9.5426396e-03   2.5774274e-01   3.1951112e-02   2.6151867e-01   4.2699585e-02   4.7129162e-02   3.2754578e-01
   2.2083537e-02   1.2500787e-01   1.6050704e-01   2.8047646e-03   4.2162047e-01   4.0207617e-03   2.2477358e-01   3.9181974e-02
   2.2699835e-02   1.2396057e-03   2.2313338e-01   2.7982676e-01   4.6738499e-03   1.4704665e-01   1.1282163e-01   2.0855829e-01
   2.2769955e-02   3.1415857e-01   1.2181238e-01   6.9027668e-02   2.2534699e-02   2.5632852e-01   1.6952540e-01   2.3842810e-02
   2.2917018e-02   4.1677972e-02   1.0833681e-01   2.2267293e-02   1.3331038e-02   3.1072540e-01   2.8822336e-01   1.9252111e-01
   2.2939451e-02   2.3739664e-02   3.8676981e-02   1.4403841e-02   1.0776207e-01   2.2939451e-02   2.7607362e-01   4.9346492e-01
   2.3314286e-02   1.1680000e-01   3.2914286e-02   4.4342857e-01   2.4502857e-01   9.1428571e-04   2.1028571e-02   1.1657143e-01
   2.4711927e-02   9.4248881e-02   2.3706465e-02   3.3166030e-01   2.6743738e-03   3.3054287e-03   2.9174696e-01   2.2794567e-01
   2.4964750e-02   3.1140410e-01   1.9294655e-02   2.3002668e-02   3.1298395e-01   1.4473908e-01   1.5721677e-01   6.3940279e-03
   2.4990857e-02   4.9351077e-02   3.7603858e-02   2.5770959e-02   1.2764972e-01   6.2393512e-01   1.1311602e-02   9.9386808e-02
   2.5048400e-02   3.0409490e-01   1.0828573e-01   1.5568870e-02   2.5624214e-01   3.3363977e-03   2.8501402e-01   2.4095430e-03
   2.5626894e-02   3.6428768e-01   7.0818407e-02   3.9129237e-02   4.3235051e-01   1.7635712e-02   4.9049325e-02   1.1022320e-03
   2.5628141e-02   8.8944724e-02   5.9296482e-02   4.0201005e-02   1.6809045e-01   1.3216080e-01   4.5979899e-01   2.5879397e-02
   2.5955490e-02   1.1378021e-01   1.1339094e-01   1.2266906e-02   7.5482331e-02   4.2655914e-01   2.3062173e-01   1.9432521e-03
   2.6660759e-02   2.9183737e-01   2.1715876e-01   1.5818745e-02   6.8308811e-03   5.3092633e-02   7.6823083e-02   3.1177776e-01
   2.7913759e-02   1.3351754e-03   3.1458345e-01   2.7620536e-01   2.0898986e-01   8.8601525e-02   5.4608591e-02   2.7762271e-02
   2.8691267e-02   1.7000131e-01   1.6521352e-01   7.0271526e-03   9.3935535e-02   1.4064417e-01   8.4727125e-02   3.0975992e-01
   2.8742231e-02   7.3806284e-03   1.7742748e-03   1.7820909e-01   1.2762567e-02   2.6601032e-01   2.4837843e-01   2.5674245e-01
   2.9476218e-02   1.9005647e-02   2.8077931e-01   1.4390098e-01   6.2282199e-03   1.7868714e-01   8.7000493e-03   3.3322243e-01
   2.9502161e-02   1.1511840e-01   1.6199491e-01   2.8847466e-01   6.8994321e-02   3.0657291e-01   7.6267637e-03   2.1715867e-02
   2.9539046e-02   8.2803039e-02   1.3764719e-01   3.0111959e-01   8.2885743e-02   6.1214249e-02   9.5198943e-02   2.0959220e-01
   2.9636952e-02   1.2011193e-01   3.4874299e-01   4.7989683e-02   5.4795720e-02   4.7873371e-03   1.4096028e-02   3.7983937e-01
   3.1097617e-02   9.4201860e-03   2.8431999e-01   1.7095807e-01   1.2652338e-01   4.7859607e-02   6.1007814e-03   3.2372037e-01
   3.1678819e-02   7.6001586e-02   1.2857866e-01   4.3174801e-02   7.8829881e-02   3.9416212e-02   3.8382868e-01   2.1849136e-01
   3.1963952e-02   1.7776310e-01   2.1517211e-01   6.8209088e-02   3.2309383e-02   3.5194830e-01   1.0906880e-01   1.3565265e-02
   3.2065591e-02   1.3538621e-01   4.8033421e-02   1.2525405e-01   2.5088230e-01   1.7609272e-01   2.0830991e-01   2.3975803e-02
   3.3562815e-02   2.7898679e-01   3.0608782e-01   3.3281497e-02   3.5490818e-02   6.0730248e-02   9.3904982e-02   1.5795503e-01
   3.3585767e-02   1.5283627e-02   3.6417583e-01   3.4683270e-03   4.2227605e-01   6.7639668e-02   4.6095985e-02   4.7474750e-02
   3.3724543e-02   8.3149821e-02   2.6999090e-01   1.1594908e-01   1.3679342e-01   1.4412193e-01   1.6561291e-01   5.0657393e-02
   3.3742791e-02   1.6532878e-01   8.2325591e-02   2.2615822e-01   2.0515273e-01   5.8769349e-02   4.7984689e-02   1.8053785e-01
   3.3801146e-02   2.4538213e-02   2.7362276e-01   1.3136566e-02   2.9081872e-01   1.5936904e-01   2.0399278e-01   7.2077707e-04
   3.4072407e-02   3.4524798e-02   3.6688673e-01   3.7790881e-03   2.4681125e-02   2.5196473e-01   8.0050425e-02   2.0404069e-01
   3.4171138e-02   7.8226490e-02   4.4620164e-02   2.3722112e-02   4.6427563e-01   2.4343406e-01   2.9087828e-02   8.2462581e-02
   3.4352094e-02   3.1204692e-01   1.6147066e-01   3.3680415e-01   3.8328062e-02   3.6552448e-02   6.3070553e-02   1.7375113e-02
   3.4949315e-02   1.2532877e-01   1.4329931e-01   9.3613178e-02   3.7025120e-02   2.2331124e-01   1.3511810e-01   2.0735497e-01
   3.6487639e-02   3.1440591e-02   2.6199033e-01   1.1381462e-01   4.2233737e-02   4.7532508e-02   4.4345774e-01   2.3042834e-02
   3.6912066e-02   8.3448513e-03   1.2117737e-02   4.1081429e-02   3.9869787e-01   2.2868229e-01   4.2020285e-02   2.3214348e-01
   3.7213432e-02   3.4937429e-01   1.1703799e-02   2.5458636e-02   3.5427668e-01   2.8606084e-02   4.7715752e-03   1.8859550e-01
   3.7364321e-02   1.2133440e-02   4.2161983e-01   2.3429331e-01   4.7639360e-02   1.1662020e-01   9.0643967e-03   1.2126514e-01
   3.7638082e-02   1.1722631e-01   1.4427773e-02   9.3100869e-03   3.0263269e-02   4.2264461e-01   1.6615622e-01   2.0233365e-01
   3.7666743e-02   3.2008040e-02   1.5682363e-01   6.2416647e-02   3.1535557e-02   8.8170904e-02   7.5719531e-02   5.1565895e-01
   3.8095882e-02   1.8448545e-01   5.0572577e-02   5.0007679e-03   6.0972552e-02   5.2354342e-02   2.8923775e-01   3.1928068e-01
   3.8937572e-02   6.8114732e-02   7.4957186e-02   2.7979918e-01   3.0262441e-02   1.3412180e-03   1.5464838e-01   3.5193929e-01
   3.9071424e-02   1.2340578e-01   3.7240024e-02   8.0956974e-02   5.5600657e-03   1.2155880e-01   4.5849426e-01   1.3371267e-01
   3.9720488e-02   9.5944918e-02   4.7947767e-01   3.6259012e-02   4.6454372e-02   1.6766103e-01   1.0279011e-01   3.1692404e-02
   4.0175873e-02   1.3509480e-01   1.7933476e-01   8.4896137e-02   4.6381860e-02   3.4819379e-03   2.2221267e-01   2.8842196e-01
   4.0509780e-02   1.6134444e-01   2.2382608e-01   2.6225522e-01   1.4319097e-01   9.5901959e-02   1.0072857e-02   6.2898685e-02
   4.1482301e-02   8.6651917e-03   2.2861357e-02   3.4918879e-01   2.6106195e-01   4.1297935e-02   1.8436578e-04   2.7525811e-01
   4.2224752e-02   2.1481390e-02   2.1032968e-02   2.3143494e-01   3.9315365e-01   8.3789856e-02   5.2296334e-02   1.5458611e-01
   4.2534535e-02   1.6859787e-01   5.7597781e-02   1.3267129e-01   1.2025850e-02   4.6580693e-01   1.1959240e-02   1.0880650e-01
   4.2704259e-02   7.4143141e-02   2.6946734e-03   2.0704320e-01   1.0208877e-01   2.1570305e-01   3.0498680e-02   3.2512422e-01
   4.2954945e-02   1.9439330e-01   1.4189335e-01   2.5218371e-01   6.4859679e-03   1.8078609e-01   3.3818619e-02   1.4748402e-01
   4.3004625e-02   9.9111576e-03   2.5741769e-01   1.6384405e-01   1.1306858e-03   2.8342879e-01   5.8843666e-02   1.8241934e-01
   4.3082151e-02   7.3491763e-04   8.8547083e-03   3.0012922e-01   5.2308136e-02   2.9897934e-01   2.6924104e-01   2.6670487e-02
   4.4065964e-02   1.1084077e-02   2.8115707e-02   2.1086780e-02   1.7896729e-01   4.2768316e-01   1.5679913e-01   1.3219789e-01
   4.4185808e-02   1.3532992e-02   1.1211268e-01   2.0601091e-01   1.8000479e-01   7.9703434e-02   1.4438235e-01   2.2006704e-01
   4.4312833e-02   8.9689367e-02   8.7017759e-02   4.4112954e-01   2.2230524e-02   1.2945576e-01   1.7567936e-01   1.0484853e-02
   4.6428018e-02   2.5232188e-03   1.5525263e-01   3.2546067e-01   1.4480234e-01   1.4718319e-01   4.4718776e-02   1.3363116e-01
   4.6990134e-02   4.6852093e-02   3.0372569e-01   2.2285013e-01   1.0939028e-02   1.2701169e-02   3.4072090e-01   1.5220846e-02
   4.7637145e-02   1.6064390e-01   2.3976538e-01   3.5459440e-02   2.6168500e-02   7.1922159e-02   3.9019038e-01   2.8213097e-02
   4.7916374e-02   1.2946237e-01   1.6571317e-01   1.4189784e-02   3.6243057e-01   3.1951711e-02   1.8627952e-02   2.2970807e-01
   4.8371208e-02   8.5145008e-02   2.7224086e-01   1.1358745e-02   1.8349610e-01   8.3175312e-02   3.1175514e-01   4.4576320e-03
   4.9150327e-02   5.0640523e-01   1.3856209e-02   2.1699346e-02   1.2810458e-02   8.2091503e-02   1.2732026e-01   1.8666667e-01
   4.9528302e-02   5.4215802e-01   6.0731132e-02   2.4469340e-02   9.7582547e-02   4.9528302e-02   1.3590802e-01   4.0094340e-02
   5.1013218e-02   2.3911685e-01   2.4156371e-02   1.2956446e-01   2.3366880e-01   6.4691917e-02   1.3066108e-01   1.2712731e-01
   5.1129731e-02   7.2254469e-03   8.1744528e-02   4.5264131e-01   4.5437405e-02   1.2412444e-02   9.3762407e-02   2.5564673e-01
   5.2949613e-02   9.0255439e-02   1.1561288e-01   1.3953313e-01   2.0453637e-01   1.9768018e-01   7.4709848e-02   1.2472253e-01
   5.4615166e-02   3.3990166e-01   1.1222764e-02   1.7560587e-01   4.0374544e-02   1.2085450e-02   3.3523617e-01   3.0958378e-02
   5.4815860e-02   1.0587686e-01   3.6931991e-01   1.5580466e-01   9.2755652e-02   1.1292754e-01   4.1837564e-02   6.6661954e-02
   5.4956450e-02   2.9863127e-02   3.9195355e-01   2.8618830e-02   2.5051846e-01   8.3575280e-02   9.6018250e-02   6.4496060e-02
   5.5408722e-02   8.6112582e-02   1.4570509e-01   1.2527254e-01   1.2165054e-01   3.3047967e-01   1.9111042e-02   1.1625981e-01
   5.5565372e-02   3.9208374e-01   9.2536186e-03   9.9923758e-03   3.0824548e-02   9.5681048e-02   2.8247829e-01   1.2412101e-01
   5.5841471e-02   2.5129992e-01   2.8537010e-04   1.7340074e-01   1.2259608e-01   1.8663380e-01   2.1362371e-02   1.8858025e-01
   5.7064993e-02   3.8500865e-01   3.4615176e-03   1.7888759e-01   2.1486250e-01   7.8558967e-02   5.5857791e-02   2.6297989e-02
   5.7424730e-02   3.6445302e-01   1.3220923e-02   3.6320554e-02   1.5334424e-01   3.1426026e-01   2.7005826e-03   5.8275697e-02
   5.7530043e-02   5.2927640e-02   5.7530043e-02   7.6706725e-03   1.5213500e-01   1.1787267e-01   6.9291741e-02   4.8504219e-01
   5.7583980e-02   1.7164525e-01   8.3837142e-02   1.6870341e-01   5.6972172e-02   9.3734014e-02   2.5735696e-01   1.1016707e-01
   5.8464125e-02   1.1544857e-02   1.4301330e-02   4.8408119e-02   4.6392360e-02   4.2243639e-01   2.6936441e-01   1.2908841e-01
   6.0488884e-02   4.0213254e-02   1.8526952e-01   3.0569902e-01   9.4258797e-03   3.6137119e-02   1.1442018e-02   3.5132430e-01
   6.1341459e-02   6.4755175e-03   1.1015838e-01   7.2856867e-02   2.3487600e-01   2.4802666e-03   1.8154730e-01   3.3026422e-01
   6.4846864e-02   4.3617356e-01   2.6312949e-01   1.5614186e-02   1.4008911e-02   9.4310925e-02   1.0599906e-01   5.9170033e-03
   6.4905517e-02   1.2746051e-02   1.4938779e-01   1.2606415e-01   3.5168828e-01   4.4497994e-03   2.8746213e-01   3.2962819e-03
   6.5124959e-02   4.7735132e-03   4.9186944e-03   9.5889801e-02   1.2684403e-01   2.5766964e-01   1.5855807e-01   2.8622129e-01
   6.5428346e-02   8.2544611e-03   2.3736992e-01   1.4634927e-01   2.4535137e-01   1.7747699e-01   1.1396982e-01   5.7998279e-03
   6.5470683e-02   1.5940550e-01   1.9315351e-02   5.3481182e-02   3.6438332e-01   7.4233801e-02   8.4980216e-03   2.5521213e-01
   6.6022008e-02   5.9615092e-04   1.2850540e-01   2.5599877e-01   2.9020964e-01   1.2806188e-02   3.6248382e-02   2.0961347e-01
   6.6250245e-02   2.3220131e-01   1.1454064e-01   3.6925127e-02   1.3132329e-02   3.5383043e-03   4.2867111e-02   4.9054493e-01
   6.6256158e-02   2.8708639e-01   3.9672603e-02   2.9527258e-01   5.0824690e-02   1.0216443e-01   1.4995828e-03   1.5722357e-01
   6.8344899e-02   6.3079503e-02   2.5292321e-01   8.9062256e-02   6.7460177e-02   4.0016153e-01   2.5811323e-02   3.3157104e-02
   6.8741277e-02   2.3681854e-01   6.1618451e-02   7.2670097e-02   7.1691979e-02   2.9421821e-01   1.7790995e-02   1.7645046e-01
   6.8878127e-02   1.3279877e-03   3.0435561e-01   5.1275300e-02   1.0356824e-01   1.1577081e-01   2.3511696e-01   1.1970696e-01
   6.8911756e-02   3.1181790e-04   6.6105394e-02   1.0227627e-01   2.4633614e-02   3.0246336e-02   5.2135953e-01   1.8615529e-01
   6.9944664e-02   8.5683084e-02   5.7469201e-02   2.6528059e-01   1.4140419e-01   5.5664933e-02   2.7763664e-01   4.6916697e-02
   7.0547851e-02   1.2894277e-01   3.1847671e-01   3.0733196e-02   2.6135749e-02   1.2105706e-01   1.7464634e-01   1.2946033e-01
   7.1440639e-02   2.1362463e-01   9.2490336e-02   6.6747247e-02   2.0715909e-01   6.9581111e-02   2.9616145e-02   2.4934080e-01
   7.3581608e-02   9.0364469e-02   4.4565152e-02   1.0169774e-01   5.9221222e-02   2.3772327e-01   2.6651311e-01   1.2633343e-01
   7.3933054e-02   2.9597701e-02   1.0689740e-01   1.0121666e-01   1.3020019e-02   1.4465284e-01   1.5109470e-01   3.7958761e-01
   7.4457595e-02   8.2805605e-02   6.6492339e-02   3.0306593e-01   1.8020838e-02   1.9108476e-01   1.9467810e-02   2.4460513e-01
   7.4793718e-02   2.1027415e-02   9.8482832e-03   1.2110727e-01   5.2328986e-01   6.9204152e-03   1.0141070e-01   1.4160234e-01
   7.5378107e-02   1.4048466e-02   1.1942945e-01   2.6872895e-01   2.5077253e-01   1.2495118e-01   1.3688753e-01   9.8037936e-03
   7.6885381e-02   1.4184882e-02   1.2093974e-01   1.8866943e-01   9.2088034e-04   2.7368351e-01   2.7298581e-01   5.1730361e-02
   7.7257611e-02   1.3763111e-01   1.9186493e-02   3.1977488e-02   4.3975441e-01   6.5745715e-02   1.2663085e-01   1.0181632e-01
   7.7378141e-02   3.0390431e-01   1.3112973e-01   1.7011411e-01   5.9198878e-02   1.9134646e-02   8.1491000e-02   1.5764919e-01
   7.7769316e-02   3.2264048e-02   1.0670214e-02   3.9283799e-03   2.6384816e-01   8.7569792e-03   4.0501717e-01   1.9774573e-01
   8.1411937e-02   1.8594149e-01   1.1183144e-01   2.1146071e-01   2.6297973e-02   1.1583339e-02   2.6124867e-02   3.4534823e-01
   8.1596172e-02   1.3573461e-01   3.3523839e-01   2.9951426e-01   9.7014531e-02   1.1433478e-02   3.0326224e-02   9.1423344e-03
   8.2269505e-02   3.8791267e-02   6.6902217e-02   1.2000631e-01   1.7730359e-01   4.7284142e-01   1.0787194e-02   3.1098495e-02
   8.2799207e-02   1.6257617e-01   8.9238219e-03   7.5986258e-03   1.7280528e-01   1.8457121e-01   9.2638657e-02   2.8808703e-01
   8.3099167e-02   1.0269493e-01   2.9477473e-01   1.0312671e-01   1.2827063e-01   1.6874743e-03   8.9183136e-02   1.9716323e-01
   8.3237978e-02   1.3012273e-01   2.4323519e-01   9.8756733e-03   1.3933792e-01   2.0968567e-01   1.8246076e-01   2.0440809e-03
   8.3516846e-02   6.4672863e-02   3.7093235e-01   8.3290006e-02   1.2297838e-02   2.8532211e-03   2.9920840e-01   8.3228473e-02
   8.3780010e-02   1.8463647e-02   2.6773494e-03   3.1332552e-03   1.0267376e-02   4.3274089e-01   4.1861327e-01   3.0324196e-02
   8.4664844e-02   4.2800472e-01   1.2247345e-02   2.0717624e-01   4.1630232e-02   1.3795420e-01   8.7555994e-02   7.6643686e-04
   8.5362846e-02   1.9197523e-01   1.2054515e-01   4.8750605e-02   8.9611411e-03   2.1967079e-01   2.6507629e-02   2.9822661e-01
   8.5546870e-02   8.5152268e-03   3.0555061e-02   2.3574166e-01   8.0739938e-02   1.8584224e-01   2.8211626e-01   9.0942744e-02
   8.6189193e-02   1.7821522e-01   2.9032884e-01   1.8831639e-01   5.4958847e-03   4.9508652e-04   1.8856376e-01   6.2395628e-02
   8.6297376e-02   1.3381924e-01   5.7405248e-01   5.1311953e-02   2.9154519e-04   1.1137026e-01   2.4489796e-02   1.8367347e-02
   8.6618338e-02   1.0686736e-02   3.2784543e-01   4.4505324e-01   2.9667646e-02   3.7103398e-02   3.0187290e-02   3.2837917e-02
   8.7522790e-02   3.4679870e-01   3.8713145e-02   4.4633551e-01   9.5202288e-04   3.6613478e-02   3.1580093e-02   1.1484259e-02
   9.0487095e-02   3.7071510e-01   1.1733103e-01   4.0826469e-02   1.1969025e-01   1.9799103e-01   2.0271855e-02   4.2687176e-02
   9.1060941e-02   2.0241710e-01   4.9422448e-03   1.5512538e-01   9.7788158e-02   2.2567736e-01   2.1340307e-01   9.5857501e-03
   9.1265519e-02   7.2968852e-02   9.5839686e-03   5.7939447e-02   5.2276193e-03   2.8316271e-02   4.0688303e-01   3.2781529e-01
   9.1553680e-02   2.8327185e-01   1.4164881e-02   3.0284874e-02   9.6848489e-03   2.0180159e-02   4.0453711e-01   1.4632259e-01
   9.2121724e-02   1.0462340e-02   4.3170079e-01   3.1053808e-02   8.1099756e-02   3.4992288e-01   1.2567209e-03   2.3819819e-03
   9.2387097e-02   1.0064516e-02   1.0787097e-01   4.0258065e-02   7.7935484e-02   4.8154839e-01   6.5290323e-02   1.2464516e-01
   9.3657439e-02   3.0364030e-01   3.1916288e-03   5.3256024e-02   5.1268510e-02   1.4809398e-01   3.3742296e-01   9.4691586e-03
   9.4206204e-02   1.3708942e-01   4.1947993e-01   3.4899635e-02   1.0880474e-01   7.9151460e-02   1.4142336e-02   1.1222628e-01
   9.4359487e-02   2.6918530e-01   2.4367831e-02   1.8719737e-01   3.4849311e-03   9.4384657e-02   1.0663626e-01   2.2038416e-01
   9.5113373e-02   2.2474046e-01   8.7451437e-03   2.4919757e-01   1.4051822e-01   2.1650081e-01   4.2874142e-02   2.2310282e-02
   9.5237294e-02   5.5205364e-02   2.6127552e-01   3.5995382e-03   4.6766495e-02   1.1845297e-01   1.1375934e-01   3.0570347e-01
   9.5273238e-02   1.4810077e-01   2.3144643e-01   2.3682261e-02   3.9286280e-01   6.6724816e-02   3.4709108e-02   7.2005831e-03
   9.6917060e-02   2.1988479e-02   1.5323299e-02   1.6745422e-01   8.9850812e-02   3.9009456e-01   1.1410459e-02   2.0696112e-01
   9.9880188e-02   1.0369035e-01   1.2174492e-02   6.6545893e-02   1.0152136e-01   8.7648451e-02   1.6017849e-01   3.6836077e-01
   1.0026869e-01   3.8600212e-03   1.5430231e-02   1.2847468e-01   2.8639713e-01   7.4746877e-02   2.7616114e-01   1.1466123e-01
   1.0129584e-01   2.5937813e-02   5.2912765e-03   2.6963693e-01   2.0963573e-01   8.9104022e-02   1.4457090e-01   1.5452749e-01
   1.0135404e-01   1.6646754e-01   1.7423337e-01   1.6547192e-01   2.3894863e-03   8.3632019e-03   3.7435285e-01   7.3675826e-03
   1.0155892e-01   5.2728106e-02   4.2663916e-01   1.7171022e-01   4.3328748e-02   1.6047685e-02   1.7514901e-01   1.2838148e-02
   1.0236655e-01   2.3932147e-01   2.7035481e-03   4.9425877e-03   1.6008013e-01   2.1645868e-01   2.3195268e-01   4.2174367e-02
   1.0426561e-01   3.9290605e-03   3.2989058e-02   4.5291276e-03   2.8738575e-01   3.2388947e-01   1.7917768e-01   6.3834241e-02
   1.0559628e-01   1.2736953e-01   1.6007676e-01   4.2639506e-02   1.4973509e-01   9.7821989e-03   1.4683587e-01   2.5796476e-01
   1.0682372e-01   1.9185836e-01   1.3038417e-01   1.3633976e-01   1.6311992e-02   2.2118978e-01   1.9044402e-01   6.6481984e-03
   1.0700826e-01   1.2423900e-01   1.7217820e-02   2.3508529e-01   2.5996340e-01   2.1370479e-01   3.9309563e-02   3.4718740e-03
   1.0730906e-01   7.4185601e-02   1.3003011e-01   4.7385710e-01   8.8967972e-02   3.1754722e-02   4.4073364e-02   4.9822064e-02
   1.0859979e-01   2.4113354e-01   4.5646512e-02   7.6112975e-02   6.3884447e-02   6.7778156e-02   2.2185377e-01   1.7499081e-01
   1.0875408e-01   1.1491610e-01   1.3985339e-01   2.7456859e-01   1.7520345e-02   3.6795050e-02   2.7079683e-01   3.6795613e-02
   1.0984200e-01   1.9050128e-01   8.1025532e-03   2.7098409e-01   3.1643008e-01   6.0662018e-02   3.6611557e-03   3.9816826e-02
   1.0996979e-01   2.9909366e-02   5.9818731e-02   3.7160121e-02   1.3383686e-01   2.1752266e-02   5.2870091e-01   7.8851964e-02
   1.1218698e-01   1.6295196e-01   5.1355329e-03   1.1234239e-02   2.2983938e-03   1.9255293e-01   1.7223039e-01   3.4140957e-01
   1.1231956e-01   1.3842199e-03   1.0025707e-01   3.8955903e-01   1.1568123e-01   2.1257663e-01   2.9266363e-02   3.8955903e-02
   1.1254519e-01   9.3933160e-02   5.9816262e-02   1.5862048e-01   1.0978603e-01   2.2996335e-01   1.4601678e-01   8.9318756e-02
   1.1303023e-01   9.3801503e-02   1.0095700e-01   8.7798367e-02   3.6749293e-01   1.9229470e-01   3.7729770e-02   6.8954995e-03
   1.1316571e-01   3.1682527e-02   1.6049639e-01   3.6614806e-02   1.2692323e-01   3.0486789e-01   1.9494670e-01   3.1302748e-02
   1.1341370e-01   8.7797970e-02   2.1512402e-01   4.6004981e-02   9.5493692e-03   2.9981075e-01   3.2072217e-02   1.9622699e-01
   1.1460050e-01   1.5723922e-01   9.8199527e-02   1.9318181e-01   1.7673835e-01   1.0673975e-02   1.9578251e-01   5.3584104e-02
   1.1599045e-01   1.9737470e-01   1.2410501e-02   1.9093079e-02   1.6873508e-01   7.1599045e-04   3.8424821e-01   1.0143198e-01
   1.1847482e-01   3.4832013e-02   5.1509494e-03   2.8617713e-02   2.5359659e-01   2.5690382e-01   3.8664829e-02   2.6375927e-01
   1.1853713e-01   5.4973325e-03   2.2583571e-01   2.7392690e-02   2.4813511e-03   2.9866047e-01   1.8599675e-01   1.3559856e-01
   1.1926679e-01   1.6676907e-01   3.1679084e-01   8.0252556e-02   5.1428016e-02   1.9652578e-01   5.5369229e-03   6.3430029e-02
   1.1963632e-01   3.9780529e-02   2.1209164e-01   2.4262617e-01   1.7113578e-01   2.7106553e-02   1.8572829e-01   1.8947164e-03
   1.2024432e-01   7.1375874e-02   2.4317059e-01   2.3241002e-01   1.0812216e-01   7.4311488e-02   8.0448764e-03   1.4232067e-01
   1.2307360e-01   3.1827599e-02   1.0412569e-02   2.5342939e-01   7.3533650e-02   4.4135040e-01   3.1172230e-02   3.5200560e-02
   1.2350290e-01   6.6558848e-02   3.1186741e-01   5.8714521e-02   3.2735792e-01   3.7063118e-02   3.5380553e-03   7.1397232e-02
   1.2387742e-01   5.8823071e-02   1.4335778e-01   9.9092979e-02   3.3098671e-01   5.4601588e-02   9.2822795e-02   9.6437659e-02
   1.2455666e-01   1.8967696e-01   7.4233854e-02   2.2288588e-01   7.2776047e-02   2.6061401e-02   1.2672524e-01   1.6308396e-01
   1.2657365e-01   2.0188631e-01   2.9782027e-02   5.0538606e-02   8.5665450e-02   3.2895145e-01   1.5696993e-01   1.9632583e-02
   1.2688841e-01   1.9624733e-01   7.1059516e-02   1.5211940e-01   2.9600388e-01   6.2363790e-03   8.3731493e-02   6.7713604e-02
   1.2695334e-01   8.7645334e-02   1.2244609e-01   7.0966103e-02   9.6895745e-02   1.4340416e-01   2.9387987e-01   5.7809350e-02
   1.2819447e-01   7.6050631e-02   3.9322039e-02   2.4908979e-03   2.2596260e-01   2.4370563e-03   2.3714962e-01   2.8839269e-01
   1.2886782e-01   4.7718285e-03   2.5060288e-01   2.9359320e-01   2.6405540e-01   9.8752513e-03   3.6986563e-02   1.1247062e-02
   1.2962557e-01   2.0954675e-01   2.9340924e-02   4.1252463e-01   1.6203197e-02   1.5064594e-01   3.0654697e-02   2.1458288e-02
   1.2979008e-01   1.9596051e-02   1.4313043e-01   1.0497700e-02   1.7409583e-01   2.7240306e-01   8.2198798e-02   1.6828805e-01
   1.3039117e-01   1.9850977e-01   2.4634552e-01   3.5818437e-01   2.4971588e-03   1.8852218e-02   2.8407538e-02   1.6812254e-02
   1.3110780e-01   4.6722730e-03   2.8720690e-02   2.2108917e-01   4.5319244e-02   6.6006532e-02   1.8093327e-01   3.2215102e-01
   1.3118886e-01   2.1831899e-01   7.9920956e-03   2.1002478e-01   2.7308354e-03   3.0115725e-01   1.1982731e-01   8.7598866e-03
   1.3133315e-01   1.1069767e-01   2.1754207e-01   1.0555602e-01   1.7896789e-01   1.5588559e-01   6.3310950e-02   3.6706660e-02
   1.3277656e-01   1.2478496e-02   2.0545538e-01   1.1711832e-01   1.2389852e-01   1.5548916e-01   6.9433064e-02   1.8335050e-01
   1.3291565e-01   2.2178458e-01   1.2157841e-02   1.6920065e-02   2.7156589e-01   4.3525441e-02   2.2103116e-01   8.0099372e-02
   1.3309619e-01   3.0467231e-01   2.7726089e-01   2.9325431e-02   1.1812206e-02   1.6385129e-01   5.2927214e-02   2.7054469e-02
   1.3378776e-01   1.2638750e-01   2.1152958e-01   5.5731754e-02   2.2831614e-01   9.0760331e-03   1.3283072e-02   2.2188816e-01
   1.3614715e-01   1.6438235e-02   1.6448774e-01   1.2791978e-01   1.8486288e-02   3.7306975e-01   1.4812823e-01   1.5322834e-02
   1.3716027e-01   2.2937665e-02   2.2344463e-01   6.2013623e-03   3.5973322e-01   8.6609298e-02   1.3274646e-01   3.1167092e-02
   1.3718310e-01   5.4929577e-02   4.1830986e-01   8.9014085e-02   3.0704225e-02   2.5352113e-03   1.9718310e-03   2.6535211e-01
   1.3732997e-01   2.9464444e-01   8.2855917e-02   7.6300383e-02   2.0272129e-01   3.8264575e-03   7.4664973e-02   1.2765657e-01
   1.3859885e-01   2.5173450e-01   2.9623033e-02   3.0206037e-02   1.9782879e-01   3.3319706e-01   1.8133358e-02   6.7837324e-04
   1.3910649e-01   1.6666110e-01   1.4753741e-01   1.1721406e-03   2.0620488e-01   2.4003259e-01   8.1974445e-02   1.7310940e-02
   1.4001431e-01   3.4148932e-01   1.8068348e-02   6.9945441e-02   1.8832121e-02   3.4990027e-01   6.1523646e-02   2.2654233e-04
   1.4129937e-01   2.2784344e-01   2.3022067e-01   2.8678710e-02   6.9173972e-03   3.1184277e-02   1.6613354e-01   1.6772260e-01
   1.4287686e-01   8.0941177e-03   1.4820598e-01   8.2106316e-03   1.2596619e-01   8.1098237e-02   2.1436871e-01   2.7117926e-01
   1.4337383e-01   8.8266570e-02   3.2459277e-01   5.4351379e-04   1.0890488e-01   3.4130114e-03   3.1667657e-01   1.4228853e-02
   1.4359597e-01   7.3342367e-02   1.0255626e-02   5.8796096e-01   3.2293679e-03   5.7299501e-02   8.9563978e-02   3.4752237e-02
   1.4440214e-01   2.1549021e-01   1.5620982e-01   2.5305761e-01   1.8965165e-01   1.4058398e-03   2.0237358e-02   1.9545382e-02
   1.4467023e-01   1.2725613e-01   1.8684754e-01   3.1415058e-01   2.5985112e-02   1.3853283e-01   1.4660646e-03   6.1091517e-02
   1.4508494e-01   2.4332243e-01   2.3684755e-01   5.4482584e-03   1.5497300e-01   1.0997521e-02   1.0007814e-01   1.0324816e-01
   1.4539085e-01   1.0127442e-02   3.0878101e-01   3.2760704e-01   1.3530247e-02   1.5319434e-01   1.7343172e-02   2.4025901e-02
   1.4657256e-01   2.1798531e-02   3.3603381e-02   1.2186050e-01   1.3022139e-01   2.4021172e-01   2.6756070e-01   3.8171211e-02
   1.4783144e-01   1.1711366e-01   4.6920069e-02   3.2072015e-01   8.1997836e-02   2.1808722e-01   1.5012872e-03   6.5828333e-02
   1.4860461e-01   2.5840763e-01   6.3151124e-03   2.6346073e-01   9.2332423e-02   6.5533624e-02   9.9197238e-02   6.6148636e-02
   1.4988272e-01   9.4602630e-02   6.3780452e-02   5.9005433e-03   5.9823825e-03   2.6593060e-01   1.8893830e-01   2.2498237e-01
   1.5133601e-01   6.6586633e-02   2.3782583e-03   2.3125383e-01   2.1463603e-01   6.3445039e-03   2.9541237e-03   3.2451062e-01
   1.5462585e-01   2.0492030e-02   6.2081135e-02   8.0242178e-02   2.1292216e-01   8.9380490e-02   1.4785348e-02   3.6547081e-01
   1.5486923e-01   3.5347602e-03   2.0056667e-02   6.6474757e-02   3.7671245e-01   3.6458571e-02   4.3235872e-02   2.9865769e-01
   1.5518599e-01   3.4945315e-01   1.0330204e-01   2.0982042e-02   1.2380487e-01   2.3061658e-02   1.7525208e-01   4.8958161e-02
   1.5599319e-01   7.6380735e-02   3.6361983e-01   1.7068606e-01   1.6476545e-01   8.9684711e-03   4.9655721e-02   9.9305545e-03
   1.5635869e-01   1.2920606e-02   2.5131981e-02   3.0153476e-01   2.0331157e-01   1.6442841e-01   9.4544511e-03   1.2685953e-01
   1.5646569e-01   1.2461295e-01   2.9431789e-01   2.2085506e-02   4.8629679e-03   2.2051246e-01   1.2733385e-01   4.9808686e-02
   1.5837745e-01   1.3772563e-01   8.0070481e-02   9.5255476e-02   1.7662712e-01   2.7734240e-01   9.6671961e-04   7.3634728e-02
   1.5896886e-01   3.4328026e-03   5.3708105e-02   1.8361708e-01   9.4260309e-02   2.2467277e-02   7.4569584e-02   4.0897599e-01
   1.5903695e-01   5.0767427e-02   4.9875516e-02   1.4774149e-02   3.3956630e-02   3.5485846e-01   6.8789983e-02   2.6794088e-01
   1.5971688e-01   3.0389291e-01   1.4909986e-01   2.5126943e-01   3.0773965e-04   1.0617018e-02   1.2140329e-01   3.6928758e-03
   1.5973996e-01   1.0437917e-01   9.9133833e-03   3.6604898e-01   1.6619883e-02   6.2023966e-04   7.1275381e-02   2.7140300e-01
   1.5985678e-01   3.4044689e-01   2.4788065e-01   6.9988313e-02   5.4438797e-02   7.9012925e-03   1.0362467e-01   1.5862613e-02
   1.6006022e-01   5.8014189e-02   1.4678399e-02   4.6588854e-03   8.7752139e-02   4.9025934e-01   1.7715238e-01   7.4244448e-03
   1.6077397e-01   2.2612882e-02   1.7113697e-01   6.7884888e-03   4.6611203e-03   2.1720745e-01   2.3126738e-02   3.9369239e-01
   1.6216593e-01   1.5632763e-01   6.5101689e-02   3.3362999e-01   2.5124534e-02   8.3232028e-02   9.2376272e-03   1.6518058e-01
   1.6240992e-01   2.4465545e-02   1.5487737e-02   1.9353875e-01   1.5957157e-01   8.3086295e-03   2.0389694e-01   2.3232091e-01
   1.6339895e-01   1.1469136e-01   9.2737308e-02   2.0511945e-01   2.0094729e-01   1.2236783e-01   1.1300737e-02   8.9437068e-02
   1.6364639e-01   4.1302637e-02   2.8557621e-01   1.4198935e-01   3.5835046e-02   1.8362153e-01   9.9497446e-02   4.8531386e-02
   1.6654994e-01   1.6757776e-01   2.5792317e-03   1.9858659e-01   3.6910563e-02   6.6802161e-02   6.6710699e-04   3.6032665e-01
   1.6676488e-01   1.6345028e-01   2.0494952e-02   5.9104423e-03   3.2084020e-01   2.1007474e-01   2.4508129e-03   1.1001370e-01
   1.6825278e-01   1.0130272e-02   1.3802602e-01   1.4266326e-01   1.1212298e-01   1.4158017e-02   3.6093343e-01   5.3713250e-02
   1.6873513e-01   1.1025821e-03   3.3092703e-01   2.9771352e-03   1.0328424e-01   9.9785112e-04   5.9681929e-02   3.3229410e-01
   1.6876198e-01   5.9051615e-03   1.9939401e-02   7.2206284e-02   2.3943527e-02   2.7329566e-01   4.3066206e-01   5.2859250e-03
   1.7058057e-01   1.7156394e-02   7.9294699e-03   2.0462678e-02   3.6962051e-03   3.3070276e-01   3.8600887e-02   4.1087103e-01
   1.7117130e-01   7.6853510e-03   2.1314356e-01   5.3335096e-02   2.2366492e-01   7.8186880e-02   1.2779424e-01   1.2501865e-01
   1.7168248e-01   2.0077547e-01   1.2973811e-01   7.4676977e-02   8.8245543e-02   1.7627758e-01   7.4709821e-03   1.5113286e-01
   1.7394344e-01   3.3998605e-01   2.4009892e-02   1.8604397e-01   1.0774236e-01   1.3417527e-01   3.0807118e-02   3.2919013e-03
   1.7532218e-01   4.7437385e-02   1.0231383e-01   1.2520983e-01   2.6939653e-02   4.2521597e-02   2.3829610e-01   2.4195943e-01
   1.7758931e-01   4.8959136e-01   1.6242611e-01   5.6797738e-02   7.4530969e-03   5.6797738e-02   2.1588281e-02   2.7756361e-02
   1.7782071e-01   3.5961386e-01   1.8625814e-01   9.0765509e-03   9.8755226e-02   3.8739696e-03   2.3015523e-02   1.4158603e-01
   1.7796054e-01   1.1821432e-01   1.2355227e-02   1.3955393e-01   2.2229288e-01   5.0044462e-02   2.6325139e-01   1.6327261e-02
   1.7806368e-01   2.2158562e-01   9.5529268e-02   1.9939661e-01   8.9174126e-03   2.2106005e-02   2.4311605e-01   3.1285348e-02
   1.7958900e-01   8.1700302e-03   2.3023711e-01   1.8581243e-01   2.5298922e-01   2.6848384e-03   8.1871322e-03   1.3233023e-01
   1.7979207e-01   1.9310056e-01   2.1831530e-01   2.0605597e-02   2.3905168e-02   1.4667348e-01   2.0819233e-01   9.4154902e-03
   1.8069450e-01   1.7511041e-03   2.8068081e-01   3.5394256e-01   4.4363181e-02   3.9368925e-03   1.7057254e-02   1.1757370e-01
   1.8147485e-01   6.4676991e-03   1.2842799e-01   2.4054760e-01   9.4203662e-02   1.9331363e-01   1.4998348e-01   5.5810815e-03
   1.8192752e-01   2.6278042e-01   6.3072658e-02   6.1863360e-03   3.8983511e-01   4.7250374e-02   3.9515728e-02   9.4318524e-03
   1.8237661e-01   2.7929855e-02   4.0874337e-03   5.6293313e-02   1.3015154e-01   1.8652721e-02   3.1592756e-01   2.6458096e-01
   1.8345295e-01   1.5867612e-02   3.4207772e-02   3.9245448e-01   5.0719253e-03   1.4722415e-01   4.6694330e-02   1.7502679e-01
   1.8391672e-01   5.9296565e-02   2.4178179e-03   3.4578703e-02   2.0676363e-01   1.1469417e-01   1.5316089e-01   2.4517150e-01
   1.8545931e-01   2.0670427e-02   2.0464274e-01   1.4160895e-01   1.3919500e-02   1.6283126e-02   9.1647071e-02   3.2576887e-01
   1.8777969e-01   4.6446274e-02   2.5544648e-02   2.5704222e-01   8.7306534e-03   2.9308632e-01   1.4559561e-01   3.5774578e-02
   1.9195388e-01   2.7560631e-01   1.1362293e-01   9.2495976e-03   6.8320959e-02   4.7553213e-03   3.5883925e-03   3.3290260e-01
   1.9403111e-01   2.2491369e-03   6.0336464e-02   1.4357573e-01   7.7256034e-03   2.7956447e-01   5.2383639e-02   2.6013385e-01
   1.9404029e-01   1.7848875e-01   1.4572675e-01   4.6727507e-02   2.7872711e-02   1.1201781e-02   1.3048831e-01   2.6545390e-01
   1.9479600e-01   4.0881393e-02   2.5050993e-01   1.3238410e-01   2.5381147e-01   1.6010316e-02   1.1145862e-01   1.4818187e-04
   1.9492050e-01   6.7633400e-02   1.0647684e-01   1.8377584e-01   2.9092361e-02   1.1576627e-01   1.0132937e-01   2.0100542e-01
   1.9579791e-01   1.5406410e-01   1.1322060e-01   1.5756101e-01   1.2192639e-01   5.0779109e-02   1.4090275e-02   1.9256061e-01
   1.9712639e-01   3.3142592e-01   1.2494272e-02   1.5355896e-02   1.9769141e-01   1.0983809e-01   6.0674346e-02   7.5393668e-02
   1.9738648e-01   1.6554550e-01   4.8669639e-03   9.8557569e-02   1.5112045e-02   1.0028921e-01   9.9250091e-02   3.1899214e-01
   1.9753327e-01   1.2770115e-01   1.4467693e-01   1.6310356e-01   1.1371119e-02   2.5293693e-01   9.1202938e-02   1.1474113e-02
   1.9901330e-01   1.8420655e-02   1.2984500e-01   2.4945028e-01   3.7221693e-03   2.1024658e-01   2.0749547e-03   1.8722707e-01
   1.9902807e-01   1.2797360e-01   5.5054534e-02   1.7148094e-02   2.2713586e-03   1.0415723e-01   3.7541401e-01   1.1895310e-01
   2.0045378e-01   3.8811403e-02   1.5176541e-02   3.3957978e-01   1.5915165e-01   7.0903340e-03   1.9175455e-01   4.7981972e-02
   2.0137411e-01   2.3135846e-01   9.1620455e-02   7.8226071e-04   2.3853289e-01   7.1267648e-02   1.1242256e-02   1.5382192e-01
   2.0223425e-01   1.7118403e-01   2.5351815e-01   7.9662441e-02   8.9669018e-02   8.1473848e-02   4.5009522e-03   1.1775730e-01
   2.0381535e-01   1.2694197e-02   2.5030804e-01   1.3346243e-02   1.8647432e-01   6.2708426e-02   2.6224854e-01   8.4048819e-03
   2.0386808e-01   2.0192897e-01   1.9740286e-01   2.0885520e-01   5.5808288e-02   3.3683341e-02   6.6537588e-02   3.1915669e-02
   2.0624259e-01   1.5103125e-02   3.5205026e-01   2.4425585e-01   2.6999459e-02   5.2612534e-02   5.2346123e-02   5.0390055e-02
   2.0718374e-01   3.4070581e-02   6.6701072e-02   2.2911908e-01   4.1012878e-01   2.4291351e-02   1.7889841e-02   1.0615565e-02
   2.0882769e-01   2.9784279e-03   6.8511374e-02   1.9237057e-01   2.0419562e-01   2.1863509e-02   2.3415222e-01   6.7100596e-02
   2.1069569e-01   3.2378372e-01   2.5665627e-02   6.1241356e-02   2.2559761e-02   2.7643034e-02   3.2180040e-01   6.6104182e-03
   2.1458612e-01   7.4118885e-02   3.2705124e-02   2.0031205e-01   1.8931489e-01   3.2189397e-02   8.0186307e-02   1.7658722e-01
   2.1517663e-01   2.2979701e-01   1.3517866e-01   1.1641534e-01   1.6446370e-01   4.7738096e-03   9.5563822e-02   3.8631029e-02
   2.1613868e-01   2.1986968e-01   7.4094930e-02   2.9087936e-01   1.0417014e-02   1.1976449e-01   2.7767188e-02   4.1068660e-02
   2.1757363e-01   7.7663775e-02   1.4405721e-02   3.4961312e-02   1.7036232e-03   2.8703305e-01   2.6166633e-01   1.0499257e-01
   2.1768211e-01   1.1836264e-03   2.2167188e-01   5.5574343e-02   4.2995876e-02   2.0231533e-01   1.3476930e-01   1.2380754e-01
   2.1902703e-01   1.3532791e-01   2.6195651e-02   7.9669966e-02   3.1779394e-01   4.3482689e-03   4.5056562e-02   1.7258067e-01
   2.2041934e-01   2.1709160e-02   9.7533524e-03   8.8434134e-03   1.0419619e-01   2.4829967e-01   1.6513171e-01   2.2164716e-01
   2.2123785e-01   1.2291940e-01   2.4858634e-02   2.0846344e-01   1.9193177e-02   2.9328453e-02   3.4828829e-01   2.5710756e-02
   2.2320032e-01   9.6643212e-02   2.5155587e-02   2.1564430e-01   9.1635877e-02   1.3667352e-01   2.0326785e-01   7.7793299e-03
   2.2555892e-01   3.9266514e-03   1.3343240e-03   2.1285905e-01   1.6982197e-01   2.7695550e-01   1.9587915e-02   8.9955663e-02
   2.2774931e-01   3.5128143e-03   1.5216429e-02   1.4100584e-01   2.3605298e-01   1.5283656e-01   1.8724626e-01   3.6379813e-02
   2.2827163e-01   5.3454761e-03   1.8016234e-02   1.1779846e-01   1.9798060e-04   4.5931499e-02   2.0827559e-01   3.7616314e-01
   2.2889795e-01   4.0804320e-02   1.6772823e-01   1.4395653e-03   4.1144790e-01   2.4333560e-02   1.6762497e-03   1.2367223e-01
   2.3096984e-01   1.2232986e-02   2.2607466e-01   1.7329297e-01   8.5043232e-02   2.4421567e-01   4.0637534e-03   2.4106887e-02
   2.3252689e-01   1.6238286e-03   3.5621482e-01   4.1504764e-02   1.7831691e-01   4.0336979e-02   5.0602587e-03   1.4441555e-01
   2.3559796e-01   9.7882911e-02   2.5770794e-01   1.1988216e-02   1.5948561e-02   4.8113790e-02   2.3385514e-01   9.8905485e-02
   2.3602027e-01   2.1767458e-01   1.5284177e-01   4.0247141e-02   2.8039672e-01   1.4552596e-02   2.3894821e-02   3.4372102e-02
   2.3640308e-01   9.0088596e-03   1.0955538e-01   3.7059780e-01   7.0589954e-03   1.7044757e-01   4.3079721e-02   5.3848595e-02
   2.3669264e-01   5.4821028e-02   1.4846161e-01   1.6082743e-01   1.1045216e-02   1.6049603e-01   2.1031997e-01   1.7336072e-02
   2.3931097e-01   1.9755326e-02   1.6101782e-01   2.2409855e-01   1.0563309e-01   2.2746207e-02   1.0045889e-01   1.2697914e-01
   2.3933570e-01   6.9343223e-02   1.1609858e-01   6.6320520e-02   3.0186663e-01   1.0719237e-01   8.5026062e-02   1.4816913e-02
   2.3969143e-01   2.9519291e-01   5.5984913e-03   1.0886569e-01   2.4727411e-01   1.0082151e-02   8.9152423e-02   4.1427919e-03
   2.4284198e-01   8.9933770e-02   2.3633550e-01   2.2169791e-01   8.8704334e-03   5.8948908e-03   1.3156785e-01   6.2857667e-02
   2.4328911e-01   4.4253330e-02   3.7287341e-02   8.6587732e-02   2.4212456e-02   4.4052700e-01   9.6090218e-02   2.7752816e-02
   2.4413722e-01   2.5253083e-01   2.3473396e-02   3.3405881e-02   4.2238759e-02   1.7596370e-01   8.5011112e-02   1.4323910e-01
   2.4542442e-01   1.9144983e-02   2.8514515e-02   3.7677985e-01   1.6455200e-01   1.2620825e-01   3.4669896e-02   4.7060883e-03
   2.4945775e-01   2.3508501e-01   1.0991657e-01   9.0449460e-03   5.6704549e-02   6.2688791e-02   2.6879838e-01   8.3040093e-03
   2.4947188e-01   1.3198621e-02   7.9457657e-03   4.1328926e-02   1.7605570e-01   1.2674085e-01   3.0109450e-01   8.4163759e-02
   2.5197051e-01   1.5255530e-03   5.0851767e-04   3.2036613e-02   1.3526570e-01   5.3648614e-02   4.5156369e-01   7.3480803e-02
   2.5337548e-01   1.0658424e-02   2.7037209e-01   4.2947661e-02   3.7177715e-02   2.5532423e-02   1.5733460e-01   2.0260160e-01
   2.5507795e-01   2.3662623e-01   2.4285795e-02   1.5007529e-01   1.8763418e-02   2.2376211e-02   2.4175440e-02   2.6861966e-01
   2.5947351e-01   1.3354603e-01   3.3238509e-03   6.0232162e-02   4.3927992e-01   2.4209979e-02   1.1764028e-02   6.8170521e-02
   2.6050706e-01   2.2001021e-01   1.8870172e-01   1.4973626e-02   4.0837162e-03   3.0678918e-01   2.8926323e-03   2.0418581e-03
   2.6076738e-01   1.9070811e-02   2.1714459e-02   6.8092635e-02   3.0123022e-01   7.3570410e-04   2.8869037e-01   3.9698420e-02
   2.6083314e-01   2.2062448e-02   7.8621935e-02   2.0030939e-01   2.6098352e-01   6.1567952e-02   9.6093031e-02   1.9528582e-02
   2.6169286e-01   3.7246734e-01   2.1208105e-02   1.0168529e-01   1.3444423e-02   1.5527362e-02   5.4156410e-02   1.5981822e-01
   2.6233807e-01   1.2800390e-01   6.0908571e-04   3.1639369e-02   2.2235266e-01   1.5319270e-01   1.1679552e-03   2.0069627e-01
   2.6253685e-01   4.0671658e-02   2.8388193e-01   5.4155726e-03   1.2122704e-01   2.3706934e-01   4.7446036e-02   1.7515673e-03
   2.6493440e-01   2.6109865e-02   1.2760634e-01   3.5693981e-01   1.4835743e-01   1.8536112e-02   1.6040707e-03   5.5911968e-02
   2.6546077e-01   6.0131997e-02   4.1114642e-01   3.0799316e-02   2.1755072e-02   7.4065021e-02   2.1021755e-02   1.1561965e-01
   2.6625798e-01   6.9757770e-02   1.1399866e-01   5.2084674e-02   1.5382444e-01   3.1501035e-01   2.0786766e-02   8.2793686e-03
   2.6698885e-01   2.4581915e-01   1.5973036e-02   3.5352321e-02   1.9671853e-01   2.7787394e-02   2.0865755e-01   2.7031739e-03
   2.7184145e-01   1.9956915e-01   8.4564245e-02   2.5647757e-01   7.2415338e-04   3.6600186e-03   5.7865228e-02   1.2529818e-01
   2.7282005e-01   2.4539561e-01   1.4085360e-02   7.3081364e-02   1.7819011e-01   1.4431178e-02   2.0487673e-02   1.8150866e-01
   2.7694360e-01   9.8733565e-02   3.7350729e-02   8.1716853e-02   1.5881210e-01   2.1639013e-02   4.1347257e-02   2.8345688e-01
   2.7814355e-01   8.0445758e-02   3.4314649e-01   1.1756499e-01   8.8991922e-02   1.5138373e-02   6.2793227e-02   1.3775693e-02
   2.7868384e-01   1.2727098e-02   1.6065312e-01   1.9314584e-01   1.0834684e-01   3.2886006e-02   2.0830310e-01   5.2541484e-03
   2.8461157e-01   2.3659590e-01   1.5511682e-01   3.0001494e-03   1.0944222e-01   4.2156424e-02   7.8533613e-03   1.6122355e-01
   2.8795372e-01   1.8195211e-01   2.5652782e-01   6.0534249e-03   1.9550388e-01   6.2957104e-02   5.3104931e-03   3.7414425e-03
   2.8802772e-01   2.0388508e-02   1.5662773e-01   8.2111658e-02   3.0126773e-02   1.7559559e-01   3.1935541e-02   2.1518648e-01
   2.8918786e-01   6.3393479e-02   2.0691105e-01   4.5231038e-02   2.0150512e-01   6.8979576e-03   1.5580812e-01   3.1065365e-02
   2.8971483e-01   2.8089300e-02   1.6563784e-02   7.6353737e-02   1.7108514e-01   1.9365064e-01   8.8425445e-02   1.3611713e-01
   2.9274937e-01   2.0396171e-01   4.4041716e-02   3.2537745e-03   4.7920583e-02   3.3785751e-01   6.1993091e-02   8.2222482e-03
   2.9279753e-01   7.0632739e-02   2.7255738e-02   3.0871319e-01   9.1344811e-03   1.5245372e-02   2.3737253e-01   3.8848409e-02
   2.9728493e-01   1.6907486e-02   8.6285557e-02   8.7015666e-02   2.6363387e-01   5.7969382e-02   2.5605634e-02   1.6529748e-01
   2.9740729e-01   2.4171846e-01   2.7024979e-01   9.5923708e-03   5.5158243e-02   8.8892908e-02   6.1571963e-03   3.0823743e-02
   3.0065180e-01   1.0418365e-02   3.0178757e-02   4.7070830e-03   1.5929399e-01   4.8268681e-01   3.4061763e-03   8.6570123e-03
   3.0166320e-01   1.4744426e-01   1.0717051e-01   1.2542372e-01   9.3145933e-04   3.2124236e-03   1.6635320e-01   1.4780122e-01
   3.0238047e-01   9.1637951e-02   8.2830250e-02   1.0555765e-02   1.1785242e-01   8.5522484e-03   2.3820436e-01   1.4798653e-01
   3.0240111e-01   5.9566974e-02   1.3818023e-01   1.8517605e-02   1.2633515e-01   1.9807377e-01   1.4198343e-01   1.4941724e-02
   3.0369390e-01   4.4361642e-01   3.3299367e-02   3.4928574e-02   2.7116654e-02   9.7685222e-02   4.0482171e-02   1.9177689e-02
   3.0761117e-01   1.1685806e-01   4.6479813e-02   3.6419778e-01   6.9244243e-02   7.2737620e-02   3.4228678e-03   1.9448443e-02
   3.0826156e-01   1.4352362e-01   1.5057624e-02   5.8631625e-03   3.1159697e-01   1.7205244e-01   4.1595991e-02   2.0486407e-03
   3.0840652e-01   3.3293317e-01   4.4573714e-02   8.5911855e-03   5.3992270e-02   6.5580524e-02   1.7828482e-01   7.6378017e-03
   3.1199044e-01   2.3934540e-02   2.9633001e-01   4.1033336e-03   6.2305616e-02   4.0451256e-02   8.9029142e-03   2.5198188e-01
   3.1742286e-01   3.2191455e-02   2.1902736e-01   9.7538260e-02   4.8695649e-02   1.6542487e-01   9.2163559e-02   2.7535988e-02
   3.1772825e-01   7.5874022e-04   1.9531313e-01   1.8255925e-01   3.8321918e-02   3.9591771e-02   1.3982986e-02   2.1174395e-01
   3.1773623e-01   3.1647665e-02   1.0573986e-01   1.6492555e-01   4.3922203e-02   2.9980697e-01   8.1859764e-03   2.8035549e-02
   3.1800026e-01   1.6138124e-02   4.3963067e-02   1.4558121e-01   7.8729960e-02   5.3661741e-02   2.5894910e-01   8.4976546e-02
   3.2139446e-01   1.8640894e-01   6.5796925e-03   1.2288821e-01   1.9450865e-02   1.5518177e-01   1.8151455e-01   6.5815146e-03
   3.2474175e-01   1.7366221e-01   1.2888216e-01   1.1098985e-01   9.0166235e-02   1.3594714e-01   3.5181872e-02   4.2878342e-04
   3.2631665e-01   8.3350496e-02   2.7307336e-02   3.3813860e-02   9.6418870e-02   2.8999694e-02   3.4816467e-01   5.5628433e-02
   3.2696842e-01   4.1587336e-03   1.5397283e-01   1.5775415e-02   2.5713935e-01   2.1211093e-01   3.5966274e-03   2.6277691e-02
   3.3027634e-01   1.1759535e-02   1.9554266e-02   5.2904113e-02   2.8152320e-02   2.2547990e-01   1.5286429e-02   3.1658710e-01
   3.3114558e-01   2.8659507e-01   1.1515513e-01   1.3524264e-02   6.5632458e-03   1.6109785e-01   4.2760541e-02   4.3158313e-02
   3.3183300e-01   4.2787191e-03   2.7092401e-01   1.2419276e-03   1.3731426e-02   1.8626865e-01   2.1605147e-02   1.7011712e-01
   3.4156136e-01   1.3589713e-01   1.2470871e-01   9.5421325e-03   4.6330915e-02   1.5259989e-01   3.1451689e-02   1.5790816e-01
   3.4533299e-01   2.3879559e-01   1.2066970e-02   2.0795900e-02   3.5363206e-02   8.4902290e-03   3.3837895e-01   7.7616790e-04
   3.4744673e-01   1.3291019e-01   1.8961368e-01   1.8442762e-01   4.8045792e-03   4.6060147e-02   3.3689870e-02   6.1047179e-02
   3.4814240e-01   1.5467105e-01   5.6899264e-02   2.0361833e-01   6.8380089e-03   1.9389093e-02   1.9146511e-01   1.8976748e-02
   3.5520152e-01   9.5887884e-02   9.5860118e-03   1.6919450e-01   3.1798434e-02   9.9170939e-02   9.5815419e-03   2.2957917e-01
   3.6349692e-01   3.0257162e-02   1.9014047e-01   2.2100679e-01   1.2505601e-01   4.5514695e-03   4.0945230e-03   6.1396655e-02
   3.6945211e-01   7.1114652e-02   3.0160458e-02   3.2994569e-02   6.6347817e-03   5.8548093e-03   1.8141548e-01   3.0237314e-01
   3.7030711e-01   2.3028557e-02   2.5222234e-01   2.1062968e-02   1.7442245e-01   8.9746784e-02   6.0192376e-02   9.0174160e-03
   3.7100263e-01   7.0072908e-04   3.0775052e-03   5.7332768e-02   1.7992273e-01   3.0975943e-01   4.2105684e-02   3.6098526e-02
   3.7159862e-01   8.9104455e-03   1.3304635e-01   5.6517163e-03   2.2073634e-02   3.1751515e-01   6.0400107e-03   1.3516408e-01
   3.7340836e-01   2.0404800e-02   8.8004688e-02   1.1214132e-01   2.6810154e-01   8.9674032e-02   1.9220960e-02   2.9044295e-02
   3.7635829e-01   7.3987132e-02   1.4072026e-02   1.4629688e-01   1.5160338e-01   1.8034183e-02   1.4171020e-01   7.7937911e-02
   3.8342042e-01   1.4937877e-03   1.0455828e-01   2.6086305e-01   3.4177992e-02   1.4752328e-01   4.4250473e-02   2.3712719e-02
   3.8586082e-01   3.7638235e-01   6.3608161e-02   3.7619062e-02   2.6689159e-04   3.4658768e-02   5.6330414e-03   9.5970911e-02
   3.8898119e-01   5.9105100e-02   1.5414264e-01   6.3265847e-02   1.1865219e-02   2.6461697e-02   1.1272453e-01   1.8345379e-01
   3.9285654e-01   4.8102505e-03   5.9701699e-02   4.2729313e-02   1.8323447e-02   4.0726442e-01   5.1601377e-02   2.2712948e-02
   3.9955957e-01   1.6085492e-02   8.1638342e-02   9.2048316e-03   2.7386797e-01   6.9257378e-02   1.4048896e-01   9.8974534e-03
   4.0311119e-01   1.3157378e-01   3.3696079e-02   5.3234672e-03   1.5057337e-01   2.1213157e-01   5.4855979e-02   8.7345655e-03
   4.0585954e-01   9.9095218e-03   5.8380009e-02   4.3300302e-02   4.7824214e-02   5.3425248e-02   2.2188712e-02   3.5911245e-01
   4.2253185e-01   1.4781886e-02   6.7242389e-02   1.0942406e-01   5.7804081e-03   1.5310141e-01   1.8281476e-01   4.4323234e-02
   4.2270939e-01   5.7335582e-02   1.4333895e-02   1.1326588e-01   3.9347948e-03   5.3400787e-03   2.3974143e-01   1.4333895e-01
   4.2285769e-01   1.4576991e-02   3.2040159e-02   5.8081475e-03   4.3931511e-02   1.0984197e-03   4.7262754e-01   7.0595498e-03
   4.2756679e-01   1.2007976e-01   1.4889810e-01   6.4246333e-02   5.2725358e-03   1.1602120e-01   8.0073886e-02   3.7841395e-02
   4.4521498e-01   1.4724919e-01   8.3217753e-03   6.1257513e-02   9.4775774e-03   1.8515950e-01   5.0161812e-02   9.3157651e-02
   4.5251651e-01   1.7080392e-02   2.0701435e-01   1.2776133e-01   4.5092234e-02   2.3912548e-02   7.7203371e-02   4.9419267e-02
   4.5763583e-01   1.4347697e-01   3.0004050e-01   4.6625059e-02   2.7652997e-02   7.1833544e-03   8.9892197e-03   8.3960742e-03
   4.7606426e-01   3.6746686e-03   1.9685126e-02   2.6923532e-01   4.5517184e-02   7.0537866e-03   1.1216256e-01   6.6607095e-02
   4.9610014e-01   1.6867704e-02   3.9762622e-02   7.0750361e-02   1.8896435e-01   2.1725070e-02   1.1721573e-01   4.8614024e-02
   5.2665763e-01   5.2835044e-02   7.5106515e-02   8.6884080e-02   7.3451383e-02   1.4378645e-01   3.1248821e-02   1.0030076e-02
   5.6610029e-01   4.1225823e-03   2.4210392e-02   9.5510880e-02   2.2352106e-02   5.1851277e-02   1.1926107e-01   1.1659140e-01
   1.0000000e+00   0.0000000e+00   0.0000000e+00   0.0000000e+00   0.0000000e+00   0.0000000e+00   0.0000000e+00   0.0000000e+00
