   0.0000000e+00   0.0000000e+00   0.0000000e+00   0.0000000e+00   0.0000000e+00   0.0000000e+00   0.0000000e+00   0.0000000e+00   1.0000000e+00
   0.0000000e+00   0.0000000e+00   0.0000000e+00   0.0000000e+00   0.0000000e+00   0.0000000e+00   0.0000000e+00   1.0000000e+00   0.0000000e+00
   0.0000000e+00   0.0000000e+00   0.0000000e+00   0.0000000e+00   0.0000000e+00   0.0000000e+00   1.0000000e+00   0.0000000e+00   0.0000000e+00
   0.0000000e+00   0.0000000e+00   0.0000000e+00   0.0000000e+00   0.0000000e+00   1.0000000e+00   0.0000000e+00   0.0000000e+00   0.0000000e+00
   0.0000000e+00   0.0000000e+00   0.0000000e+00   0.0000000e+00   1.0000000e+00   0.0000000e+00   0.0000000e+00   0.0000000e+00   0.0000000e+00
   0.0000000e+00   0.0000000e+00   0.0000000e+00   1.0000000e+00   0.0000000e+00   0.0000000e+00   0.0000000e+00   0.0000000e+00   0.0000000e+00
   0.0000000e+00   0.0000000e+00   1.0000000e+00   0.0000000e+00   0.0000000e+00   0.0000000e+00   0.0000000e+00   0.0000000e+00   0.0000000e+00
   0.0000000e+00   1.0000000e+00   0.0000000e+00   0.0000000e+00   0.0000000e+00   0.0000000e+00   0.0000000e+00   0.0000000e+00   0.0000000e+00
   2.7255339e-04   2.5283236e-01   1.6862476e-01   1.5114701e-01   1.4126336e-01   5.1997066e-02   1.5680726e-01   3.2271774e-02   4.4783849e-02
   3.1454329e-04   2.1631836e-01   2.3186096e-02   5.8805883e-02   1.7839617e-01   1.4267914e-01   3.3132527e-02   3.1765487e-01   2.9512412e-02
   4.4286980e-04   1.7390021e-01   2.3885444e-01   6.0230292e-02   5.9049306e-04   2.2586360e-01   1.2252731e-02   4.2810747e-03   2.8358429e-01
   6.0240888e-04   1.1541557e-02   2.3383412e-02   1.3660270e-01   1.4814771e-02   1.0038082e-01   3.2621530e-01   3.2867666e-01   5.7782373e-02
   6.2010887e-04   8.6074612e-02   1.8368406e-01   2.4307959e-02   2.8406373e-01   8.9684523e-02   1.4819184e-02   1.2441651e-02   3.0430417e-01
   1.0546298e-03   4.6403712e-03   2.7103987e-01   3.9400970e-01   1.0124446e-01   4.6614638e-02   1.0272094e-01   5.4629825e-02   2.4045560e-02
   1.0761143e-03   1.7793069e-01   2.0564560e-01   1.1726589e-01   1.7953771e-01   8.7317891e-02   9.6699901e-03   1.4147628e-01   8.0079826e-02
   1.1114594e-03   4.0228566e-01   2.7490147e-02   7.7927829e-02   2.3022995e-01   3.4660442e-02   4.2648905e-02   1.2091689e-01   6.2728725e-02
   1.2477486e-03   1.9141512e-01   9.3037623e-02   1.8348847e-02   2.7149566e-01   2.0590517e-02   1.9979071e-01   1.2180095e-01   8.2272822e-02
   1.2980257e-03   2.5891112e-01   1.3554623e-01   2.9577351e-01   7.5290463e-02   3.0897112e-03   1.5727928e-01   1.2698615e-02   6.0113048e-02
   1.4226507e-03   2.1861246e-01   4.0495765e-02   2.7645794e-02   7.6907185e-03   2.2892333e-01   2.1372778e-02   1.3166771e-01   3.2216880e-01
   1.6985736e-03   6.2621844e-02   1.0577578e-02   2.2966747e-01   5.0799403e-02   1.8808606e-01   7.6389425e-02   3.4640578e-01   3.3753861e-02
   1.7659509e-03   1.2135416e-01   7.9075315e-02   1.8270746e-02   3.2849955e-02   3.0733072e-01   3.9687374e-01   4.5051143e-03   3.7974300e-02
   1.9039141e-03   1.5200518e-02   1.1102349e-01   1.4812174e-01   2.9981828e-02   1.6441056e-01   6.6280878e-03   2.8375183e-01   2.3897803e-01
   1.9456658e-03   1.7880614e-02   7.1910438e-02   7.5413200e-02   2.1639012e-01   2.1638728e-01   1.1754967e-02   2.1391200e-01   1.7440572e-01
   2.2871240e-03   2.3766721e-01   8.9149919e-02   1.5196537e-01   2.4129709e-01   1.7001738e-01   5.5587046e-02   3.6866394e-02   1.5162472e-02
   2.5653359e-03   2.7352894e-01   1.9400353e-01   2.4370691e-02   7.7280744e-02   3.1521565e-01   3.1425365e-02   8.0006413e-02   1.6033349e-03
   2.6388105e-03   2.7623382e-01   4.4847574e-03   3.2404388e-01   4.7137807e-03   7.3931228e-03   3.2037337e-01   8.9622730e-03   5.1156183e-02
   2.6969766e-03   2.6206210e-02   1.4773465e-01   4.2778441e-02   1.0032486e-01   2.5189734e-01   3.4275122e-01   6.7092333e-02   1.8517961e-02
   2.7069284e-03   1.0706229e-01   1.6274780e-01   2.4317752e-01   1.6052974e-01   2.2392878e-01   9.7485389e-04   1.4347616e-02   8.4524470e-02
   2.7131783e-03   8.8565891e-02   2.5193798e-03   1.0116279e-01   6.4728682e-02   3.8391473e-01   1.2655039e-01   1.7286822e-01   5.6976744e-02
   2.9174711e-03   1.9863731e-01   7.6936924e-02   6.8601051e-03   6.1934644e-03   1.0674655e-01   1.4277810e-01   3.6428306e-01   9.4647012e-02
   2.9994305e-03   1.8941597e-01   8.5689162e-02   3.3758161e-02   2.0442962e-02   1.6247788e-01   8.7167379e-02   2.0469493e-01   2.1335412e-01
   3.1431541e-03   2.5174577e-01   1.0661855e-01   4.9667527e-02   1.4758043e-01   1.3123267e-01   1.4435140e-01   1.2551402e-01   4.0146475e-02
   3.1716120e-03   4.5599035e-02   1.4190714e-01   2.6006035e-02   1.4883241e-01   2.5677184e-01   3.9413375e-02   2.8981168e-03   3.3540044e-01
   3.5778175e-03   2.4249652e-02   3.9753528e-04   3.8660306e-01   1.5205725e-01   1.4032995e-01   2.2102962e-01   6.1617969e-02   1.0137150e-02
   3.8114301e-03   5.4332578e-02   7.0817232e-02   1.4676185e-01   2.1182917e-01   2.5126247e-01   7.5672594e-03   2.3275172e-01   2.0866290e-02
   3.8307383e-03   1.0583582e-01   2.2927168e-01   2.3835324e-01   9.6379170e-02   1.0206999e-01   1.5913034e-02   7.2422318e-02   1.3592401e-01
   3.8535645e-03   3.0828516e-02   1.3294798e-01   4.5664740e-02   3.8535645e-03   1.6955684e-01   2.5375723e-01   3.5433526e-01   5.2023121e-03
   3.9047902e-03   1.7359436e-01   7.1963834e-03   7.8941349e-02   2.0079954e-01   2.2297895e-01   6.8300069e-02   1.9202108e-01   5.2263474e-02
   3.9186553e-03   2.7446128e-01   5.7894404e-03   2.0345952e-02   5.8333883e-02   9.3519555e-02   1.6280059e-01   2.9442673e-02   3.5138797e-01
   4.0160915e-03   1.2359875e-01   8.2919319e-02   4.3478052e-01   6.6481029e-03   1.9009397e-01   9.3432859e-02   1.2888429e-02   5.1621959e-02
   4.1455550e-03   3.8691847e-02   2.0267158e-02   4.4426532e-01   1.6052510e-01   4.9286043e-02   6.9783510e-02   1.6397973e-01   4.9055735e-02
   4.1673169e-03   7.2490303e-02   7.1018056e-03   2.2928732e-01   1.7499686e-01   3.9916262e-01   7.3064987e-03   7.7038398e-02   2.8448881e-02
   4.1697047e-03   2.7951675e-02   1.2114220e-02   6.3777342e-02   2.5002501e-01   1.5906545e-02   1.0380259e-01   2.2954017e-01   2.9271275e-01
   4.2553191e-03   3.8061466e-02   1.6548463e-02   2.2978723e-01   1.3191489e-01   1.0165485e-02   4.3593381e-01   1.0094563e-01   3.2387707e-02
   4.4509090e-03   1.1826241e-01   3.5210100e-01   2.1820993e-02   3.6023972e-02   2.7510959e-01   5.9043344e-03   4.2459367e-02   1.4386743e-01
   4.5685766e-03   3.5207704e-01   6.6065678e-03   3.9121989e-02   1.9876782e-01   1.1118570e-01   1.6130086e-01   7.1381100e-03   1.1923333e-01
   4.9318504e-03   8.4409681e-03   2.4916170e-02   3.1269863e-01   3.5858620e-01   4.2193512e-03   8.6785565e-02   1.8755108e-01   1.1870180e-02
   5.1463493e-03   1.8977163e-01   2.1968479e-01   3.0862014e-01   1.9572210e-01   5.5644902e-02   1.8494693e-02   4.6638791e-03   2.2515278e-03
   5.5004446e-03   4.1429453e-03   2.3849611e-01   1.2205801e-02   3.9630012e-02   2.2252022e-01   2.0046869e-01   2.5167817e-01   2.5357614e-02
   5.5197408e-03   2.5591007e-01   7.4178351e-02   5.5769854e-03   3.4907366e-02   1.4008613e-01   2.4644375e-01   3.1892884e-03   2.3418832e-01
   5.6285224e-03   1.8300940e-02   2.0482729e-02   1.4249278e-01   2.4366600e-01   5.8995255e-02   1.6321821e-01   1.3750505e-01   2.0971052e-01
   5.8805588e-03   2.1169644e-02   2.3698289e-01   4.1594672e-02   3.0710803e-03   1.8996231e-01   2.3422351e-01   4.5145996e-02   2.2196934e-01
   5.8938488e-03   1.3005079e-01   1.2995324e-01   2.1570399e-01   8.7360012e-02   2.7756635e-01   1.2818421e-01   2.4050959e-03   2.2882460e-02
   5.9070352e-03   9.8282791e-03   3.5718319e-02   1.6960674e-01   2.8604337e-01   2.5674415e-01   7.0445446e-03   7.6729042e-02   1.5237852e-01
   6.5030985e-03   1.4368037e-01   1.9279504e-01   1.0375753e-01   1.2716903e-02   1.1793895e-01   1.8516088e-03   1.3281105e-01   2.8794544e-01
   6.7735442e-03   1.0266932e-01   4.6223567e-02   5.3888430e-01   2.5304298e-02   1.4281398e-02   2.6779921e-02   2.4555108e-02   2.1452854e-01
   6.9866882e-03   2.7899493e-01   1.6616201e-02   2.2197900e-01   2.1943364e-01   2.4492869e-02   1.6094797e-01   1.4543923e-02   5.6004785e-02
   7.2309196e-03   1.9930151e-01   2.0302715e-01   8.3599045e-02   5.9906577e-02   5.8898436e-02   2.9003953e-01   7.5081992e-02   2.2914847e-02
   7.6049239e-03   3.2626816e-01   2.8748723e-02   1.3700357e-01   1.8053595e-01   9.8100960e-02   4.2728898e-02   5.1129826e-03   1.7389584e-01
   7.8027216e-03   1.0712662e-01   1.5134338e-01   2.4969213e-01   2.2308306e-01   3.5820167e-02   2.2272421e-01   1.6577084e-03   7.4998980e-04
   7.8103252e-03   8.9990700e-02   2.4142896e-01   1.5167171e-02   9.3571088e-02   2.4548449e-01   2.3612545e-01   1.1921013e-02   5.8500802e-02
   7.8234144e-03   1.1567477e-01   5.5043308e-01   2.0089410e-01   1.6485052e-02   8.9410450e-03   4.4705225e-03   4.8337524e-02   4.6940486e-02
   8.0306625e-03   1.1315934e-01   1.4601205e-02   3.4477094e-01   5.6579668e-03   7.6291294e-02   2.9841212e-01   1.3378354e-01   5.2929367e-03
   8.1730122e-03   6.0347078e-02   2.1247888e-01   1.5187878e-01   2.2186751e-01   8.6323935e-02   1.0290903e-01   1.2544049e-01   3.0581274e-02
   8.2548728e-03   2.6686063e-01   1.4022283e-02   3.7751040e-01   2.1361283e-02   1.4983318e-02   8.0639351e-02   8.1216991e-02   1.3515087e-01
   8.4820699e-03   3.4354369e-01   1.9339857e-01   1.1150121e-01   2.7346177e-03   1.1783987e-01   1.9613945e-01   1.5155199e-02   1.1205312e-02
   8.4916991e-03   1.1046680e-01   9.2150881e-02   2.7339513e-02   6.6990171e-02   2.2877902e-02   2.4763772e-01   3.3357483e-02   3.9068784e-01
   8.6180735e-03   1.4198979e-01   8.8697995e-02   1.2851603e-03   1.6050441e-01   7.3323571e-02   1.6711995e-01   1.7341783e-01   1.8504321e-01
   8.6384977e-03   2.9089202e-01   1.4084507e-02   1.0610329e-01   1.2563380e-01   6.5727700e-03   6.5727700e-02   3.2676056e-01   5.5586854e-02
   8.7396504e-03   5.3664520e-03   1.0272922e-02   7.5590310e-02   6.8690586e-02   2.4655014e-01   2.2677093e-01   2.8564857e-01   7.2370439e-02
   8.7675738e-03   9.4021866e-02   2.5900511e-02   2.2192724e-01   2.2782847e-01   1.5264775e-01   1.1820063e-01   1.0277094e-01   4.7935026e-02
   8.8385649e-03   2.8855556e-02   2.2695364e-02   3.1969835e-01   1.6597505e-01   2.6186532e-01   3.4786483e-03   1.7379657e-01   1.4796574e-02
   8.8521991e-03   1.1491127e-01   2.3570968e-01   4.8698698e-02   2.3482804e-01   4.2817632e-02   1.4622823e-01   4.0486607e-02   1.2746764e-01
   9.0944359e-03   7.4322731e-02   2.5445660e-01   1.2153792e-01   8.2512383e-02   1.4691973e-01   1.2336140e-01   1.7507779e-01   1.2717013e-02
   9.4853444e-03   5.9631867e-02   1.3539653e-02   2.5799197e-01   2.0469491e-01   1.3402443e-04   2.0407995e-01   9.9159222e-02   1.5128306e-01
   9.8223174e-03   3.1656889e-02   2.1722048e-01   2.2664882e-01   1.1744809e-02   2.2716730e-01   2.1962684e-01   1.0303392e-02   4.5809145e-02
   9.8519539e-03   9.2074972e-03   1.0300659e-01   9.4273148e-02   3.5373235e-01   1.3083335e-01   9.9477149e-03   7.9325807e-02   2.0982159e-01
   9.9449792e-03   6.4734554e-02   1.4113022e-02   3.3166894e-01   1.1661698e-01   6.4623562e-02   4.0232623e-02   2.8601052e-01   7.2054822e-02
   1.0053719e-02   1.3661982e-02   2.5259473e-02   1.1137573e-01   3.5897628e-01   1.0015119e-01   1.6527302e-01   2.5602314e-02   1.8964629e-01
   1.0132585e-02   2.8373312e-01   1.4650755e-01   2.8095718e-01   3.8019946e-02   3.3017637e-02   2.7786532e-02   1.5280208e-01   2.7043371e-02
   1.0149090e-02   1.7193245e-01   8.0262436e-03   1.5850849e-01   2.7180097e-01   4.6428785e-04   5.4876974e-03   8.4324410e-02   2.8930637e-01
   1.0795625e-02   1.7460548e-01   2.6315425e-02   7.6668951e-03   3.4221474e-01   3.1797901e-02   2.3360384e-01   1.1827139e-02   1.6117295e-01
   1.1043952e-02   3.2720947e-02   1.6957308e-01   5.7560096e-02   1.5120632e-03   1.7692605e-01   1.2830304e-01   2.3050195e-01   1.9185882e-01
   1.1053147e-02   3.0658817e-01   4.7074574e-02   2.3064415e-01   4.1069557e-02   9.1818100e-02   7.9525923e-02   8.1980500e-02   1.1024587e-01
   1.1057837e-02   1.1651581e-01   3.5573273e-02   5.8999087e-02   1.6844578e-01   3.7833934e-03   2.5327874e-01   2.8007399e-01   7.2272080e-02
   1.1202817e-02   6.1684770e-03   4.7017047e-02   3.6217412e-01   3.0423571e-01   1.2061399e-01   1.0307044e-01   3.1377963e-02   1.4139431e-02
   1.1313543e-02   3.8644975e-03   1.5476339e-01   2.9541432e-01   8.9884392e-02   4.4699063e-02   3.8829701e-02   4.8732880e-02   3.1249821e-01
   1.1386632e-02   4.7940742e-02   1.2889410e-01   3.9286713e-02   8.2214236e-02   2.0518745e-02   1.4210504e-01   4.1566118e-01   1.1199261e-01
   1.1428914e-02   3.5862687e-01   1.1014127e-01   1.5214349e-02   3.1886455e-04   3.7308233e-01   6.3103417e-03   1.0912250e-02   1.1396481e-01
   1.1437203e-02   3.4613725e-01   2.7643505e-01   1.5429435e-01   3.5174795e-02   1.1782477e-01   7.9844627e-03   3.5174795e-02   1.5537333e-02
   1.1609392e-02   7.1774623e-03   8.2428818e-03   2.6646084e-01   2.8361000e-03   3.2225111e-01   1.6010578e-01   1.1444601e-01   1.0687043e-01
   1.2074830e-02   9.6598639e-02   1.5306122e-03   6.3435374e-02   1.9387755e-02   2.6224490e-01   3.3197279e-01   1.8537415e-01   2.7380952e-02
   1.2361576e-02   6.2838012e-02   4.6252897e-01   2.7298481e-02   5.7172289e-02   2.0602627e-03   1.1073912e-02   8.0607777e-02   2.8405872e-01
   1.2615941e-02   8.7861410e-02   2.7242009e-01   1.3975318e-02   2.7406444e-01   1.3199488e-02   5.4379062e-02   1.7112942e-01   1.0035482e-01
   1.3390222e-02   1.7717827e-01   3.9812692e-02   3.2624316e-01   1.3296365e-01   1.4425661e-01   3.0394225e-02   1.0478861e-01   3.0972557e-02
   1.3771364e-02   8.2712022e-02   2.0374500e-01   1.8279732e-01   1.6181854e-01   6.7026831e-02   1.5411668e-01   1.2572626e-02   1.2143962e-01
   1.3829983e-02   6.6490789e-02   1.6953027e-01   2.9936267e-02   2.1760344e-01   2.1853971e-01   6.1992064e-02   1.8417409e-01   3.7903381e-02
   1.3979664e-02   1.9528311e-01   1.9725108e-01   1.6884614e-01   1.2645031e-02   4.7265786e-03   1.6537873e-01   1.1837210e-01   1.2351757e-01
   1.4009924e-02   1.5727170e-01   1.6553595e-02   3.6568372e-01   1.9079067e-02   1.8690120e-02   8.2673691e-02   3.5139302e-02   2.9089889e-01
   1.4426729e-02   2.6283320e-01   2.9411269e-02   2.2856449e-01   8.3662053e-02   1.9294085e-01   1.3756770e-01   2.8016669e-04   5.0313552e-02
   1.4559967e-02   4.5610223e-02   1.6885661e-01   7.3031969e-02   1.8045388e-01   1.1367714e-01   2.3288044e-01   8.3184323e-02   8.7745447e-02
   1.4703459e-02   2.6969928e-02   3.2933485e-02   2.3924393e-01   1.0683235e-01   1.6201960e-01   4.6367848e-02   2.2574901e-01   1.4518039e-01
   1.4773741e-02   9.1286872e-02   1.8362228e-01   1.5453386e-01   4.7280594e-02   1.9663071e-01   1.2043438e-01   6.5808939e-02   1.2562863e-01
   1.5542216e-02   4.6753365e-02   2.7951432e-01   1.3404450e-01   1.1328263e-02   2.7959624e-01   4.1597405e-02   1.0649813e-02   1.8097388e-01
   1.5570261e-02   1.9462826e-01   3.8049825e-01   1.1560919e-01   2.8804982e-02   1.1599844e-01   3.9509537e-02   9.9260413e-03   9.9455041e-02
   1.5811399e-02   1.9867493e-02   1.3693976e-01   7.7102822e-02   1.6369022e-02   7.0275046e-03   1.4809504e-01   2.3520009e-01   3.4358687e-01
   1.5977568e-02   9.9884728e-02   5.3173787e-02   8.3759959e-02   3.4956618e-01   6.9458527e-02   8.7098717e-02   1.3107199e-01   1.1000854e-01
   1.5997580e-02   2.1976044e-01   3.4446280e-02   1.3096056e-01   3.8249341e-02   1.4357879e-02   3.6798333e-01   1.5228418e-02   1.6301618e-01
   1.6161652e-02   3.0304292e-01   2.1328159e-01   2.2534789e-02   3.7763743e-01   4.6696996e-03   1.2510707e-02   3.6989942e-02   1.3171262e-02
   1.6403861e-02   8.6849476e-02   9.6507379e-02   1.0800403e-01   1.7779708e-01   3.7932101e-01   9.3988214e-02   1.3776663e-02   2.7352292e-02
   1.6474477e-02   2.2743032e-01   7.1524622e-03   9.3492051e-02   2.5044955e-01   2.0994294e-01   2.7675680e-02   1.9596102e-02   1.4778642e-01
   1.6544118e-02   1.1817227e-02   1.3130252e-03   4.6664916e-01   1.0084034e-01   2.6260504e-04   3.0225840e-01   5.3834034e-02   4.6481092e-02
   1.7042520e-02   3.6322947e-02   2.3532450e-01   7.0063694e-02   3.3844035e-01   8.4007574e-02   1.9056636e-01   1.7214667e-02   1.1017387e-02
   1.7115663e-02   2.2185005e-01   1.3825369e-01   1.3253649e-01   1.3814218e-02   2.5304480e-01   1.1621835e-03   2.5626995e-02   1.9659592e-01
   1.7189679e-02   1.6961302e-01   2.4490783e-02   1.2719098e-01   1.0130364e-01   1.3035267e-01   2.8795025e-02   4.4958118e-02   3.5610608e-01
   1.7232711e-02   1.5859306e-01   4.3678638e-02   2.7405087e-01   1.4247204e-02   2.1147489e-01   2.8284454e-02   2.2011682e-01   3.2321356e-02
   1.7844564e-02   2.0896924e-02   3.9915473e-03   8.4526884e-02   1.6670580e-01   1.2491195e-01   3.5548251e-01   2.0192533e-01   2.3714487e-02
   1.7981035e-02   2.8732707e-01   2.2113104e-01   1.9045180e-02   6.4356501e-02   6.8827025e-02   5.6922315e-03   1.8109672e-01   1.3454320e-01
   1.8143866e-02   9.1522158e-03   7.5465639e-03   2.7569043e-01   3.8535645e-03   1.6393706e-01   2.1339114e-01   9.6339114e-03   2.9865125e-01
   1.8293203e-02   7.7496573e-04   1.9760108e-01   8.6177995e-04   2.8369841e-01   3.1556783e-02   1.4983308e-01   3.3687460e-02   2.8369324e-01
   1.8784377e-02   7.3027110e-03   1.2782980e-01   6.7695335e-02   1.3352735e-02   2.0370509e-01   1.2494026e-02   1.4576615e-01   4.0306978e-01
   1.8820029e-02   1.4716480e-01   1.3693013e-01   1.4193497e-01   3.1007788e-02   1.7536675e-01   2.8754013e-02   1.8798417e-01   1.3203734e-01
   1.8831345e-02   4.7195077e-02   1.7906245e-01   6.2079162e-03   2.4532465e-01   2.4906254e-01   1.8495540e-01   3.5914047e-02   3.3446575e-02
   1.9006361e-02   2.4595449e-02   1.2821857e-03   2.6610019e-02   1.3418671e-01   2.4467558e-01   2.5494705e-01   1.7297929e-02   2.7739871e-01
   1.9163738e-02   6.6936963e-02   9.6906946e-02   2.6638021e-01   2.3091350e-02   7.6003691e-02   1.9430592e-01   1.1324309e-01   1.4396809e-01
   1.9245772e-02   3.9376707e-01   2.7720211e-02   2.5510324e-01   1.4516933e-01   7.4220670e-02   6.8432448e-02   3.6887418e-03   1.2652521e-02
   1.9773698e-02   1.5193366e-01   7.1391636e-02   2.1572360e-01   1.1013071e-01   4.3621830e-02   7.5992499e-02   1.1706004e-01   1.9437232e-01
   1.9861287e-02   1.7640129e-04   8.2797263e-02   8.3663062e-03   2.9644473e-01   1.3560290e-01   3.5219883e-01   7.7854183e-02   2.6698103e-02
   1.9927585e-02   1.1169152e-01   1.5859995e-01   3.3340774e-02   2.0548278e-01   2.0123515e-01   1.0678486e-01   2.2583468e-02   1.4035392e-01
   1.9939054e-02   2.7013159e-01   9.6310822e-03   1.5788698e-03   9.3285819e-02   3.2210208e-02   2.4822395e-02   2.6548469e-01   2.8291629e-01
   2.0061606e-02   1.9381593e-01   1.3804768e-02   9.1981309e-02   3.4622015e-03   9.2753906e-02   2.3070429e-01   2.0763086e-01   1.4578513e-01
   2.1023009e-02   3.7079954e-02   3.2660156e-01   5.1316007e-02   9.2699884e-03   8.4588644e-02   3.2511174e-01   1.2895216e-01   1.6056944e-02
   2.1064302e-02   3.1966001e-02   1.4338507e-01   2.7217295e-01   1.7184035e-02   8.3148559e-03   3.4257206e-01   4.3237251e-02   1.2010347e-01
   2.1365840e-02   1.1089994e-01   2.0102889e-01   2.9216586e-03   6.6947713e-02   3.0356140e-01   1.0427599e-01   4.7091518e-02   1.4190704e-01
   2.1894737e-02   1.7600000e-01   2.5052632e-02   2.4631579e-02   2.9052632e-02   4.0989474e-01   7.4526316e-02   3.7684211e-02   2.0126316e-01
   2.2574126e-02   6.5796746e-03   1.0309297e-01   2.6192557e-01   2.5441360e-02   7.6182059e-02   1.5708129e-03   1.9190457e-01   3.1072887e-01
   2.2593008e-02   5.4680498e-02   1.0120605e-02   2.4719679e-01   9.4633613e-02   2.5744786e-01   1.2947252e-01   2.6015994e-02   1.5783912e-01
   2.3938774e-02   2.2652304e-01   7.0836631e-02   5.8809013e-02   9.1470702e-02   2.0516848e-02   1.6235471e-02   4.5725916e-01   3.4410368e-02
   2.4379164e-02   2.9588128e-01   2.4560872e-01   6.9806178e-02   3.0284676e-04   8.1768625e-03   1.3022411e-02   1.0963053e-01   2.3319200e-01
   2.5486095e-02   3.1654906e-02   2.7079156e-01   1.3694870e-02   3.6614675e-02   3.4733470e-02   1.7851204e-01   2.9735231e-01   1.1116008e-01
   2.5820216e-02   2.4604779e-01   4.7351050e-02   1.1022972e-01   1.2665823e-01   1.7817991e-01   2.4775290e-01   7.4264089e-03   1.0533776e-02
   2.6116952e-02   3.8660593e-02   5.6965371e-02   2.5527748e-01   1.1435567e-01   6.3125638e-02   1.7796699e-01   2.6587423e-01   1.6570772e-03
   2.6711185e-02   9.3489149e-02   1.0246244e-01   1.0788815e-01   2.4415693e-02   1.3355593e-02   3.4849750e-02   3.8939900e-01   2.0742905e-01
   2.6886819e-02   2.6670519e-01   1.0636584e-02   2.4058836e-01   3.2635450e-01   2.9896888e-02   1.7832439e-02   6.0780721e-02   2.0318502e-02
   2.7122315e-02   4.3540899e-02   3.0739639e-01   1.3822740e-01   2.8204808e-01   2.1357267e-03   4.8805921e-03   4.4059640e-03   1.9024263e-01
   2.8614156e-02   1.1358116e-01   1.2652497e-01   8.6946657e-02   3.1434785e-02   3.1916080e-01   1.5039370e-01   1.3565523e-01   7.6885399e-03
   2.8900616e-02   3.0615658e-01   8.3149279e-02   1.6523777e-02   2.8219870e-01   1.2822960e-01   2.3331840e-02   1.0379938e-02   1.2112966e-01
   2.9335559e-02   6.1049416e-02   1.3289437e-03   9.6924816e-02   2.6566297e-01   1.1329481e-02   3.0081054e-01   5.8014880e-02   1.7554339e-01
   2.9533499e-02   1.0120537e-01   1.3107283e-01   1.1720542e-01   6.0633474e-02   7.2748752e-02   1.6023356e-01   1.4036328e-01   1.8700382e-01
   2.9535416e-02   2.8447605e-01   1.0856948e-02   1.0962200e-01   1.0091061e-01   6.3355541e-02   2.1480940e-01   1.7978112e-01   6.6529022e-03
   2.9555760e-02   9.6170547e-02   2.4869107e-01   6.2932556e-02   3.1386767e-02   2.1198120e-01   1.2304867e-03   2.7864322e-01   3.9408392e-02
   2.9609956e-02   3.6735770e-01   1.1831108e-01   4.2063946e-01   9.5334135e-03   2.4977912e-02   9.0247672e-03   1.9965743e-02   5.7996488e-04
   2.9941134e-02   2.2933582e-02   2.1839259e-02   3.6742395e-02   2.9138062e-01   2.7776041e-01   2.9855937e-01   1.2364825e-02   8.4784018e-03
   3.0308791e-02   2.8005271e-03   2.2065963e-01   2.4723706e-01   1.3689166e-01   7.7368660e-03   4.8398240e-02   2.9944246e-01   6.5247690e-03
   3.0618706e-02   2.0404135e-01   4.9354238e-02   2.3380419e-01   1.1592449e-02   2.7607655e-02   2.3364396e-01   1.4177180e-01   6.7565654e-02
   3.1699065e-02   2.6652724e-03   4.1613500e-01   1.9373205e-01   5.5153404e-02   1.4427694e-01   2.6008120e-02   7.0902878e-03   1.2323987e-01
   3.1744556e-02   1.6582478e-01   3.0355764e-02   1.8391473e-01   2.4788698e-01   1.4301201e-02   4.2383441e-02   2.1733192e-01   6.6256617e-02
   3.1979577e-02   1.5340897e-01   3.2642523e-01   2.3663671e-01   3.6958356e-02   1.5357301e-02   1.8920192e-01   9.5646031e-03   4.6732767e-04
   3.2528011e-02   1.1601065e-02   2.9809481e-01   6.9231086e-02   1.6911623e-01   1.2300303e-01   2.6640773e-01   1.9982753e-02   1.0035285e-02
   3.2604533e-02   1.4282910e-01   1.4217432e-01   2.1780317e-01   3.3704898e-01   3.1618582e-02   3.0286548e-02   3.4784669e-02   3.0850099e-02
   3.2692748e-02   7.3106135e-03   1.9098567e-01   3.2847544e-01   2.4771095e-01   4.2609221e-03   1.5289670e-02   7.2697223e-02   1.0057677e-01
   3.2898548e-02   1.2712109e-01   1.2640806e-01   1.6469291e-02   6.9369466e-02   1.4708461e-01   9.7776732e-02   6.0190701e-02   3.2268150e-01
   3.3051690e-02   1.9010934e-01   1.0785288e-01   3.7276342e-03   4.0531809e-01   1.2425447e-02   3.3300199e-02   2.5844930e-02   1.8836978e-01
   3.3664640e-02   1.8235928e-02   9.1236837e-04   1.2775669e-01   2.3468214e-01   8.5509707e-02   6.2744542e-02   3.0239490e-01   1.3409908e-01
   3.3887646e-02   1.6579160e-01   4.6279889e-02   9.8564683e-02   1.4497442e-01   1.8148037e-01   1.6907662e-01   1.6034272e-02   1.4391049e-01
   3.3906797e-02   8.7319523e-02   3.0055643e-03   1.1191534e-02   2.0304430e-01   2.1094649e-01   1.2133888e-01   4.1907151e-02   2.8733976e-01
   3.4365302e-02   1.5648348e-01   7.4725492e-03   1.4847950e-02   2.9859112e-02   2.1005679e-01   2.1385704e-01   9.9035098e-02   2.3402268e-01
   3.4391761e-02   5.6899782e-02   2.6500184e-01   2.2183623e-02   3.3871572e-02   1.3794737e-01   3.2101665e-01   1.3908638e-02   1.1477876e-01
   3.4475345e-02   1.5030514e-01   7.6300800e-02   6.1356169e-02   2.5546829e-01   6.6667919e-03   1.4512306e-01   2.4491559e-01   2.5388822e-02
   3.4694593e-02   1.5003175e-02   1.0693870e-01   1.9900651e-01   2.4373009e-01   1.6711175e-01   2.0529447e-01   1.8552628e-02   9.6680921e-03
   3.4878149e-02   8.2204099e-02   1.7984626e-01   2.3419490e-01   1.8942681e-03   2.1351923e-01   1.7837012e-02   2.3010535e-01   5.5207304e-03
   3.5498416e-02   1.2859227e-03   1.3126990e-01   1.5737954e-01   1.6489697e-01   1.0667699e-02   1.9105293e-01   1.5074090e-01   1.5720771e-01
   3.5537397e-02   2.4408885e-01   5.7624792e-02   1.2154836e-02   2.7545138e-01   2.7453178e-01   8.0492012e-02   8.0649571e-03   1.2054006e-02
   3.5766485e-02   1.6420822e-01   3.2800534e-01   1.3968363e-01   2.3381838e-01   2.6139403e-02   1.7643311e-03   7.3321651e-03   6.3282050e-02
   3.6122927e-02   1.4175306e-02   3.4434311e-01   1.9936975e-01   1.3942342e-01   2.4213148e-04   2.3483725e-01   6.9731462e-03   2.4512952e-02
   3.7265637e-02   6.2364263e-02   2.0435298e-02   1.0460627e-01   1.3669112e-02   2.3143867e-01   1.0563077e-01   1.5468649e-01   2.6990349e-01
   3.7401548e-02   3.1780932e-01   1.0494721e-01   4.9846622e-02   7.5426330e-02   6.2919526e-02   3.0784965e-01   8.3905408e-03   3.5409248e-02
   3.7716352e-02   4.5750452e-01   2.6349780e-02   4.1849651e-02   3.4616378e-02   9.8940842e-02   9.0157582e-02   2.0640661e-01   6.4582795e-03
   3.7831460e-02   5.6039130e-02   1.1411271e-02   1.7770764e-01   2.9341294e-03   6.6657329e-02   8.3273436e-02   8.7449180e-02   4.7669643e-01
   3.8259677e-02   1.6077410e-01   3.3588872e-02   1.7901200e-01   9.1796957e-03   1.5388507e-02   7.9256713e-02   2.4532340e-01   2.3921704e-01
   3.8750091e-02   2.8677401e-02   1.5080414e-01   4.3808535e-02   3.2646265e-02   2.2070554e-01   4.2186678e-03   4.0363526e-01   7.6754102e-02
   3.9283663e-02   1.9130226e-02   2.8099770e-01   3.2715310e-01   2.8352703e-03   2.0902471e-02   1.3091615e-01   3.4785993e-02   1.4399542e-01
   4.0007050e-02   7.9309129e-03   1.9739161e-02   3.1723652e-03   7.0320761e-02   1.5985196e-01   1.5579838e-01   1.9668664e-01   3.4649277e-01
   4.0037939e-02   2.2812619e-01   2.9866606e-01   1.8796579e-05   5.6757691e-03   9.0821263e-02   9.7446725e-02   1.3559995e-02   2.2564726e-01
   4.0161064e-02   3.2012600e-02   1.4088910e-02   1.9644750e-01   2.7468041e-01   1.1542602e-01   4.9945550e-02   2.8704449e-02   2.4853349e-01
   4.0697674e-02   4.2635659e-02   9.7674419e-02   4.1472868e-02   4.3759690e-01   2.5155039e-01   1.2790698e-02   1.5116279e-02   6.0465116e-02
   4.0894440e-02   2.4375504e-02   4.4319098e-03   2.1192587e-01   3.9887188e-02   3.4971797e-01   9.8710717e-03   2.8021757e-01   3.8678485e-02
   4.1698260e-02   5.3515190e-03   1.4161129e-01   2.3718696e-02   2.1215716e-01   8.8333368e-02   5.1399213e-02   1.5334771e-01   2.8238278e-01
   4.1767670e-02   2.0829585e-01   1.4595848e-01   8.2920952e-02   3.3129587e-03   8.7567003e-02   1.2037369e-01   2.2132972e-01   8.8473680e-02
   4.2340235e-02   1.1664555e-01   3.8209825e-02   6.1990712e-02   9.9676833e-02   1.0184261e-02   4.1184311e-01   1.0646370e-01   1.1264577e-01
   4.2354266e-02   2.2522136e-01   2.9621966e-02   4.9044057e-02   4.4439491e-03   2.7131969e-01   2.8400079e-01   4.2693541e-02   5.1300389e-02
   4.2403580e-02   1.5768165e-02   1.6364799e-01   4.8369913e-02   3.7609205e-01   7.4579160e-03   1.8559557e-01   4.4747496e-03   1.5619007e-01
   4.2423995e-02   1.7411175e-02   1.4299833e-01   2.5950196e-01   2.4737893e-01   5.4524826e-02   1.9533391e-02   5.7984472e-03   2.1042894e-01
   4.3174045e-02   1.7404474e-03   1.2195920e-03   1.2280891e-01   2.8515238e-02   2.9408410e-01   3.4296735e-01   4.4620160e-03   1.6102831e-01
   4.3323626e-02   1.3686691e-01   1.9584162e-01   7.3828654e-02   1.2180287e-01   8.5704446e-02   5.2763551e-02   2.6840551e-01   2.1462811e-02
   4.3650267e-02   5.2578580e-02   3.1277175e-01   8.9349136e-02   3.0556968e-02   5.2254086e-02   1.6004502e-01   1.2563415e-01   1.3316004e-01
   4.3689320e-02   3.4847434e-02   1.9348128e-01   1.4389736e-02   9.3619972e-03   1.0332871e-01   2.3578363e-02   3.1830791e-01   2.5901526e-01
   4.3742708e-02   1.8326975e-01   4.3527821e-02   1.0090233e-01   2.1188014e-01   2.1870612e-03   5.5259367e-02   1.7169789e-01   1.8753294e-01
   4.4004865e-02   1.0623949e-01   3.7190179e-01   1.1251162e-01   1.0651866e-02   7.5088555e-02   2.4613556e-02   1.8283351e-01   7.2154748e-02
   4.4455665e-02   5.0815442e-03   2.2410033e-01   8.7463282e-02   1.3032149e-01   3.3735845e-04   3.5924086e-01   1.9363039e-02   1.2963643e-01
   4.4642543e-02   1.3265614e-01   2.3683536e-02   2.6409425e-01   7.1692210e-03   1.7198984e-01   1.9826974e-01   1.3871805e-01   1.8776676e-02
   4.4645367e-02   2.3148102e-01   1.0107204e-01   2.5540250e-01   8.9957096e-02   2.6517248e-01   2.6219078e-03   5.2318918e-03   4.4157019e-03
   4.4690990e-02   4.0309485e-02   7.6762322e-02   2.3736406e-04   5.2010131e-03   5.0779424e-02   2.1186042e-01   3.4025896e-01   2.2990003e-01
   4.5284587e-02   7.3535521e-02   3.6767761e-02   1.5247196e-01   7.7482343e-02   3.8782717e-01   5.8371417e-02   1.6618197e-03   1.6659742e-01
   4.5561124e-02   8.8711841e-03   9.5661088e-02   5.7635086e-02   1.8431404e-01   1.9393890e-02   1.7660124e-01   3.9984795e-01   1.2114405e-02
   4.5581740e-02   4.4052569e-03   6.4547750e-02   3.2927703e-01   1.0367497e-01   2.2032469e-02   3.0149048e-01   1.1024785e-01   1.8742451e-02
   4.6028642e-02   2.2527273e-01   6.5414937e-02   4.0927300e-03   8.6234408e-02   4.0345519e-01   2.7335088e-03   1.3515601e-01   3.1611841e-02
   4.6782796e-02   3.3519500e-02   3.0724048e-01   2.6878118e-01   1.2221006e-02   1.7711697e-01   4.4949090e-04   1.3707273e-01   1.6815843e-02
   4.7540598e-02   6.6839256e-02   2.9889386e-02   4.4057425e-01   3.2713580e-02   3.7185220e-02   1.3650271e-01   1.2214639e-01   8.6608614e-02
   4.8624730e-02   2.0744048e-02   9.5720809e-02   8.6303779e-02   1.2410777e-01   1.2046557e-01   2.5074844e-01   2.8600300e-02   2.2468455e-01
   4.8761799e-02   2.6281311e-01   2.3549299e-01   2.9344413e-01   2.0696663e-02   6.1660244e-04   3.2033950e-02   3.6541409e-03   1.0248661e-01
   4.8792285e-02   1.9299694e-01   2.4505504e-03   1.9851952e-02   2.8924107e-01   4.3775059e-02   7.1724158e-03   2.6920837e-01   1.2651137e-01
   4.8927889e-02   9.8899223e-02   4.6446695e-02   2.4309022e-01   7.7208487e-02   9.4924889e-03   2.0821131e-01   1.6507844e-02   2.5121584e-01
   4.8982756e-02   3.6735926e-01   9.3202269e-02   5.0959039e-04   2.7061341e-02   4.5083995e-02   4.3368288e-02   2.3825341e-01   1.3617909e-01
   4.9215188e-02   9.9383066e-02   2.1661438e-01   1.1501397e-02   1.1637224e-01   3.6661604e-02   1.1014416e-01   1.8908254e-01   1.7102542e-01
   4.9344268e-02   1.0693017e-02   3.5642592e-01   8.0163599e-02   1.4762083e-01   5.6881660e-02   8.3928643e-02   4.4081142e-02   1.7086092e-01
   5.1004103e-02   9.5588908e-02   6.9449661e-02   1.1762203e-01   2.3279622e-02   1.0754091e-01   1.4142856e-01   3.3487348e-01   5.9212734e-02
   5.1710486e-02   3.2687051e-01   3.1113382e-02   1.6415076e-01   2.2146740e-02   7.8015066e-02   7.6726511e-02   2.2586653e-01   2.3400009e-02
   5.1785384e-02   7.8710693e-02   5.9105210e-02   5.4731142e-02   1.5737106e-01   2.3490246e-01   2.1046939e-01   1.1232392e-01   4.0600732e-02
   5.3829549e-02   1.1677441e-01   6.7878037e-02   4.6026645e-02   7.4060782e-02   1.0988441e-01   4.7218730e-04   2.3100225e-01   3.0007173e-01
   5.4204612e-02   8.2752881e-03   6.2846911e-02   2.1139896e-01   1.3400387e-01   1.0130516e-01   9.7168781e-02   8.6076838e-02   2.4471959e-01
   5.4441326e-02   2.5960844e-02   2.6580368e-01   8.5321227e-03   6.8289930e-02   1.5480524e-01   1.3216230e-02   5.2028758e-02   3.5692186e-01
   5.5003511e-02   1.1009102e-02   8.0988831e-03   1.0479395e-01   1.2468495e-02   5.8586034e-02   2.2341683e-01   2.2101864e-01   3.0560455e-01
   5.5800035e-02   2.0260518e-01   6.0376694e-02   2.9396233e-02   3.3268791e-01   3.5205070e-04   2.8463299e-01   2.3939447e-02   1.0209470e-02
   5.6791024e-02   4.3058405e-03   3.6252197e-01   1.3867569e-01   5.6080127e-03   7.5126833e-02   2.8650950e-02   4.7755853e-02   2.8056382e-01
   5.7299143e-02   2.3043417e-01   1.4240593e-02   9.1455162e-02   8.0110636e-03   2.6955683e-03   2.2372099e-01   8.9079243e-02   2.8306406e-01
   5.7605936e-02   1.2888108e-02   1.2009373e-01   2.0991994e-01   3.2259324e-01   1.9488381e-01   3.8469049e-02   2.4018746e-02   1.9527436e-02
   5.8608334e-02   2.7559255e-01   5.6074690e-02   7.0746005e-02   1.7747041e-01   1.6074274e-02   6.6540820e-03   1.3045591e-02   3.2573406e-01
   5.9456567e-02   5.7863892e-03   1.9810835e-01   9.1038666e-02   7.4852602e-03   2.4411250e-02   3.3157841e-01   2.7826277e-01   3.8723409e-03
   6.1198480e-02   4.6820275e-03   3.6998537e-02   2.1814277e-03   1.1741808e-01   2.0173435e-01   5.5273551e-03   4.5608144e-01   1.1417831e-01
   6.1830628e-02   1.2699233e-02   8.6915689e-02   1.5242398e-01   2.2375757e-01   1.2083704e-02   2.1691219e-01   3.8402369e-03   2.2953677e-01
   6.2013423e-02   1.0308725e-01   2.0939597e-02   1.1489933e-01   5.4765101e-02   5.2993289e-01   2.2013423e-02   4.7248322e-02   4.5100671e-02
   6.3857400e-02   3.3063778e-01   5.6453240e-03   1.7414458e-01   1.0642321e-01   1.7449683e-01   1.5628119e-03   1.3112245e-01   1.2109615e-02
   6.4545853e-02   3.4403407e-02   1.8543701e-01   9.2434229e-02   1.5587615e-02   3.2697705e-01   1.5699667e-03   1.9932588e-01   7.9718982e-02
   6.4717461e-02   1.1501528e-01   1.6902399e-02   4.2933221e-03   2.4817885e-01   1.4530838e-01   3.4837318e-02   1.8048241e-01   1.9026457e-01
   6.5760028e-02   1.1062779e-01   7.5421708e-02   3.8007016e-01   3.4394290e-02   4.7527275e-03   1.9524831e-01   9.8924343e-03   1.2383256e-01
   6.6165725e-02   1.1855976e-01   2.2043027e-01   3.5634193e-02   2.9244726e-01   2.1479421e-01   7.1416655e-03   1.7882962e-02   2.6943956e-02
   6.6405825e-02   1.5239811e-02   3.1009694e-01   1.8772769e-02   1.3532783e-01   1.7622809e-02   3.8829512e-02   2.9507147e-01   1.0263304e-01
   6.6596691e-02   3.0254942e-01   3.1889048e-01   1.5560270e-02   7.9676096e-02   1.0799643e-01   1.2771332e-02   6.5904739e-03   8.9368810e-02
   6.6871754e-02   1.2723642e-01   3.9116380e-02   2.0752482e-01   1.2245138e-02   2.0915998e-01   7.0537939e-02   1.7950459e-02   2.4935712e-01
   6.7573782e-02   3.0088813e-01   1.2246093e-01   7.9287229e-02   3.5392032e-02   1.7053370e-01   1.8922961e-03   2.1831239e-01   3.6594984e-03
   6.8512720e-02   9.0264029e-02   8.1263454e-02   1.7012941e-02   1.3555480e-01   7.4194555e-02   4.5784831e-02   4.5628611e-01   3.1126564e-02
   6.8540299e-02   1.6457578e-01   1.0780961e-01   8.1064886e-02   3.7545669e-02   1.4519010e-01   9.1954438e-03   3.7899424e-01   7.0839717e-03
   6.9012798e-02   9.8237593e-02   1.7445770e-01   2.4098667e-01   1.4082096e-01   1.9123017e-05   1.0219658e-01   1.3628445e-01   3.7984128e-02
   6.9207956e-02   6.4116959e-02   1.4134184e-01   1.8558560e-02   5.2219373e-02   1.4377706e-01   2.4364218e-01   1.5528378e-01   1.1185229e-01
   6.9355088e-02   1.9910677e-03   1.0321519e-02   2.4090470e-01   2.4369494e-02   2.6888391e-02   2.0859457e-01   1.9659170e-01   2.2098347e-01
   6.9513305e-02   9.1127332e-03   2.5030533e-03   7.1682250e-02   1.6155151e-01   2.0471746e-01   3.9935928e-02   1.1000940e-01   3.3097436e-01
   6.9826115e-02   5.9222349e-03   8.0444466e-02   3.3811035e-03   3.6396629e-02   3.6352645e-01   4.9454745e-02   2.6040627e-01   1.3064199e-01
   7.1670634e-02   1.2586143e-01   2.6009776e-01   1.0779040e-01   1.0332286e-01   2.5964917e-01   2.8017357e-02   1.1006757e-02   3.2583638e-02
   7.1921571e-02   4.2175576e-02   1.4508799e-01   5.9392385e-02   2.6396230e-01   2.7747560e-02   1.4607016e-01   1.6284356e-01   8.0798893e-02
   7.5879714e-02   3.7792058e-03   2.7320984e-01   1.2777339e-01   1.7910388e-01   1.9614879e-01   4.4838623e-02   8.6197385e-02   1.3069167e-02
   7.6401076e-02   9.2742345e-03   5.2666440e-02   2.8187653e-01   9.6588359e-02   1.5208526e-01   1.2631605e-01   1.0295028e-01   1.0184177e-01
   7.6767629e-02   1.5947182e-01   1.4067850e-01   9.0269316e-02   1.8148880e-01   1.7941861e-01   1.6469724e-01   3.8604544e-03   3.3476290e-03
   7.7237817e-02   1.5728869e-01   3.6809924e-02   2.3878665e-01   2.0502941e-01   7.5160135e-02   9.5494378e-02   9.9797220e-03   1.0421327e-01
   7.8088775e-02   1.1961030e-02   9.3400993e-02   6.1947712e-03   1.0629878e-02   3.2517430e-01   1.2101931e-01   8.1280202e-02   2.7225073e-01
   7.9210024e-02   9.3150153e-02   1.1864053e-01   1.1694137e-01   1.1231359e-01   9.7265817e-03   2.3835002e-02   2.3697614e-01   2.0920660e-01
   8.2732202e-02   1.4711250e-03   1.8023476e-01   2.7934294e-01   2.0153426e-02   9.4263567e-02   2.1453259e-01   9.9583390e-04   1.2627355e-01
   8.2910661e-02   1.6902914e-01   7.3365968e-02   2.2548103e-01   1.3531264e-02   9.8753665e-02   2.1765557e-01   6.1381484e-03   1.1313455e-01
   8.3037880e-02   4.8143310e-02   5.4114574e-03   2.4631461e-02   2.1645829e-01   4.1052435e-03   3.6685949e-01   1.4461653e-01   1.0673633e-01
   8.3520360e-02   2.2931561e-01   9.1415089e-03   6.2918106e-02   1.4728233e-01   1.7084368e-02   2.2395607e-01   1.1824256e-01   1.0853909e-01
   8.5046916e-02   4.8712318e-02   2.5554003e-02   1.3555600e-01   5.5699740e-02   3.0964264e-01   3.2082252e-01   6.1888601e-03   1.2777001e-02
   8.6651055e-02   2.8768082e-01   3.7331993e-02   2.1355053e-03   2.2694093e-01   2.4949296e-02   9.3860611e-02   1.6796836e-01   7.2481430e-02
   8.6749019e-02   3.2455999e-01   2.6072090e-03   1.4006720e-01   1.8722526e-03   3.0105787e-02   2.8684092e-01   7.8089418e-02   4.9108191e-02
   8.7169442e-02   7.2477963e-02   4.3095005e-03   1.8805093e-02   1.2438786e-01   3.0029383e-01   1.0577865e-02   3.8139079e-01   5.8765916e-04
   8.7420972e-02   9.8103336e-03   2.2868978e-01   8.7856987e-02   9.5923261e-03   1.7440593e-03   2.5506867e-02   1.1379987e-01   4.3557881e-01
   8.8637611e-02   3.2692389e-01   8.2376141e-02   1.4441642e-02   1.5261677e-02   4.4915811e-02   1.2480710e-01   1.9522096e-02   2.8311404e-01
   8.8792241e-02   9.5973432e-02   3.0909565e-01   1.5492952e-02   1.9503091e-02   3.4642542e-02   6.6291738e-02   3.4611015e-01   2.4098198e-02
   9.0199694e-02   4.2813608e-02   2.2823524e-02   2.8997188e-02   2.1690858e-01   4.2650515e-02   1.6126217e-01   2.6427332e-01   1.3007140e-01
   9.0880543e-02   2.1655189e-03   1.4694324e-01   2.1200635e-01   3.2703268e-02   2.6930160e-01   5.6848764e-02   5.5129512e-02   1.3402121e-01
   9.1510022e-02   3.4058774e-01   3.8054747e-02   1.1231543e-01   2.5067913e-02   1.1495470e-01   3.7561413e-02   7.6223886e-02   1.6372414e-01
   9.2517151e-02   2.5742628e-01   1.4576165e-01   2.1458647e-01   1.5495687e-03   5.7070755e-04   2.6826517e-01   1.7044657e-02   2.2783471e-03
   9.4009801e-02   2.2129032e-01   2.9290081e-02   1.9930708e-01   1.3548412e-01   1.5962724e-03   1.5284744e-01   1.1851635e-01   4.7658536e-02
   9.4524191e-02   1.0381179e-02   1.5560115e-01   1.3281965e-01   2.5124195e-01   6.8994670e-03   1.0305749e-02   3.7377396e-02   3.0084926e-01
   9.5584185e-02   1.2382124e-01   5.5095021e-02   2.0021812e-01   3.0920322e-03   2.6583178e-01   1.0384705e-01   4.7367069e-02   1.0514351e-01
   9.5590342e-02   2.7820578e-01   1.7567550e-01   3.9232266e-02   1.1794957e-01   7.5415124e-03   2.5985832e-02   6.0871820e-02   1.9894738e-01
   9.6052168e-02   2.6083891e-02   1.3605922e-01   3.1371167e-01   2.2030314e-02   4.3708142e-02   2.1677829e-02   3.3080719e-01   9.8695805e-03
   9.6469454e-02   1.6033642e-01   1.5049379e-01   8.6477472e-02   1.9446307e-02   3.3982001e-01   4.6603566e-03   1.0766015e-01   3.4636032e-02
   9.8473463e-02   3.9481398e-01   1.0587301e-01   3.9928724e-02   1.2093930e-01   1.3834897e-01   1.2386347e-02   3.8653607e-02   5.0582598e-02
   9.8666368e-02   2.3844059e-02   1.3313264e-01   7.2141164e-02   3.9186568e-01   8.0954862e-02   9.5409908e-02   5.4402090e-02   4.9583226e-02
   9.9948592e-02   1.7179802e-01   1.2288098e-01   3.3785766e-03   1.3981021e-01   4.5244615e-02   2.0579042e-01   2.0037536e-01   1.0773234e-02
   1.0040368e-01   1.9109138e-01   9.9615249e-03   1.6259352e-01   1.9471864e-01   2.1419614e-01   1.1209005e-01   4.3340166e-04   1.4511661e-02
   1.0050613e-01   2.2041076e-01   1.4486578e-02   2.5422319e-01   1.7298175e-02   3.0941797e-02   7.4813478e-03   1.1661660e-01   2.3803543e-01
   1.0075818e-01   4.3396335e-01   2.8119912e-02   1.4451095e-01   9.1941791e-02   1.3510592e-02   7.1132425e-02   2.4094607e-02   9.1968191e-02
   1.0076493e-01   4.7299207e-03   2.4805597e-03   3.9181918e-02   2.7127453e-01   2.5406107e-01   1.0309290e-01   7.6653392e-02   1.4776078e-01
   1.0165609e-01   2.3380313e-01   1.0899720e-03   3.1195123e-03   8.4492637e-02   1.3306340e-01   1.4255110e-01   2.7366681e-01   2.6557343e-02
   1.0223733e-01   1.2726594e-01   8.2683665e-02   5.5600868e-02   4.0334154e-03   3.0482270e-01   2.7794694e-03   1.1009461e-01   2.1048200e-01
   1.0256628e-01   2.4981121e-02   1.7798953e-01   5.6665347e-02   1.2286367e-01   1.2053306e-02   1.2116861e-01   2.8974601e-01   9.1966129e-02
   1.0315382e-01   4.6875974e-02   1.3525527e-01   4.3272364e-01   8.7801221e-02   4.7607806e-03   7.0929713e-03   1.6236094e-03   1.8071271e-01
   1.0370317e-01   4.0701729e-02   3.1624789e-01   9.1821009e-03   4.9992371e-02   5.6188791e-02   1.4581218e-02   1.8995443e-01   2.1944830e-01
   1.0553898e-01   3.5129625e-01   1.4089370e-02   7.0107206e-03   1.2610550e-01   2.3622507e-01   1.1182917e-02   1.2923197e-01   1.9319219e-02
   1.0658001e-01   2.1927376e-01   8.9321575e-02   2.9457104e-01   3.6050827e-02   1.2004712e-01   9.9187752e-02   9.0994034e-03   2.5868525e-02
   1.0825415e-01   2.0681945e-02   2.7762251e-02   3.4376747e-01   3.2234023e-02   7.0057760e-02   1.2036519e-01   4.6953605e-02   2.2992361e-01
   1.0890674e-01   2.6031283e-01   2.0166655e-01   1.7550919e-01   1.1850791e-02   2.0432352e-03   1.7869211e-02   2.1921870e-01   2.6227511e-03
   1.1327601e-01   1.2311373e-01   1.2024762e-01   7.2249797e-04   1.7234558e-03   2.5893692e-01   2.7289267e-01   8.6475136e-02   2.2611966e-02
   1.1341609e-01   2.2201393e-02   1.9170383e-01   1.7924678e-01   2.6727282e-02   1.6157120e-01   1.8008094e-02   4.0367797e-02   2.4675753e-01
   1.1413645e-01   2.9394689e-02   2.2121590e-01   6.9638357e-02   2.6558633e-01   1.2811997e-03   2.5127815e-02   2.7152472e-01   2.0945483e-03
   1.1576709e-01   7.0240039e-02   2.1858014e-01   4.3494341e-02   2.4875114e-01   1.8232908e-03   2.0536784e-02   9.0154282e-02   1.9065289e-01
   1.1617674e-01   4.7911355e-02   5.5854716e-03   2.3326790e-02   8.4563187e-02   3.4565089e-01   2.3927761e-01   8.7046584e-02   5.0461373e-02
   1.1634615e-01   8.8461538e-03   1.8596154e-01   7.8461538e-02   3.7730769e-01   7.6923077e-04   3.3076923e-02   9.2307692e-03   1.9000000e-01
   1.1709434e-01   1.4637190e-01   2.1989258e-01   4.8443767e-04   6.3218449e-04   1.6173915e-01   1.6634639e-01   2.3592841e-04   1.8720309e-01
   1.1817535e-01   2.4527958e-02   8.1677196e-03   1.5025212e-02   3.4019085e-01   9.5760373e-02   7.5540973e-02   2.4602266e-01   7.6588904e-02
   1.1992834e-01   8.9940061e-02   2.8237872e-03   1.9443672e-01   1.3843582e-01   1.7073912e-01   2.8359594e-02   2.4225652e-01   1.3080040e-02
   1.2004467e-01   1.4648499e-01   1.2320587e-01   1.8957976e-02   1.5824853e-01   2.1461437e-01   1.3262809e-02   1.7253813e-01   3.2642650e-02
   1.2078116e-01   3.2808522e-02   3.7776836e-02   3.1945592e-01   1.5223987e-01   2.3437544e-02   1.6907009e-01   7.3479737e-02   7.0950325e-02
   1.2119260e-01   1.2878880e-01   1.2461831e-01   3.8848933e-01   1.0556795e-01   1.9549559e-03   5.9976355e-02   2.6071397e-02   4.3340288e-02
   1.2125924e-01   7.0229415e-03   7.5821117e-02   7.9055824e-02   2.7939845e-01   1.3643157e-03   7.6942896e-03   2.1273938e-01   2.1564445e-01
   1.2205487e-01   2.1802792e-04   2.5830327e-01   2.0251515e-01   1.5977277e-03   1.5574890e-02   5.7943510e-02   2.5281153e-01   8.8981016e-02
   1.2233575e-01   9.4344270e-03   1.3320021e-02   7.6021666e-02   3.1449639e-03   1.0897503e-01   2.2797738e-02   3.2231204e-01   3.2165837e-01
   1.2249061e-01   5.3474471e-02   2.3381615e-01   1.7232251e-01   3.0964211e-02   7.8910056e-04   5.3941600e-02   5.7566602e-02   2.7463474e-01
   1.2264882e-01   2.8096095e-01   5.4919085e-02   1.8175513e-02   1.4790738e-01   3.1625471e-02   1.3079703e-01   2.6187351e-02   1.8677840e-01
   1.2404363e-01   3.0913235e-01   2.3962233e-01   3.5813121e-03   2.2448315e-01   8.1393456e-03   5.6161485e-02   3.4022465e-02   8.1393456e-04
   1.2408375e-01   5.2853048e-03   1.7156843e-01   1.6731351e-01   9.3036803e-02   9.4704256e-02   2.7970466e-03   2.1876038e-01   1.2245053e-01
   1.2525041e-01   3.3056257e-01   1.3481975e-01   1.4688654e-01   8.5569983e-02   1.2467227e-03   6.3790156e-02   1.0948665e-01   2.3872044e-03
   1.2692617e-01   4.8181878e-02   1.3776943e-01   2.1498824e-02   2.1223733e-02   4.1744358e-01   9.5082311e-02   1.0456936e-01   2.7304721e-02
   1.2697795e-01   2.3637127e-01   1.2596079e-01   8.1209616e-02   3.2491607e-01   7.4277815e-02   8.2246146e-03   5.4912603e-03   1.6570615e-02
   1.2730694e-01   7.8753368e-03   1.0523588e-02   1.2233639e-01   3.5778088e-01   1.3915057e-02   1.8548531e-01   1.5230991e-01   2.2466578e-02
   1.2778729e-01   2.6922891e-01   9.3209186e-04   1.4672200e-01   1.9470622e-01   2.8683787e-02   1.4524306e-02   1.6634454e-01   5.1070850e-02
   1.2889303e-01   1.8582230e-01   1.5390359e-01   2.1829933e-01   8.1114228e-04   1.4194342e-01   1.2841933e-02   1.0663166e-01   5.0853579e-02
   1.2893643e-01   1.0996810e-01   1.9636918e-01   3.8678642e-02   3.5659741e-01   1.0461375e-02   4.9869802e-02   1.0770997e-01   1.4090944e-03
   1.2926548e-01   1.8403287e-01   1.9669950e-01   2.3143707e-02   1.4494231e-02   1.9932309e-01   1.5493571e-01   5.9975153e-02   3.8130265e-02
   1.2978811e-01   1.3763775e-01   3.9027383e-01   1.2697295e-02   5.6351646e-02   1.8782666e-03   5.3564775e-03   3.8938240e-02   2.2707838e-01
   1.3166376e-01   7.9033660e-02   2.4471490e-01   1.1694452e-02   1.0970052e-01   2.3265246e-01   2.4738472e-03   1.0605064e-01   8.2015763e-02
   1.3398247e-01   2.0804409e-01   2.0013112e-01   3.8503549e-02   3.3756607e-02   1.3594035e-01   6.7331192e-02   1.7621754e-01   6.0930770e-03
   1.3459516e-01   2.1030494e-03   2.9477743e-01   3.4402383e-01   4.3813530e-02   3.5050824e-03   4.5566071e-03   1.1531721e-01   5.7308097e-02
   1.3557375e-01   1.8772796e-01   5.1455572e-02   8.0202280e-03   8.2802296e-02   1.5150209e-01   9.5307757e-02   8.3853145e-02   2.0375720e-01
   1.3570247e-01   1.3894608e-01   7.8554208e-02   2.2779530e-02   2.7309632e-02   5.6155345e-03   3.1240457e-01   9.5620574e-02   1.8306741e-01
   1.3627350e-01   2.3351786e-01   9.8814431e-02   2.4264037e-01   3.7902964e-02   2.0649631e-03   6.4278084e-02   3.2434851e-02   1.5207298e-01
   1.3663327e-01   1.8657518e-02   1.5502473e-02   1.9482151e-01   1.1762384e-01   4.1268452e-02   5.8453003e-03   2.1985230e-01   2.4979533e-01
   1.3746573e-01   5.2628553e-02   8.0912309e-02   2.3148708e-01   1.7040687e-02   1.6758096e-01   1.1456340e-01   1.9143290e-01   6.8883906e-03
   1.3795370e-01   4.9247798e-03   1.7024509e-01   5.6589829e-03   7.6486029e-02   2.2446754e-01   1.1447082e-01   5.1946663e-02   2.1384640e-01
   1.4118747e-01   4.3782141e-01   1.8069191e-01   7.0126227e-03   1.9167835e-02   1.7765311e-02   9.3501636e-02   4.6750818e-04   1.0238429e-01
   1.4157328e-01   3.9285589e-02   1.2741130e-02   4.5563111e-03   2.9203148e-01   7.6986033e-02   1.3648224e-01   5.8448770e-02   2.3789517e-01
   1.4202084e-01   7.6911102e-03   7.2552087e-02   3.7098446e-02   8.0474259e-02   7.0486387e-02   1.4133016e-01   4.6032932e-02   4.0231377e-01
   1.4266391e-01   1.3471393e-02   9.7702908e-02   2.0961052e-01   2.2968155e-02   3.7094734e-04   2.3957582e-01   1.5597152e-01   1.1766483e-01
   1.4329658e-01   2.9390690e-01   2.8930564e-01   7.2957925e-02   1.6575660e-02   8.1853442e-03   1.3196399e-01   1.3212766e-03   4.2486682e-02
   1.4367139e-01   2.9659229e-02   1.9582967e-02   1.1619609e-03   2.1958809e-02   2.6524781e-01   2.2023721e-03   2.5860084e-01   2.5791463e-01
   1.4445158e-01   6.2999947e-02   9.8600882e-03   2.0330277e-01   3.3540244e-01   2.1395267e-02   1.8788259e-02   1.0261912e-01   1.0118052e-01
   1.4478351e-01   1.2615723e-02   2.0784880e-01   6.5854576e-02   1.8375516e-01   1.1657271e-01   2.5192847e-02   1.4254720e-02   2.2912194e-01
   1.4488196e-01   1.5244583e-02   1.4084551e-01   1.0639798e-01   3.4662113e-02   1.0220082e-01   1.5312334e-01   2.4652920e-01   5.6114498e-02
   1.4565305e-01   4.7211340e-03   1.7730180e-01   3.3672452e-01   1.8071888e-02   2.2648454e-01   3.8412610e-02   1.1439849e-02   4.1190613e-02
   1.4655537e-01   3.5204871e-02   2.6632343e-02   1.3269522e-01   1.4110779e-01   1.8264808e-01   3.0021665e-01   8.9379018e-03   2.6001781e-02
   1.4713982e-01   3.9486095e-02   1.2238548e-01   1.7751633e-01   1.7962740e-01   2.3755524e-01   1.6059765e-02   1.7581684e-02   6.2648189e-02
   1.4751460e-01   4.1201269e-02   2.2109409e-01   2.4620141e-03   1.3327932e-01   1.0988361e-01   1.2638103e-01   1.8736050e-01   3.0823564e-02
   1.4822027e-01   2.3859961e-02   8.2090698e-02   3.9885836e-02   5.5327304e-02   2.2159090e-01   1.7091779e-01   1.8707915e-01   7.1028079e-02
   1.4879104e-01   1.9458711e-02   4.7037138e-02   1.4357290e-01   7.3334789e-03   2.4764840e-01   9.5886664e-02   3.6388221e-03   2.8663285e-01
   1.5236900e-01   1.2212593e-01   3.4186649e-01   2.8198895e-01   4.1411811e-04   1.4996412e-02   2.0604762e-02   5.8322905e-02   7.3114426e-03
   1.5243487e-01   1.1672907e-01   1.3534855e-01   9.3821966e-04   1.4746029e-01   3.4970707e-01   2.9072190e-02   6.7414975e-02   8.9476970e-04
   1.5448990e-01   1.9403478e-01   2.1567501e-01   7.8397502e-03   1.5462421e-02   1.3744439e-02   1.7579832e-01   1.5043489e-01   7.2520498e-02
   1.5501637e-01   1.9256692e-04   6.7205854e-02   1.7677643e-01   2.1567495e-02   3.7049875e-01   1.1554015e-01   1.1939149e-02   8.1263239e-02
   1.5558298e-01   4.2407285e-02   3.7566117e-03   1.6630014e-02   1.0739644e-01   7.9794742e-02   2.9050129e-01   1.6811348e-01   1.3581717e-01
   1.5764703e-01   3.0267394e-02   2.4962354e-02   1.2154990e-02   1.4411626e-02   1.8269780e-01   3.7899563e-01   4.3551955e-02   1.5531122e-01
   1.5767657e-01   1.7159993e-01   2.1309007e-02   6.7615775e-02   3.4682694e-01   3.4187038e-02   1.5923211e-01   2.0268622e-02   2.1284011e-02
   1.5950156e-01   4.2571932e-02   2.5221922e-02   1.9264059e-02   2.5654257e-01   2.6670880e-01   3.8899794e-02   1.8546914e-01   5.8202180e-03
   1.6037372e-01   3.1724524e-02   1.8371908e-01   6.2792188e-02   1.1767503e-01   1.5823338e-01   2.1814302e-01   8.0407083e-03   5.9298358e-02
   1.6040398e-01   2.1522488e-01   3.6001337e-02   9.5215560e-04   1.8086705e-02   1.5486217e-02   1.3700276e-01   1.0182652e-01   3.1501544e-01
   1.6091838e-01   2.8870228e-02   8.0126970e-02   2.0744218e-01   1.6678734e-01   2.1265139e-03   1.0967529e-01   8.9113346e-02   1.5493975e-01
   1.6138103e-01   1.0058767e-01   1.6055732e-01   4.7469192e-02   1.1467834e-01   2.8311771e-02   3.6071484e-01   7.3970066e-03   1.8902843e-02
   1.6184361e-01   1.7250489e-01   1.0748992e-02   1.1777064e-01   1.1365276e-01   8.9254310e-04   1.8510413e-01   2.2721976e-01   1.0262675e-02
   1.6239365e-01   1.3626915e-02   9.8427621e-02   3.3533527e-03   4.1661945e-02   8.5281523e-03   2.4071307e-01   2.4000141e-01   1.9129388e-01
   1.6251489e-01   2.7962306e-01   4.1596829e-02   6.7596296e-02   2.8422286e-02   3.2975909e-01   1.8674363e-03   7.4067056e-02   1.4553056e-02
   1.6290446e-01   2.1355823e-01   7.7891954e-03   9.6602864e-02   2.1966396e-01   3.2604014e-02   4.2617651e-02   5.6021621e-02   1.6823801e-01
   1.6352883e-01   6.1828366e-02   1.0094566e-01   3.0669397e-01   2.2328686e-03   9.8902459e-03   2.9213334e-01   3.5718543e-02   2.7028183e-02
   1.6597174e-01   6.4227399e-02   1.3147270e-01   7.2839559e-02   3.6954633e-02   3.6753375e-03   2.5908848e-01   2.0363354e-01   6.2136610e-02
   1.6661790e-01   3.1652988e-01   1.2911830e-02   5.1583255e-03   1.0410659e-01   4.2770988e-02   2.0824504e-01   1.1319075e-01   3.0468709e-02
   1.6728917e-01   3.6760370e-02   4.6589345e-02   2.9644191e-01   7.0572046e-02   3.4342442e-01   1.5136623e-02   4.7179084e-03   1.9068213e-02
   1.6800357e-01   1.7279123e-01   3.2128574e-01   1.6569999e-01   7.4535640e-02   3.6253765e-02   5.7082591e-03   2.6101874e-03   5.3111623e-02
   1.6839590e-01   1.4600685e-01   1.7109081e-01   2.4606346e-01   1.1976748e-01   7.6192882e-02   3.7522258e-02   1.2786816e-02   2.2173535e-02
   1.6960532e-01   1.4460663e-01   2.0275550e-01   9.4280066e-02   2.4426451e-02   3.1863570e-03   1.6094686e-01   7.4176812e-03   1.9277513e-01
   1.7088163e-01   5.3067423e-02   2.7841650e-01   7.5400807e-02   1.5208682e-01   2.0771686e-03   1.5015084e-01   3.7793753e-02   8.0125068e-02
   1.7149431e-01   1.8414856e-01   1.0772990e-01   1.6738192e-01   3.7472287e-02   1.6014395e-01   1.5615108e-01   6.5415282e-03   8.9364679e-03
   1.7152212e-01   9.2736473e-02   8.0249108e-02   2.2910084e-02   1.1331557e-01   4.8501054e-02   5.1760944e-02   9.4601661e-02   3.2440299e-01
   1.7355576e-01   1.6914511e-01   1.1881035e-01   1.0298472e-01   1.9624992e-01   2.7823134e-03   1.3632179e-01   9.8836484e-03   9.0266380e-02
   1.7419734e-01   9.7490607e-02   4.5324919e-03   1.1228185e-02   1.0212057e-01   3.5483916e-02   2.5527685e-01   5.5693138e-04   3.1911310e-01
   1.7620332e-01   9.9390466e-03   6.5949578e-02   1.7627477e-01   1.1242661e-02   1.0619017e-01   1.5002259e-01   6.0011013e-02   2.4416685e-01
   1.7620999e-01   1.2278299e-01   3.8100397e-01   2.0832532e-02   7.3711136e-02   2.1148801e-02   2.3954530e-02   1.1136691e-01   6.8989143e-02
   1.7643785e-01   5.5658627e-04   1.0575139e-02   3.3840445e-01   9.7773655e-02   9.7402597e-02   2.6771800e-01   9.4619666e-03   1.6697588e-03
   1.7815354e-01   1.6777516e-01   2.4705328e-01   4.9084886e-04   1.6419620e-01   1.9478634e-01   2.0141225e-03   8.2878697e-03   3.7242640e-02
   1.8002865e-01   9.2348433e-04   6.1205594e-02   4.2629209e-02   2.7167101e-01   2.0624107e-01   1.5761270e-01   7.1980585e-02   7.7076911e-03
   1.8284374e-01   7.7869816e-02   1.6870470e-01   1.1547423e-01   1.8770761e-01   2.6132630e-02   4.6272775e-02   1.4366881e-01   5.1325693e-02
   1.8375887e-01   1.4685066e-03   1.9877365e-01   4.1020955e-03   1.8153337e-02   9.6058368e-02   2.8438150e-01   8.1406752e-02   1.3189692e-01
   1.8403845e-01   9.3460782e-02   3.2237149e-02   7.8878470e-02   2.3034739e-02   1.5064722e-01   9.9148053e-02   2.7752355e-01   6.1031591e-02
   1.8450074e-01   4.9784875e-02   2.0321417e-03   1.2367459e-01   2.5519160e-01   2.1482352e-01   2.6027433e-02   9.3418148e-03   1.3462328e-01
   1.8458910e-01   2.5040977e-01   9.4734759e-03   2.0355461e-02   5.5897005e-03   2.3860089e-02   3.3164356e-01   1.0407899e-01   6.9999850e-02
   1.8480434e-01   4.2157755e-02   2.8944870e-02   1.8344808e-01   5.3494353e-02   8.4236023e-03   4.3577013e-02   3.7260464e-01   8.2545348e-02
   1.8617054e-01   1.3039149e-01   1.7647017e-01   1.4279063e-01   7.5310108e-02   7.9995658e-02   1.4465978e-02   2.2930825e-02   1.7147460e-01
   1.8633796e-01   1.4990429e-02   2.1707639e-01   9.5741454e-02   2.7420839e-02   1.9367849e-01   4.1305469e-02   2.1655757e-01   6.8913900e-03
   1.8657849e-01   3.0827615e-02   8.9078282e-03   4.2961373e-02   4.0047799e-01   8.6048971e-02   7.3736891e-03   7.8518001e-02   1.5830604e-01
   1.8725243e-01   1.2013050e-01   1.9304958e-01   9.7676451e-02   1.5267023e-03   1.0234617e-01   9.0848978e-03   1.7669975e-01   1.1223352e-01
   1.8794572e-01   1.2463388e-02   1.1254897e-04   1.1140509e-01   6.3192935e-02   1.6317470e-01   1.5973971e-01   1.4082006e-01   1.6114585e-01
   1.9037156e-01   1.0272371e-02   1.8451622e-01   6.4729687e-02   1.9706789e-01   1.3176831e-01   1.2876121e-03   2.0882037e-01   1.1165981e-02
   1.9135879e-01   1.9435302e-01   6.3566324e-02   8.3423644e-03   3.8421832e-02   1.3752967e-01   1.7946109e-01   1.7992352e-01   7.0434059e-03
   1.9515256e-01   5.2126015e-02   1.1306638e-03   4.5000863e-02   2.1655911e-01   1.3303370e-01   1.3370105e-02   2.1999052e-01   1.2363646e-01
   1.9530191e-01   3.1538372e-02   1.8951571e-01   7.5840618e-02   7.3042491e-02   1.4393023e-03   9.7046423e-03   2.0904126e-01   2.1457569e-01
   1.9563369e-01   2.3006083e-01   5.5268730e-02   1.5844885e-02   1.5044171e-01   8.5251900e-02   7.1444402e-02   1.9218776e-01   3.8660936e-03
   1.9619715e-01   1.9603418e-01   5.0705200e-02   2.3621835e-03   6.2633456e-02   2.3910982e-01   2.2974294e-01   1.1252516e-02   1.1962551e-02
   1.9726475e-01   2.9255240e-01   1.3378921e-02   5.6637431e-02   1.4865468e-04   1.5757396e-02   2.2595511e-02   2.9730935e-01   1.0435558e-01
   1.9739335e-01   1.4711187e-02   2.7318433e-01   6.2847339e-03   3.0065855e-01   3.4158788e-02   1.1710247e-01   2.4065085e-02   3.2441508e-02
   1.9764012e-01   2.9162995e-01   3.4433675e-02   1.2997463e-01   2.1295070e-02   1.1554931e-01   1.0809353e-01   1.8708499e-02   8.2675215e-02
   1.9901712e-01   1.4046979e-01   6.9452232e-02   1.7139852e-01   1.4333423e-02   9.0234408e-03   2.5604871e-02   2.0938862e-01   1.6131198e-01
   2.0064880e-01   9.1319999e-03   1.0295426e-01   1.0200445e-01   2.1302932e-01   4.1911422e-03   1.9378438e-01   9.4671146e-02   7.9584505e-02
   2.0095360e-01   1.1606236e-01   2.0500353e-02   3.3980931e-01   6.8791034e-02   1.5840204e-01   2.5456507e-02   6.2590773e-02   7.4340192e-03
   2.0240626e-01   1.9628916e-01   2.2763617e-06   3.5186612e-03   5.0608015e-03   1.2777404e-02   2.0603829e-01   2.3856503e-01   1.3534211e-01
   2.0305603e-01   1.0345403e-01   2.7746533e-01   1.1460159e-02   1.0604238e-02   1.6910583e-02   3.0045382e-01   9.1159895e-03   6.7479807e-02
   2.0621681e-01   4.2923171e-02   2.8419293e-02   1.1440580e-01   1.5058672e-01   1.4745367e-02   1.3400832e-01   2.2885600e-01   7.9838522e-02
   2.0645676e-01   1.8488335e-01   1.0842642e-01   1.9982173e-02   1.4493862e-01   1.3151811e-01   1.5258611e-01   4.6890385e-02   4.3180674e-03
   2.0743042e-01   5.8139400e-02   4.3112132e-03   1.8795796e-01   3.8538526e-02   1.5778799e-01   1.1237268e-02   1.5077712e-01   1.8382011e-01
   2.0815237e-01   3.2653805e-01   1.9976294e-01   6.2481945e-03   5.3423973e-03   5.7621787e-02   4.2433994e-02   1.5195247e-01   1.9478009e-03
   2.0837796e-01   8.5913561e-02   2.4600145e-03   2.1600948e-01   1.0108184e-01   1.9632077e-01   1.2056269e-01   8.8358612e-03   6.0437824e-02
   2.0964320e-01   2.0821243e-01   1.8709571e-02   1.1092535e-02   9.5308570e-02   2.0819881e-01   5.4269248e-03   2.3976372e-01   3.6442438e-03
   2.0984921e-01   4.8894796e-02   1.7480093e-01   2.5484552e-02   2.8373632e-02   1.5383526e-01   1.4504445e-02   8.8105461e-02   2.5615172e-01
   2.1102767e-01   5.6342549e-03   6.9227813e-02   5.1283152e-03   2.1025279e-01   3.5925676e-01   5.6835704e-02   3.3336062e-02   4.9300624e-02
   2.1323397e-01   3.4743950e-04   1.6213263e-01   3.4926851e-01   3.5644896e-03   4.7891418e-02   5.2640699e-02   3.0506064e-02   1.4041478e-01
   2.1602200e-01   2.3290996e-01   1.3900582e-01   1.4283408e-02   3.8264848e-02   4.3910151e-02   8.4461952e-03   2.5081823e-01   5.6339386e-02
   2.1916484e-01   8.9598777e-02   3.4878656e-02   5.4023868e-02   6.6623528e-04   4.1945039e-01   1.1200265e-01   3.9702460e-02   3.0512117e-02
   2.2079404e-01   2.3951625e-03   5.9882505e-02   1.9439735e-01   1.6961924e-02   2.6642674e-01   3.3375645e-02   1.2466774e-01   8.1098893e-02
   2.2413238e-01   2.1113351e-01   6.5205470e-02   2.1705751e-01   3.1788847e-02   1.9137252e-01   1.2581653e-02   9.1301915e-03   3.7597921e-02
   2.2471514e-01   1.3552931e-02   6.0764494e-02   4.3030953e-01   2.9811442e-02   3.5471547e-02   1.4331909e-02   1.9005284e-01   9.9016548e-04
   2.2529242e-01   1.5182639e-01   1.8050085e-02   5.8665603e-02   3.3588822e-03   2.0820828e-01   1.6160852e-01   7.6445837e-02   9.6543979e-02
   2.2822421e-01   2.3209000e-01   1.7322324e-03   6.4526670e-02   1.8946866e-01   2.0453526e-01   5.5995210e-02   2.2584994e-02   8.4276114e-04
   2.2878043e-01   3.4868781e-03   1.9009892e-01   1.5198315e-01   2.3171623e-01   1.6018107e-02   2.3250257e-02   7.9146279e-04   1.5387457e-01
   2.2947837e-01   3.8414881e-03   2.1754953e-01   2.1229276e-02   1.2131015e-03   1.6376870e-02   7.9255964e-02   4.5086939e-02   3.8596846e-01
   2.2969832e-01   2.1207881e-02   1.8633600e-01   3.4073068e-02   2.1028704e-02   4.3207730e-02   1.6480327e-01   4.6204560e-02   2.5344046e-01
   2.3302332e-01   7.9202445e-02   6.2736306e-03   8.4671461e-03   1.8312538e-01   1.4822161e-02   1.0735573e-01   1.7581487e-01   1.9191531e-01
   2.3596910e-01   3.6000301e-02   1.4502386e-01   5.4449426e-02   1.2027220e-01   2.2382572e-01   3.1759231e-02   1.2227602e-01   3.0424134e-02
   2.3892247e-01   8.4503807e-03   3.7332358e-02   2.4298858e-01   2.2733896e-01   1.6737296e-01   1.9001195e-02   4.8606854e-02   9.9862428e-03
   2.3896935e-01   3.2519367e-01   9.5991916e-03   2.6372516e-01   4.8837993e-03   6.8036376e-02   1.6840687e-04   1.7345908e-02   7.2078141e-02
   2.4090192e-01   1.2139153e-01   1.5283711e-02   5.0941189e-02   7.5924004e-02   3.1817671e-01   2.2872661e-02   6.3535289e-02   9.0972976e-02
   2.4110328e-01   1.2052314e-01   6.5215391e-02   2.6815090e-01   5.1149150e-02   1.5850310e-02   1.6341536e-01   6.1050562e-03   6.8487417e-02
   2.4258927e-01   8.0245214e-03   1.7855665e-02   1.9837179e-01   1.9638980e-01   5.2235623e-02   2.0514396e-01   7.9066466e-02   3.2290902e-04
   2.4410871e-01   4.2359000e-02   4.1263458e-02   8.9768550e-02   1.1277372e-01   1.2477238e-02   4.5947783e-03   1.7680796e-01   2.7584658e-01
   2.4562096e-01   1.1856759e-01   3.1004174e-01   2.4209476e-03   1.8858922e-01   5.7949671e-02   1.9803840e-03   2.3111650e-02   5.1717838e-02
   2.4703363e-01   8.6301506e-02   3.1950351e-02   1.1307721e-01   6.1028270e-02   3.4827813e-02   2.2376963e-01   4.8168536e-02   1.5384306e-01
   2.4808670e-01   1.7281691e-01   1.3862704e-02   4.3961419e-03   9.7401041e-02   7.4658815e-02   2.8360135e-01   2.0489657e-02   8.4686674e-02
   2.4901488e-01   2.6242992e-01   1.1024058e-01   2.8922944e-02   5.9591548e-02   8.9185394e-03   1.1803572e-01   7.9022334e-02   8.3823532e-02
   2.5076923e-01   1.7186813e-01   7.0329670e-03   1.7142857e-02   2.8791209e-02   8.5934066e-02   2.1318681e-02   4.0329670e-01   1.3846154e-02
   2.5148377e-01   2.4115903e-01   1.8910323e-01   2.3908192e-02   2.0280157e-01   5.2549126e-02   3.0286756e-02   3.9370529e-05   8.6689577e-03
   2.5820345e-01   1.6509434e-01   9.9056604e-02   4.2657916e-02   3.6279737e-01   2.4815422e-02   2.5430681e-02   3.6915505e-03   1.8252666e-02
   2.5874180e-01   7.1285171e-03   3.2328765e-01   4.0226940e-03   1.1447536e-01   2.0787756e-02   2.9564263e-04   2.6584551e-01   5.4150646e-03
   2.5978215e-01   9.1329742e-03   1.9106690e-01   1.4326010e-01   1.3891080e-02   2.1209826e-01   8.6616279e-02   6.1344288e-02   2.2807961e-02
   2.6097275e-01   2.4337110e-01   8.7308719e-02   1.6409515e-02   3.8253057e-02   2.5082394e-01   5.7667632e-02   3.0191062e-02   1.5002221e-02
   2.6140423e-01   5.1813934e-03   2.6851666e-01   2.7528157e-02   1.5710654e-01   1.5441239e-01   1.0247935e-01   9.1315120e-03   1.4239756e-02
   2.6353331e-01   1.3777542e-03   1.2923492e-01   2.4386305e-02   2.7962086e-01   6.4097327e-02   1.1667605e-01   4.3856873e-03   1.1668778e-01
   2.6381447e-01   3.4901964e-01   2.5666105e-04   2.3861186e-03   1.1325480e-01   1.0491838e-01   3.0006844e-03   1.4053738e-01   2.2811872e-02
   2.6382481e-01   3.0202516e-02   7.9836344e-03   4.2992652e-03   5.9383845e-02   2.6911320e-01   2.4780593e-01   2.3222193e-03   1.1506458e-01
   2.6383699e-01   9.1181719e-04   5.8282278e-02   1.7827033e-02   3.1198859e-01   1.2728952e-01   5.2700622e-02   1.2147784e-01   4.5685310e-02
   2.6692775e-01   1.8360281e-03   5.4953853e-05   4.9930282e-02   2.4566902e-01   4.5385801e-03   2.0536671e-01   1.2175678e-02   2.1350100e-01
   2.7100710e-01   1.1446054e-01   1.2058528e-01   3.3126863e-03   2.3735515e-01   1.8975093e-03   2.5913703e-02   6.9021506e-02   1.5644652e-01
   2.7101410e-01   1.3437643e-01   1.8334573e-01   2.0691307e-01   1.3977255e-02   4.7576164e-02   4.1348326e-02   5.8620996e-02   4.2827932e-02
   2.7108561e-01   5.3312056e-02   1.4581724e-01   1.2913208e-02   8.4172830e-02   7.9708797e-03   1.1408384e-01   2.7670564e-01   3.3938694e-02
   2.7252549e-01   6.2162169e-02   2.5680417e-02   2.7173058e-02   2.6212778e-01   2.1366638e-02   8.3192142e-03   2.1916603e-02   2.9872863e-01
   2.7257900e-01   2.1394464e-02   2.7880264e-03   6.8360797e-02   2.8060762e-01   1.1540660e-01   1.8948008e-01   1.2909323e-02   3.6474092e-02
   2.7376567e-01   2.8101590e-01   2.7416054e-01   1.6810892e-02   3.1397535e-02   7.0989096e-02   3.3871191e-03   3.5267750e-02   1.3205493e-02
   2.7397911e-01   2.4374802e-02   2.0576132e-03   6.9642292e-02   8.2937638e-02   2.1842355e-01   3.3871478e-02   2.8125989e-01   1.3453625e-02
   2.7475920e-01   2.0274317e-01   9.2126249e-02   3.6217773e-02   2.0984672e-02   2.1031959e-02   6.9213326e-02   2.9649002e-02   2.5327465e-01
   2.7532022e-01   9.8627301e-02   2.3953869e-02   2.0967888e-01   1.0454449e-01   5.0158448e-02   4.7321020e-03   4.8491900e-03   2.2813551e-01
   2.7660607e-01   1.5856026e-01   6.7238805e-03   2.7265481e-01   8.1549537e-03   1.5634200e-02   2.1239277e-02   2.2122183e-01   1.9204709e-02
   2.7820529e-01   8.7952459e-02   2.0428509e-01   2.0154030e-01   1.2569394e-02   5.8160276e-03   4.0249272e-04   2.0547578e-01   3.7531677e-03
   2.7873475e-01   7.5838723e-02   1.5428482e-02   3.4209625e-02   1.9017354e-01   1.5496209e-02   1.6483175e-03   3.0293485e-01   8.5535507e-02
   2.7956699e-01   3.0258940e-01   1.5160862e-02   6.4679512e-02   5.6302214e-02   6.3961510e-02   1.7105086e-02   1.9529088e-02   1.8110534e-01
   2.8363528e-01   1.0010117e-02   3.3091885e-02   1.4732301e-02   2.7501667e-02   1.2441518e-02   1.5328820e-01   2.7772139e-01   1.8757764e-01
   2.8508922e-01   3.6083899e-02   1.1375357e-03   2.4184928e-02   2.3935889e-01   6.6178481e-02   1.3230964e-01   1.9599521e-01   1.9662199e-02
   2.8692687e-01   9.9884941e-02   8.1160676e-02   1.0374819e-01   3.3224777e-02   1.8909889e-01   3.3686508e-02   3.8558031e-02   1.3371111e-01
   2.9055346e-01   3.5805624e-03   7.4095482e-02   7.1990301e-03   2.5146402e-01   2.0210094e-03   3.7526704e-02   2.0544714e-01   1.2811259e-01
   2.9286899e-01   1.1608624e-03   1.9568823e-02   2.5572139e-01   2.5223881e-01   7.4626866e-03   6.2023217e-02   9.7844113e-03   9.9170813e-02
   2.9418037e-01   1.3952823e-01   2.3100911e-01   2.5768663e-02   7.4750597e-02   1.1406768e-01   1.8943116e-02   2.4594212e-02   7.7158023e-02
   2.9903686e-01   2.9159344e-02   1.4901307e-02   1.3973062e-01   1.9332095e-01   1.4699274e-02   5.9706458e-03   1.7545145e-01   1.2772955e-01
   2.9999155e-01   1.2061102e-02   1.3106179e-01   2.6015772e-01   2.7894783e-02   2.5018624e-02   1.1395892e-01   1.2828622e-01   1.5692893e-03
   3.0231323e-01   1.8279148e-01   6.8924368e-03   2.7527533e-02   3.1460560e-01   1.0657464e-03   3.6199759e-03   4.0261057e-03   1.5715790e-01
   3.0344515e-01   3.8714915e-02   6.7130379e-02   1.8474714e-01   3.0483236e-01   2.5954410e-02   8.5928447e-04   6.9948656e-02   4.3676996e-03
   3.0975920e-01   2.2075243e-02   2.6789093e-01   4.3094389e-02   3.6469132e-02   2.2757918e-02   1.8508331e-01   1.0271154e-01   1.0158336e-02
   3.1269077e-01   2.2402261e-01   8.8713057e-02   1.0302594e-01   3.7597188e-02   2.7497255e-02   1.6658123e-02   1.5750577e-01   3.2289287e-02
   3.1402419e-01   5.2801101e-02   1.7273265e-01   1.1046566e-01   1.9482720e-01   5.3007360e-02   7.1779548e-02   1.5763738e-02   1.4598555e-02
   3.1471226e-01   4.7541462e-02   1.4424115e-02   2.3928621e-01   8.1914102e-03   9.9675157e-03   4.9703169e-02   1.8581992e-01   1.3035393e-01
   3.1923025e-01   4.3536148e-02   9.9613228e-02   1.5222504e-01   8.1663849e-02   5.9464668e-02   5.4155662e-02   1.0126222e-01   8.8848939e-02
   3.2114845e-01   1.7376809e-02   9.5512058e-02   7.7395416e-03   1.0944170e-01   4.6777717e-02   2.9572384e-01   4.0956707e-03   1.0218421e-01
   3.2243668e-01   2.3542944e-02   5.2822589e-03   3.2108649e-02   2.0420756e-02   1.6761421e-01   3.1664741e-01   1.1157788e-01   3.6919877e-04
   3.2312666e-01   2.3652484e-02   2.0331124e-01   5.9730244e-03   8.8257217e-04   1.2166879e-01   3.3999794e-02   2.3949332e-01   4.7892106e-02
   3.2645419e-01   3.8049229e-02   2.3780231e-03   5.5119274e-02   9.2219137e-02   2.4962766e-02   1.0975039e-01   5.3346092e-02   2.9772090e-01
   3.3035251e-01   3.5881187e-03   4.3314834e-03   3.1512084e-01   9.4596804e-03   6.7709737e-02   1.2307220e-01   2.6645609e-02   1.1971981e-01
   3.3196244e-01   2.2204147e-02   1.3591912e-01   1.7413568e-02   4.0053435e-02   9.2410938e-03   2.1285937e-02   2.5325621e-01   1.6866404e-01
   3.3455463e-01   1.5475941e-02   4.4787186e-02   1.0467226e-02   8.9380298e-02   1.1047299e-01   1.7763063e-01   1.0688932e-01   1.1034178e-01
   3.3466455e-01   3.7269404e-02   1.4497383e-01   1.2196476e-02   3.4187988e-02   2.0254285e-01   1.5734694e-01   2.7237490e-04   7.6545573e-02
   3.3470466e-01   2.0900932e-01   1.4003905e-02   8.4801787e-02   2.7235020e-02   1.2974259e-01   1.3251704e-01   1.4676434e-02   5.3309247e-02
   3.3493063e-01   1.0291023e-02   2.1317772e-02   7.8655933e-03   2.2803897e-01   2.3842453e-01   2.5580851e-02   5.1875731e-02   8.1674911e-02
   3.4560243e-01   3.7250197e-02   8.2503397e-02   7.5720706e-02   1.4685067e-02   1.4211069e-03   3.7033856e-01   5.8009694e-02   1.4468837e-02
   3.4663024e-01   4.9180328e-02   1.2750455e-02   1.2440801e-01   3.8251366e-03   1.9836066e-01   9.5628415e-02   1.5992714e-01   9.2896175e-03
   3.4902291e-01   1.4477335e-01   2.2914625e-03   5.7093844e-02   2.5077658e-01   2.6163847e-02   9.2652329e-02   4.0676226e-02   3.6549453e-02
   3.5052479e-01   3.9408308e-02   5.0782596e-02   4.2429268e-02   2.3339700e-03   2.0240600e-01   4.5422037e-03   1.9094852e-01   1.1662435e-01
   3.6027061e-01   3.2941066e-03   8.8949279e-02   1.2908678e-01   3.8685454e-02   2.9053376e-01   3.5564013e-02   1.5205474e-02   3.8410528e-02
   3.6272488e-01   8.3818708e-02   4.4250788e-02   2.4166887e-02   6.5020324e-02   5.1385415e-03   1.9546194e-01   2.1582728e-01   3.5906411e-03
   3.7176019e-01   1.0069338e-01   1.4431494e-03   5.5043028e-03   8.5423464e-03   7.3599041e-02   2.0122995e-01   3.5840709e-02   2.0138693e-01
   3.7480622e-01   6.6799190e-02   2.8061326e-03   7.4590370e-02   3.1579927e-02   7.1347583e-02   3.7552027e-02   3.1876333e-01   2.1755217e-02
   3.8507070e-01   1.5093719e-01   4.2420256e-02   1.3285104e-01   5.2614272e-03   1.0851694e-02   5.0312397e-02   2.9595528e-02   1.9269977e-01
   3.9633867e-01   1.2623377e-01   1.1668786e-02   1.4321967e-01   2.8982830e-02   3.0952009e-02   2.1656325e-01   3.5287324e-02   1.0753690e-02
   4.0573888e-01   8.7804878e-02   1.1736011e-01   4.0459110e-02   1.0215208e-01   3.7015782e-02   1.3687231e-01   2.3816356e-02   4.8780488e-02
   4.2272906e-01   3.0724038e-02   9.1495858e-02   1.7280834e-01   7.8376787e-03   1.0232833e-01   1.2045888e-01   4.5309498e-02   6.3083165e-03
   4.4046806e-01   1.7558210e-02   8.1726503e-02   1.0043717e-01   1.4341869e-01   1.4203920e-01   2.4131186e-02   2.8176308e-02   2.2044679e-02
   4.4711992e-01   7.5542965e-03   1.0859301e-02   4.8630784e-02   1.4400378e-02   1.8980170e-01   2.3371105e-02   1.8885741e-02   2.3937677e-01
   5.0588411e-01   7.8562326e-02   5.0436011e-02   1.2950553e-01   4.0035500e-02   4.2761746e-02   1.2079222e-02   2.6676803e-02   1.1405875e-01
   1.0000000e+00   0.0000000e+00   0.0000000e+00   0.0000000e+00   0.0000000e+00   0.0000000e+00   0.0000000e+00   0.0000000e+00   0.0000000e+00
