   0.0000000e+00   0.0000000e+00   0.0000000e+00   0.0000000e+00   0.0000000e+00   0.0000000e+00   0.0000000e+00   0.0000000e+00   0.0000000e+00   0.0000000e+00   0.0000000e+00   0.0000000e+00   0.0000000e+00   0.0000000e+00   0.0000000e+00   0.0000000e+00   0.0000000e+00   0.0000000e+00   0.0000000e+00   0.0000000e+00   0.0000000e+00   0.0000000e+00   0.0000000e+00   0.0000000e+00   0.0000000e+00   1.0000000e+00
   0.0000000e+00   0.0000000e+00   0.0000000e+00   0.0000000e+00   0.0000000e+00   0.0000000e+00   0.0000000e+00   0.0000000e+00   0.0000000e+00   0.0000000e+00   0.0000000e+00   0.0000000e+00   0.0000000e+00   0.0000000e+00   0.0000000e+00   0.0000000e+00   0.0000000e+00   0.0000000e+00   0.0000000e+00   0.0000000e+00   0.0000000e+00   0.0000000e+00   0.0000000e+00   0.0000000e+00   1.0000000e+00   0.0000000e+00
   0.0000000e+00   0.0000000e+00   0.0000000e+00   0.0000000e+00   0.0000000e+00   0.0000000e+00   0.0000000e+00   0.0000000e+00   0.0000000e+00   0.0000000e+00   0.0000000e+00   0.0000000e+00   0.0000000e+00   0.0000000e+00   0.0000000e+00   0.0000000e+00   0.0000000e+00   0.0000000e+00   0.0000000e+00   0.0000000e+00   0.0000000e+00   0.0000000e+00   0.0000000e+00   1.0000000e+00   0.0000000e+00   0.0000000e+00
   0.0000000e+00   0.0000000e+00   0.0000000e+00   0.0000000e+00   0.0000000e+00   0.0000000e+00   0.0000000e+00   0.0000000e+00   0.0000000e+00   0.0000000e+00   0.0000000e+00   0.0000000e+00   0.0000000e+00   0.0000000e+00   0.0000000e+00   0.0000000e+00   0.0000000e+00   0.0000000e+00   0.0000000e+00   0.0000000e+00   0.0000000e+00   0.0000000e+00   1.0000000e+00   0.0000000e+00   0.0000000e+00   0.0000000e+00
   0.0000000e+00   0.0000000e+00   0.0000000e+00   0.0000000e+00   0.0000000e+00   0.0000000e+00   0.0000000e+00   0.0000000e+00   0.0000000e+00   0.0000000e+00   0.0000000e+00   0.0000000e+00   0.0000000e+00   0.0000000e+00   0.0000000e+00   0.0000000e+00   0.0000000e+00   0.0000000e+00   0.0000000e+00   0.0000000e+00   0.0000000e+00   1.0000000e+00   0.0000000e+00   0.0000000e+00   0.0000000e+00   0.0000000e+00
   0.0000000e+00   0.0000000e+00   0.0000000e+00   0.0000000e+00   0.0000000e+00   0.0000000e+00   0.0000000e+00   0.0000000e+00   0.0000000e+00   0.0000000e+00   0.0000000e+00   0.0000000e+00   0.0000000e+00   0.0000000e+00   0.0000000e+00   0.0000000e+00   0.0000000e+00   0.0000000e+00   0.0000000e+00   0.0000000e+00   1.0000000e+00   0.0000000e+00   0.0000000e+00   0.0000000e+00   0.0000000e+00   0.0000000e+00
   0.0000000e+00   0.0000000e+00   0.0000000e+00   0.0000000e+00   0.0000000e+00   0.0000000e+00   0.0000000e+00   0.0000000e+00   0.0000000e+00   0.0000000e+00   0.0000000e+00   0.0000000e+00   0.0000000e+00   0.0000000e+00   0.0000000e+00   0.0000000e+00   0.0000000e+00   0.0000000e+00   0.0000000e+00   1.0000000e+00   0.0000000e+00   0.0000000e+00   0.0000000e+00   0.0000000e+00   0.0000000e+00   0.0000000e+00
   0.0000000e+00   0.0000000e+00   0.0000000e+00   0.0000000e+00   0.0000000e+00   0.0000000e+00   0.0000000e+00   0.0000000e+00   0.0000000e+00   0.0000000e+00   0.0000000e+00   0.0000000e+00   0.0000000e+00   0.0000000e+00   0.0000000e+00   0.0000000e+00   0.0000000e+00   0.0000000e+00   1.0000000e+00   0.0000000e+00   0.0000000e+00   0.0000000e+00   0.0000000e+00   0.0000000e+00   0.0000000e+00   0.0000000e+00
   0.0000000e+00   0.0000000e+00   0.0000000e+00   0.0000000e+00   0.0000000e+00   0.0000000e+00   0.0000000e+00   0.0000000e+00   0.0000000e+00   0.0000000e+00   0.0000000e+00   0.0000000e+00   0.0000000e+00   0.0000000e+00   0.0000000e+00   0.0000000e+00   0.0000000e+00   1.0000000e+00   0.0000000e+00   0.0000000e+00   0.0000000e+00   0.0000000e+00   0.0000000e+00   0.0000000e+00   0.0000000e+00   0.0000000e+00
   0.0000000e+00   0.0000000e+00   0.0000000e+00   0.0000000e+00   0.0000000e+00   0.0000000e+00   0.0000000e+00   0.0000000e+00   0.0000000e+00   0.0000000e+00   0.0000000e+00   0.0000000e+00   0.0000000e+00   0.0000000e+00   0.0000000e+00   0.0000000e+00   1.0000000e+00   0.0000000e+00   0.0000000e+00   0.0000000e+00   0.0000000e+00   0.0000000e+00   0.0000000e+00   0.0000000e+00   0.0000000e+00   0.0000000e+00
   0.0000000e+00   0.0000000e+00   0.0000000e+00   0.0000000e+00   0.0000000e+00   0.0000000e+00   0.0000000e+00   0.0000000e+00   0.0000000e+00   0.0000000e+00   0.0000000e+00   0.0000000e+00   0.0000000e+00   0.0000000e+00   0.0000000e+00   1.0000000e+00   0.0000000e+00   0.0000000e+00   0.0000000e+00   0.0000000e+00   0.0000000e+00   0.0000000e+00   0.0000000e+00   0.0000000e+00   0.0000000e+00   0.0000000e+00
   0.0000000e+00   0.0000000e+00   0.0000000e+00   0.0000000e+00   0.0000000e+00   0.0000000e+00   0.0000000e+00   0.0000000e+00   0.0000000e+00   0.0000000e+00   0.0000000e+00   0.0000000e+00   0.0000000e+00   0.0000000e+00   1.0000000e+00   0.0000000e+00   0.0000000e+00   0.0000000e+00   0.0000000e+00   0.0000000e+00   0.0000000e+00   0.0000000e+00   0.0000000e+00   0.0000000e+00   0.0000000e+00   0.0000000e+00
   0.0000000e+00   0.0000000e+00   0.0000000e+00   0.0000000e+00   0.0000000e+00   0.0000000e+00   0.0000000e+00   0.0000000e+00   0.0000000e+00   0.0000000e+00   0.0000000e+00   0.0000000e+00   0.0000000e+00   1.0000000e+00   0.0000000e+00   0.0000000e+00   0.0000000e+00   0.0000000e+00   0.0000000e+00   0.0000000e+00   0.0000000e+00   0.0000000e+00   0.0000000e+00   0.0000000e+00   0.0000000e+00   0.0000000e+00
   0.0000000e+00   0.0000000e+00   0.0000000e+00   0.0000000e+00   0.0000000e+00   0.0000000e+00   0.0000000e+00   0.0000000e+00   0.0000000e+00   0.0000000e+00   0.0000000e+00   0.0000000e+00   1.0000000e+00   0.0000000e+00   0.0000000e+00   0.0000000e+00   0.0000000e+00   0.0000000e+00   0.0000000e+00   0.0000000e+00   0.0000000e+00   0.0000000e+00   0.0000000e+00   0.0000000e+00   0.0000000e+00   0.0000000e+00
   0.0000000e+00   0.0000000e+00   0.0000000e+00   0.0000000e+00   0.0000000e+00   0.0000000e+00   0.0000000e+00   0.0000000e+00   0.0000000e+00   0.0000000e+00   0.0000000e+00   1.0000000e+00   0.0000000e+00   0.0000000e+00   0.0000000e+00   0.0000000e+00   0.0000000e+00   0.0000000e+00   0.0000000e+00   0.0000000e+00   0.0000000e+00   0.0000000e+00   0.0000000e+00   0.0000000e+00   0.0000000e+00   0.0000000e+00
   0.0000000e+00   0.0000000e+00   0.0000000e+00   0.0000000e+00   0.0000000e+00   0.0000000e+00   0.0000000e+00   0.0000000e+00   0.0000000e+00   0.0000000e+00   1.0000000e+00   0.0000000e+00   0.0000000e+00   0.0000000e+00   0.0000000e+00   0.0000000e+00   0.0000000e+00   0.0000000e+00   0.0000000e+00   0.0000000e+00   0.0000000e+00   0.0000000e+00   0.0000000e+00   0.0000000e+00   0.0000000e+00   0.0000000e+00
   0.0000000e+00   0.0000000e+00   0.0000000e+00   0.0000000e+00   0.0000000e+00   0.0000000e+00   0.0000000e+00   0.0000000e+00   0.0000000e+00   1.0000000e+00   0.0000000e+00   0.0000000e+00   0.0000000e+00   0.0000000e+00   0.0000000e+00   0.0000000e+00   0.0000000e+00   0.0000000e+00   0.0000000e+00   0.0000000e+00   0.0000000e+00   0.0000000e+00   0.0000000e+00   0.0000000e+00   0.0000000e+00   0.0000000e+00
   0.0000000e+00   0.0000000e+00   0.0000000e+00   0.0000000e+00   0.0000000e+00   0.0000000e+00   0.0000000e+00   0.0000000e+00   1.0000000e+00   0.0000000e+00   0.0000000e+00   0.0000000e+00   0.0000000e+00   0.0000000e+00   0.0000000e+00   0.0000000e+00   0.0000000e+00   0.0000000e+00   0.0000000e+00   0.0000000e+00   0.0000000e+00   0.0000000e+00   0.0000000e+00   0.0000000e+00   0.0000000e+00   0.0000000e+00
   0.0000000e+00   0.0000000e+00   0.0000000e+00   0.0000000e+00   0.0000000e+00   0.0000000e+00   0.0000000e+00   1.0000000e+00   0.0000000e+00   0.0000000e+00   0.0000000e+00   0.0000000e+00   0.0000000e+00   0.0000000e+00   0.0000000e+00   0.0000000e+00   0.0000000e+00   0.0000000e+00   0.0000000e+00   0.0000000e+00   0.0000000e+00   0.0000000e+00   0.0000000e+00   0.0000000e+00   0.0000000e+00   0.0000000e+00
   0.0000000e+00   0.0000000e+00   0.0000000e+00   0.0000000e+00   0.0000000e+00   0.0000000e+00   1.0000000e+00   0.0000000e+00   0.0000000e+00   0.0000000e+00   0.0000000e+00   0.0000000e+00   0.0000000e+00   0.0000000e+00   0.0000000e+00   0.0000000e+00   0.0000000e+00   0.0000000e+00   0.0000000e+00   0.0000000e+00   0.0000000e+00   0.0000000e+00   0.0000000e+00   0.0000000e+00   0.0000000e+00   0.0000000e+00
   0.0000000e+00   0.0000000e+00   0.0000000e+00   0.0000000e+00   0.0000000e+00   1.0000000e+00   0.0000000e+00   0.0000000e+00   0.0000000e+00   0.0000000e+00   0.0000000e+00   0.0000000e+00   0.0000000e+00   0.0000000e+00   0.0000000e+00   0.0000000e+00   0.0000000e+00   0.0000000e+00   0.0000000e+00   0.0000000e+00   0.0000000e+00   0.0000000e+00   0.0000000e+00   0.0000000e+00   0.0000000e+00   0.0000000e+00
   0.0000000e+00   0.0000000e+00   0.0000000e+00   0.0000000e+00   1.0000000e+00   0.0000000e+00   0.0000000e+00   0.0000000e+00   0.0000000e+00   0.0000000e+00   0.0000000e+00   0.0000000e+00   0.0000000e+00   0.0000000e+00   0.0000000e+00   0.0000000e+00   0.0000000e+00   0.0000000e+00   0.0000000e+00   0.0000000e+00   0.0000000e+00   0.0000000e+00   0.0000000e+00   0.0000000e+00   0.0000000e+00   0.0000000e+00
   0.0000000e+00   0.0000000e+00   0.0000000e+00   1.0000000e+00   0.0000000e+00   0.0000000e+00   0.0000000e+00   0.0000000e+00   0.0000000e+00   0.0000000e+00   0.0000000e+00   0.0000000e+00   0.0000000e+00   0.0000000e+00   0.0000000e+00   0.0000000e+00   0.0000000e+00   0.0000000e+00   0.0000000e+00   0.0000000e+00   0.0000000e+00   0.0000000e+00   0.0000000e+00   0.0000000e+00   0.0000000e+00   0.0000000e+00
   0.0000000e+00   0.0000000e+00   1.0000000e+00   0.0000000e+00   0.0000000e+00   0.0000000e+00   0.0000000e+00   0.0000000e+00   0.0000000e+00   0.0000000e+00   0.0000000e+00   0.0000000e+00   0.0000000e+00   0.0000000e+00   0.0000000e+00   0.0000000e+00   0.0000000e+00   0.0000000e+00   0.0000000e+00   0.0000000e+00   0.0000000e+00   0.0000000e+00   0.0000000e+00   0.0000000e+00   0.0000000e+00   0.0000000e+00
   0.0000000e+00   1.0000000e+00   0.0000000e+00   0.0000000e+00   0.0000000e+00   0.0000000e+00   0.0000000e+00   0.0000000e+00   0.0000000e+00   0.0000000e+00   0.0000000e+00   0.0000000e+00   0.0000000e+00   0.0000000e+00   0.0000000e+00   0.0000000e+00   0.0000000e+00   0.0000000e+00   0.0000000e+00   0.0000000e+00   0.0000000e+00   0.0000000e+00   0.0000000e+00   0.0000000e+00   0.0000000e+00   0.0000000e+00
   3.3638230e-04   2.7530673e-02   5.4240802e-02   7.1762316e-03   1.3957125e-03   9.5653746e-02   2.4286716e-02   1.8458142e-03   4.3388116e-02   4.2440385e-02   5.7516509e-02   9.9425000e-02   2.3030140e-02   2.8411604e-02   1.8737108e-02   1.4835116e-02   8.2063559e-02   9.5685002e-03   1.8882222e-02   4.6459256e-02   7.6590570e-03   1.8027849e-02   1.0441038e-01   2.8453053e-02   3.5380981e-02   1.0884509e-01
   6.8300397e-04   1.2780270e-03   6.1904812e-02   7.9474238e-02   2.2396616e-02   2.8317381e-02   2.7839676e-02   4.0989036e-02   3.4544889e-02   2.0377682e-02   8.1575570e-02   2.1070403e-02   7.3815516e-02   6.8474260e-02   1.1207410e-02   2.3403169e-02   8.2288448e-02   4.2056233e-02   9.4816691e-03   8.2236835e-02   3.4683252e-03   4.5231086e-02   2.8160491e-03   7.6625589e-02   3.1434675e-02   2.7009401e-02
   1.0320390e-03   6.2803754e-02   1.1739472e-02   3.1418852e-02   6.9191309e-02   7.8904905e-02   1.6622639e-02   7.4799248e-03   1.2658170e-02   2.5501647e-02   7.1535904e-03   2.8767705e-02   2.2978738e-03   5.1918609e-03   7.2957816e-02   1.5141573e-03   8.0024511e-02   3.7382977e-03   3.5199226e-02   9.0713760e-02   3.4694395e-02   9.5803580e-02   5.6424733e-02   5.6491138e-02   8.6954626e-02   2.4720018e-02
   1.2641500e-03   2.9105078e-02   6.4420716e-02   9.7739638e-03   4.4268116e-02   1.0189046e-01   5.3599002e-03   7.1322179e-03   3.3823819e-03   5.7966743e-03   6.8998446e-02   1.7000118e-02   2.2080858e-04   1.0524828e-01   1.3062248e-03   5.3261167e-02   2.6326576e-02   1.5067563e-02   1.0528488e-01   7.5874542e-02   1.7763729e-02   4.6350981e-02   1.0434571e-01   2.4255893e-02   3.7785142e-02   2.8516278e-02
   1.5241668e-03   6.6774361e-02   1.8646771e-02   3.9439665e-03   6.7207407e-03   2.9051239e-02   8.4117334e-02   3.7568055e-02   2.3535367e-02   1.5736448e-02   2.6291907e-02   8.9791918e-02   6.5683137e-02   4.7149568e-03   6.2438778e-03   7.5310079e-02   2.0480634e-02   9.8864320e-02   6.0040081e-02   8.7554224e-02   3.7490615e-02   4.8103378e-02   3.6963588e-03   6.1703522e-02   1.7465575e-02   8.9469686e-03
   1.7561518e-03   9.7914772e-02   3.9409932e-02   2.9061254e-02   7.3655513e-02   5.1700301e-03   4.8530117e-03   4.8449658e-02   7.8925011e-03   2.6124262e-02   4.4072081e-02   6.5601453e-04   1.9815368e-02   1.2214211e-02   4.4135348e-02   6.5397642e-02   7.2042287e-02   1.0043518e-01   3.1874902e-02   6.9827436e-03   5.5853944e-02   1.4318106e-02   2.5957266e-04   1.0927493e-02   9.8793911e-02   8.7934106e-02
   2.1675625e-03   1.2310641e-02   1.1443258e-02   9.8437395e-02   1.0159206e-02   2.8246058e-02   7.2904876e-03   2.2540121e-02   1.0352595e-02   7.2309544e-02   3.6281523e-02   9.7514572e-02   5.8384958e-02   6.6123447e-02   2.6017756e-03   3.0746994e-02   1.9898665e-02   2.9219639e-02   2.2283501e-02   9.5721500e-02   9.3215861e-04   7.1333011e-02   5.6835770e-02   2.5511143e-02   1.0553391e-01   5.8205622e-03
   4.1484838e-03   8.6783535e-02   2.4568204e-02   2.8289289e-02   4.4096141e-02   4.7905495e-02   8.5863525e-02   8.3070104e-02   1.8178287e-02   8.3505007e-02   2.6661917e-02   1.6298059e-02   2.1967542e-03   8.1533908e-02   1.0391785e-02   1.2124559e-02   1.8451757e-02   4.5584303e-02   1.9667666e-02   8.2291795e-02   3.0700421e-03   9.3990326e-02   2.5533035e-02   2.0427783e-03   4.0121583e-02   1.3631665e-02
   4.2973490e-03   1.4453159e-02   6.8482081e-02   8.8901494e-02   6.8401101e-02   1.8466245e-02   4.3727992e-02   8.6771104e-02   4.2085755e-02   2.5676412e-03   7.1433459e-02   7.4338867e-02   1.9259904e-02   6.8835996e-02   3.1854156e-02   1.0870112e-04   2.8885917e-02   6.3796991e-03   3.1460957e-02   6.6178008e-02   1.0802573e-02   5.4428153e-03   9.5221071e-02   4.1907088e-03   4.5793809e-02   1.6594379e-03
   4.4192270e-03   2.5025291e-02   8.7822822e-02   7.1852041e-03   4.5736309e-03   6.4800290e-02   7.7740394e-03   1.9886833e-02   1.4843793e-02   8.1686376e-02   3.4270287e-02   5.2295581e-03   1.6122849e-02   8.1736540e-02   8.5263865e-02   1.0636409e-02   8.5383837e-02   8.7945256e-02   6.2529632e-02   1.8304829e-02   8.8042013e-02   7.8841134e-02   3.7597661e-03   4.9196872e-03   1.2193583e-02   6.8032497e-03
   4.5320554e-03   1.4024039e-02   1.8764196e-02   8.0750422e-02   7.3827928e-03   5.1526366e-02   7.9793669e-02   1.5377100e-03   3.2131435e-02   3.4254320e-02   6.4267683e-03   2.4454445e-02   2.8062067e-02   8.9252218e-02   8.1901207e-02   3.9330699e-02   9.1901261e-02   2.1043722e-02   8.2392959e-02   1.1722380e-02   2.1169374e-02   9.9875006e-02   1.9222195e-02   3.4661299e-02   1.2010429e-02   1.1876968e-02
   5.3728196e-03   1.4506771e-02   1.6565367e-02   7.5990014e-02   2.5394064e-02   9.0832853e-02   6.9494551e-02   7.1721516e-02   1.2874559e-02   2.4083403e-02   6.0068178e-02   8.6447587e-02   1.2763599e-02   1.7826446e-02   1.1929596e-02   1.7599928e-02   1.7336981e-02   3.4618687e-03   5.9368258e-02   1.2664812e-02   3.8762334e-02   1.0164936e-01   1.6936605e-02   4.2480501e-02   9.0903429e-02   2.9646010e-03
   5.4418085e-03   3.8622295e-02   1.0033549e-01   2.7502413e-02   6.0924218e-02   6.3129330e-02   4.1762019e-03   8.1556434e-03   3.6764345e-02   2.9087772e-02   1.8553228e-03   8.9592562e-02   4.0227456e-02   1.5652225e-02   6.3968866e-02   3.5257207e-02   7.7192276e-02   5.7698845e-04   3.5438352e-02   1.6472265e-02   4.2006976e-04   2.7123636e-02   1.2213486e-02   1.0452677e-01   9.3201040e-02   1.2141959e-02
   5.5960441e-03   3.1858980e-02   6.2856109e-02   3.4883712e-02   8.8236021e-02   4.1451089e-03   9.0242633e-02   5.5477141e-04   1.0445059e-02   3.0115686e-03   4.0470592e-03   8.9098947e-03   4.1405260e-02   1.5789094e-04   7.2211831e-02   6.2165811e-02   8.6231965e-02   4.0359496e-02   4.8631811e-02   7.7943859e-02   4.8270944e-02   7.7431576e-02   3.7137543e-02   3.0317719e-03   7.4598728e-03   5.2773407e-02
   5.6424088e-03   2.2467845e-02   1.3145924e-02   6.6351740e-02   2.4098381e-02   5.0489228e-03   5.5910098e-02   1.3542292e-02   1.0331509e-01   9.2393139e-03   9.1482945e-03   1.1831278e-01   1.4187190e-02   1.4615285e-02   7.6061730e-02   9.2308524e-04   8.4914344e-03   4.1739211e-02   5.4518259e-02   1.1205775e-01   4.7449783e-02   2.9543114e-02   9.9491951e-02   2.8336386e-02   1.5395688e-02   1.0966037e-02
   6.1010873e-03   7.2006764e-02   1.1493766e-02   2.0666179e-02   7.4970142e-02   2.9499713e-02   4.9279857e-02   1.5815952e-02   7.3342653e-02   9.3698057e-02   6.6519069e-02   4.6675428e-03   1.4752825e-02   1.8673133e-02   2.3689467e-02   9.6856532e-04   4.8935451e-03   1.7395287e-02   5.6123393e-02   9.8436944e-02   7.9187398e-02   7.9649688e-02   3.3716152e-03   7.1964832e-02   9.9666528e-03   2.8658731e-03
   6.2514563e-03   1.8106591e-02   8.4631479e-02   9.6290374e-03   7.9358950e-02   1.0497162e-01   3.5356312e-02   6.4577957e-03   7.7033203e-02   2.0912237e-02   1.0764656e-01   1.3896928e-02   9.0111558e-02   3.3104528e-02   8.1446381e-03   6.8018822e-03   3.5329098e-02   7.3736170e-03   1.8480562e-02   9.7547626e-02   1.8300260e-02   4.6502766e-02   9.3395046e-03   2.7109307e-03   2.8203619e-02   3.3797240e-02
   7.8949081e-03   5.5501550e-03   2.4290039e-03   7.7002270e-02   8.5815259e-02   1.4087305e-02   3.7100097e-03   2.6209564e-02   8.6947667e-02   2.1754664e-02   8.0880066e-02   1.4974727e-02   3.8207168e-03   3.3585209e-03   2.0818418e-02   5.8091131e-02   8.0919716e-02   7.2205965e-02   7.9590900e-02   1.4670577e-02   1.5615847e-02   7.7483197e-02   2.2154585e-03   4.6681911e-02   2.9941005e-02   6.7331039e-02
   8.3298748e-03   5.6231458e-02   7.3026663e-02   6.6432737e-02   9.0101594e-02   2.3742980e-02   2.0493443e-02   6.8298501e-02   5.1758606e-03   6.7320669e-02   8.9881082e-02   6.7902454e-03   1.4187151e-02   4.3504984e-04   9.5013152e-02   9.8260301e-03   1.3951727e-02   1.2291508e-03   8.4544700e-02   7.8020081e-03   6.9264869e-02   5.9801150e-02   2.0258875e-02   2.1854411e-02   1.0844862e-02   1.5161755e-02
   1.0033266e-02   5.0769523e-02   3.8329638e-02   1.8121094e-02   5.6226545e-03   2.1436251e-02   3.5791324e-02   6.3504467e-03   5.9630106e-02   5.3011170e-02   3.5148634e-02   5.5041814e-02   6.0796541e-02   3.1043683e-02   9.9531497e-02   5.9786420e-03   8.4209762e-02   9.6053098e-02   5.4572473e-02   2.3866656e-02   4.4528922e-03   1.4078239e-02   4.9478247e-02   3.6131602e-03   2.3513337e-02   5.9525851e-02
   1.0939139e-02   9.6623829e-02   6.4955860e-02   8.9931045e-02   7.4836974e-03   6.6152114e-02   1.4951785e-02   6.3597535e-02   9.9542784e-02   1.2340997e-02   6.1278970e-02   4.3378505e-02   2.7667808e-03   1.6645690e-02   4.2091027e-02   7.8858439e-02   1.0232002e-03   2.2078628e-02   2.2773962e-02   2.1185405e-03   5.8171430e-02   3.2706069e-02   7.6128690e-02   1.0874168e-02   2.4302375e-03   1.5687608e-04
   1.1120026e-02   3.4966967e-04   8.9782328e-02   5.6256511e-03   6.8224692e-02   7.2684566e-02   9.6886993e-04   2.3746803e-03   6.2511761e-02   2.6461630e-03   4.1507541e-02   3.8510891e-02   2.1776361e-02   7.4202081e-02   5.4416164e-02   1.2747127e-02   2.2889177e-02   5.3035617e-02   1.8250334e-02   5.9733578e-02   7.3167977e-02   8.8284716e-02   4.2267198e-03   1.7580132e-02   3.5203254e-03   9.9862851e-02
   1.2490305e-02   1.6269810e-02   8.1464237e-02   5.3467133e-02   7.8226650e-03   1.3660890e-03   3.3198296e-03   2.5688559e-02   7.0050256e-02   1.2625840e-03   6.5238665e-03   7.2304616e-03   8.4670305e-02   7.4364987e-02   4.1827629e-02   4.7585775e-02   3.5905678e-03   6.8733736e-02   8.0147533e-02   8.0783908e-02   7.0041785e-02   4.1672010e-03   8.1665085e-02   1.9874676e-02   2.1668145e-02   3.3922870e-02
   1.3622888e-02   7.3320081e-02   9.8093136e-02   1.0256607e-05   4.4045978e-02   3.0977073e-03   5.0696588e-04   2.0431640e-02   1.5139294e-03   9.9525851e-02   3.8575309e-02   1.7619974e-02   5.0095476e-02   7.9652346e-03   6.7596132e-02   1.4984418e-02   2.3976857e-02   1.2015745e-02   1.7587726e-02   9.7178573e-02   7.1572564e-03   7.2200292e-02   7.2557445e-02   1.1297270e-02   5.9316300e-02   7.5707560e-02
   1.4406363e-02   4.0522263e-02   2.5874526e-03   1.6889849e-02   9.2967459e-02   3.5737148e-02   5.1612255e-02   2.1681614e-02   1.2532354e-02   3.5930326e-02   1.0716893e-01   3.4574963e-02   4.6697576e-02   9.4423656e-02   2.1750136e-02   2.8766370e-02   5.4223287e-03   9.9032739e-02   8.2644992e-02   5.7655318e-02   1.4737145e-02   1.0026510e-02   1.4867060e-02   2.2328514e-02   1.5905747e-02   1.9130929e-02
   1.4545663e-02   8.0321469e-02   3.8605178e-02   9.2500148e-02   3.0193301e-02   1.0517786e-01   2.1202623e-02   1.7352157e-02   9.5398698e-02   1.3091719e-02   2.4757209e-02   3.8769492e-02   3.6251503e-02   4.8430496e-03   2.8170288e-02   1.0699561e-02   2.0638201e-03   6.8506902e-02   1.0869732e-01   6.1879705e-03   5.7318870e-02   3.2934131e-04   8.7835219e-03   1.2603144e-02   5.7408669e-02   2.6220531e-02
   1.4893865e-02   4.4397668e-02   1.8134118e-02   9.6960335e-02   8.1677234e-02   5.5441955e-02   9.7332919e-03   3.6776468e-03   1.9686632e-02   7.7268099e-02   3.3628027e-02   7.5545576e-02   5.0261798e-02   2.6354196e-02   7.1319646e-02   3.3222121e-02   1.1230766e-02   2.2751769e-02   2.9619216e-02   1.5437687e-03   2.5722302e-02   2.2246813e-03   8.6716569e-02   1.3316475e-03   7.7552537e-02   2.9104537e-02
   1.6354429e-02   4.9564238e-02   4.9362576e-02   1.0406949e-02   8.2499132e-02   5.9503109e-02   9.2424386e-02   6.3221444e-02   9.7663950e-02   9.7148528e-03   2.7120693e-02   3.0585036e-02   1.1482075e-02   2.4361367e-02   7.2862134e-04   6.4703602e-02   3.0672355e-02   7.6206828e-02   1.0184395e-01   1.2127356e-02   4.9279597e-02   8.6829593e-03   1.8800235e-02   4.7163711e-04   1.0095916e-03   1.1209037e-02
   1.8585975e-02   4.7509072e-02   1.0669676e-02   2.3167730e-03   1.9088382e-02   5.9407426e-02   7.6378235e-03   8.8602935e-02   6.7697987e-02   3.9933224e-02   7.2986289e-02   6.7773249e-03   8.7157760e-02   1.2280099e-02   2.4945163e-02   7.7083028e-02   1.7207458e-02   4.0802681e-03   2.6133388e-04   8.1861010e-02   1.9980996e-02   2.8988034e-02   1.0575383e-02   8.7768226e-02   1.4128855e-02   9.2469498e-02
   1.9010260e-02   8.3398009e-02   7.6056096e-02   6.9483659e-02   1.6402786e-02   8.9073109e-02   7.8748095e-02   2.6962533e-02   3.0071528e-03   4.4255778e-03   4.7426104e-02   4.9201176e-02   1.1993860e-02   4.1497252e-02   1.8917404e-02   9.3552616e-02   7.0713901e-02   9.8174854e-02   1.5099681e-02   2.2895478e-03   1.3337183e-02   3.5380715e-03   4.6915450e-03   9.4292130e-03   1.8631587e-02   3.4938730e-02
   1.9691507e-02   1.0718273e-02   4.5176852e-02   8.3996879e-03   5.9918769e-02   6.5929334e-02   9.1065237e-02   1.1858022e-02   7.1733911e-02   9.3386153e-02   1.1045720e-02   2.9261029e-03   9.0637340e-02   7.2546523e-02   1.6195833e-02   8.6116506e-03   1.1565816e-02   6.4991341e-02   9.7689706e-03   2.1927944e-02   7.9182903e-03   7.2809506e-02   8.2777388e-02   9.3714845e-03   6.9566730e-03   3.2071668e-02
   2.1537282e-02   2.4783346e-02   8.3354334e-02   1.8625830e-02   1.1360090e-02   3.0927530e-02   1.3921641e-02   5.5754623e-02   5.9955060e-02   8.4397659e-03   4.8615292e-03   8.8465095e-02   1.5915042e-02   7.9034965e-02   3.0330752e-02   4.7716496e-02   4.7027496e-02   8.4935076e-02   1.7110096e-02   4.6621166e-03   8.6177065e-03   4.4494372e-02   8.4609266e-02   3.7069722e-02   6.6565043e-02   9.9257235e-03
   2.1676574e-02   2.3927934e-02   1.5687967e-03   3.1579870e-02   6.0862069e-02   2.4200714e-03   4.1168678e-02   2.0732839e-02   2.6107045e-03   1.1182984e-01   2.9357237e-02   6.6232309e-02   5.7875288e-02   1.0542703e-02   1.1074519e-01   1.0496008e-01   4.5408896e-03   4.6299410e-02   4.7580345e-03   9.4487930e-02   1.8469124e-02   4.8169533e-02   2.8607900e-02   4.5944501e-02   4.0090538e-03   6.6234399e-03
   2.2381541e-02   6.6808453e-02   1.2274610e-02   2.4002776e-02   1.5213590e-02   5.3237529e-02   6.4851245e-02   3.6763973e-02   5.2997657e-04   7.1495362e-02   9.4889589e-03   1.1858147e-02   2.3036548e-02   7.7765350e-02   1.0122899e-02   7.3534129e-02   2.5626258e-03   2.9557862e-02   6.4489073e-02   1.2755156e-02   1.5306247e-03   2.5038454e-03   4.8670853e-02   8.3373748e-02   8.5723968e-02   9.5467154e-02
   2.2715963e-02   2.9691835e-02   8.8217078e-02   3.8320323e-02   1.9191206e-02   3.6724157e-02   5.0291967e-03   8.3090149e-02   1.3193442e-03   9.7822349e-02   7.6255971e-02   1.3720675e-02   4.5549996e-02   6.7943852e-03   4.8374403e-03   1.1980962e-02   8.6101255e-02   9.4178417e-02   6.0156550e-02   1.5420721e-04   3.1034856e-02   3.5857773e-03   4.7420920e-02   1.8268354e-02   5.3983798e-04   7.7298796e-02
   2.4930678e-02   2.9016134e-03   2.9690542e-02   2.3303910e-02   9.6098366e-03   5.1981210e-02   1.0838903e-01   3.7533913e-02   1.1341548e-01   3.7156009e-02   1.4140669e-03   2.6434681e-03   2.3698986e-02   8.3401973e-02   4.6660496e-02   1.4163151e-02   3.7406383e-02   4.9318491e-02   9.4908511e-02   1.7170656e-02   5.0700929e-03   1.0855098e-02   1.3450185e-03   1.0641463e-01   2.2596353e-03   6.4357131e-02
   2.6739345e-02   4.5541435e-03   5.6947425e-02   4.0821314e-02   3.2624868e-02   7.1238929e-02   2.3106211e-03   5.5271576e-02   2.1283420e-02   8.5984099e-02   2.0177932e-02   1.5103262e-04   1.9638340e-02   9.4579492e-02   9.5014404e-02   1.0195183e-01   1.7439587e-02   1.4762951e-02   7.9406663e-03   6.9373655e-03   3.0466403e-02   9.1014624e-02   4.0232267e-02   8.4437004e-03   1.6384873e-03   5.1835180e-02
   2.8311271e-02   3.0769790e-02   1.7227246e-02   1.0192980e-01   3.0787115e-02   8.4842880e-02   1.4996157e-02   8.6849412e-03   2.5824688e-02   2.7926925e-02   4.7974548e-03   9.0282839e-02   1.2665327e-02   1.0270638e-01   2.0459404e-02   3.3939671e-03   1.6310908e-02   3.5519081e-03   2.4321747e-02   9.5646491e-02   7.0261727e-02   6.4888301e-02   1.9515478e-02   7.9847838e-02   1.1023542e-02   9.0258757e-03
   3.1378525e-02   3.8496086e-03   8.3391206e-03   1.5617306e-02   2.8688739e-02   9.0100354e-02   9.3149645e-02   3.2662138e-02   9.7571335e-02   1.1669093e-03   7.8920491e-02   6.0049624e-03   3.4468526e-03   5.5306764e-03   2.3591844e-02   1.5850494e-03   4.7343881e-02   2.6629525e-02   4.1556941e-02   4.6646348e-02   4.8763648e-03   2.4309566e-03   9.9752137e-02   5.7303660e-02   8.3054463e-02   6.8802168e-02
   3.1858888e-02   6.5390572e-02   7.1898782e-02   7.1149967e-03   3.6309817e-02   2.8175505e-02   4.4358830e-02   6.2036452e-02   6.2146499e-02   1.0797033e-02   4.2417570e-02   1.4444776e-03   3.0629615e-03   1.4399771e-02   4.8393611e-03   2.6073739e-03   8.7565250e-02   2.1767915e-02   8.0421437e-02   3.0704038e-04   7.1062872e-02   6.6601797e-02   8.5990930e-03   1.1198968e-02   1.2455973e-01   3.9057005e-02
   3.4348847e-02   8.5053456e-02   2.4641908e-02   2.5448038e-02   5.3760952e-02   1.6874335e-03   6.6664448e-03   9.4571558e-02   9.2906652e-02   1.2274280e-02   9.2016118e-02   1.0535865e-02   1.6142124e-03   6.6800151e-02   2.8977589e-02   2.3499911e-02   1.6008529e-02   6.2831180e-02   1.7151325e-03   2.3178429e-02   3.2512801e-02   1.9800060e-02   8.2448794e-02   2.2422563e-03   7.4135467e-02   3.0323937e-02
   3.8230886e-02   1.9041039e-03   1.1726493e-02   1.3378792e-02   1.0886815e-02   8.7378779e-02   1.0061863e-01   9.8965049e-02   8.8180547e-03   3.3351677e-02   8.6501140e-02   6.0048790e-02   6.5300976e-02   2.7326977e-02   8.9165135e-03   7.7364977e-03   2.3336373e-03   8.3011318e-02   7.7831267e-03   8.3054106e-02   6.0454502e-02   2.0742331e-02   1.0055521e-03   1.8630807e-02   3.1925417e-02   2.9969033e-02
   4.0122137e-02   3.3622283e-02   2.3156555e-02   4.8163926e-02   1.9122840e-02   3.3890096e-02   8.3444858e-02   6.8399763e-02   6.7667243e-02   2.2540148e-02   1.6262307e-04   2.1122747e-02   2.2580389e-02   3.4952061e-02   8.3744230e-02   9.8611912e-03   2.3234364e-02   6.8642762e-02   8.6374658e-04   1.9670497e-02   7.8221453e-02   2.9037778e-02   1.7288742e-02   5.3529288e-02   9.5222071e-02   1.7362064e-03
   4.1789769e-02   4.6102843e-03   3.3849988e-02   4.6232645e-02   3.3625756e-02   1.5648459e-02   9.3984695e-04   2.3049835e-02   8.7874675e-02   3.9969002e-02   2.1199379e-03   7.5835178e-02   7.8298064e-02   5.7752246e-02   3.9438003e-04   8.0417965e-02   3.0953964e-05   3.1658160e-02   2.0898973e-02   2.4998444e-03   3.5510604e-02   7.9425667e-02   1.3817623e-02   3.5217475e-02   7.8586452e-02   7.9946217e-02
   4.5878514e-02   6.1129769e-03   7.9118194e-02   2.8849101e-02   4.6763532e-02   8.7933757e-02   5.7322511e-02   5.4971765e-02   1.9412152e-03   7.6865155e-02   3.2272156e-02   9.7225290e-03   4.6783699e-02   9.3029261e-03   4.7728398e-02   4.3173004e-02   1.3186181e-02   1.9127934e-02   1.1991774e-02   7.0860644e-02   8.7225902e-02   7.8259423e-02   1.1217064e-02   5.3861859e-03   2.3185906e-02   4.8195533e-03
   4.7575363e-02   1.6182179e-02   9.4766458e-03   3.0122321e-02   7.4668570e-02   9.1119398e-02   8.1902432e-02   2.7326431e-02   3.1487334e-02   2.5462602e-04   3.0128794e-02   6.5299222e-03   3.1288600e-02   9.2551539e-02   2.7388237e-02   8.9394256e-03   6.8097849e-02   7.3772360e-03   5.0999670e-02   7.5575371e-02   2.6317019e-02   2.7589815e-03   1.0388147e-02   6.4427377e-02   4.0230687e-02   4.6885845e-02
   4.8432597e-02   1.1634706e-03   2.0161299e-02   7.1685266e-02   2.5412387e-02   4.3010470e-02   3.5634162e-02   2.9949015e-02   6.8250228e-03   7.0059301e-02   2.2339306e-02   9.4595153e-02   1.1169316e-02   9.6559666e-02   1.1271029e-02   2.5488778e-02   6.3488946e-02   1.4646089e-02   8.1509865e-02   1.6261074e-02   8.6574298e-02   1.9084069e-02   1.1498331e-02   4.9652981e-04   3.4873689e-02   5.7810872e-02
   4.8686720e-02   9.1793206e-04   1.7033300e-02   1.2219735e-02   1.0418929e-02   3.2710845e-02   5.1202035e-03   5.8326969e-02   9.0394102e-02   2.4037901e-02   4.1187224e-02   5.4678901e-02   1.1386661e-02   5.9569744e-04   2.8207176e-02   4.1106168e-03   8.8752798e-02   7.5220790e-02   5.0878068e-02   1.8171344e-02   9.0650405e-02   8.6576024e-02   6.5993040e-02   1.0835923e-02   1.0415932e-03   7.1847104e-02
   4.9972322e-02   6.8315335e-02   1.9769470e-03   1.6748014e-02   6.8014166e-03   7.0870336e-02   2.6561229e-02   2.0924657e-02   2.3279181e-02   6.6452973e-02   1.0906559e-01   1.4319520e-02   4.0883790e-03   3.6094643e-02   3.6523190e-02   2.2789044e-03   7.1433970e-03   4.9642143e-02   2.4383285e-02   6.5129454e-02   8.1422629e-02   3.6543200e-03   9.5783782e-02   3.7427444e-02   8.0793691e-03   7.3061545e-02
   5.2787622e-02   2.6968848e-03   2.2231019e-02   2.9551540e-02   1.6041210e-02   6.7125524e-05   9.1929955e-02   3.8177268e-02   2.8647544e-04   6.6686390e-02   8.7477464e-02   8.3308087e-02   2.5462082e-02   7.0551650e-02   2.0956032e-02   1.6596585e-02   2.8730410e-02   2.6862859e-02   1.1718408e-02   1.9608045e-02   5.9600237e-03   8.7491871e-02   9.1149907e-02   3.2837914e-02   7.0206799e-03   6.3812492e-02
   5.3726180e-02   9.9361819e-02   3.2005436e-04   2.9323206e-02   2.8473120e-04   2.4123549e-02   9.3201471e-02   2.2164041e-02   6.2791784e-03   9.1697770e-03   1.0598459e-02   9.4202506e-02   1.2006631e-02   1.0107728e-01   4.1933537e-02   7.3232138e-02   2.3120905e-02   5.8955779e-03   3.8201452e-03   5.2946244e-02   1.4921571e-02   1.0437925e-02   8.9689631e-02   7.3672189e-02   5.1968697e-02   2.5225528e-03
   5.4115388e-02   8.9653916e-02   9.9249545e-03   2.3801706e-02   2.2241790e-03   7.5248162e-02   7.2063908e-03   2.9637851e-02   8.5387183e-03   3.3636424e-02   6.0376239e-02   7.8630118e-02   2.0064556e-04   5.2593076e-03   8.9185680e-02   8.5688597e-02   5.9216100e-02   1.6149967e-02   5.9992154e-02   7.9363543e-03   6.8396765e-02   7.0478365e-02   3.5243439e-03   1.0633139e-02   3.9056254e-02   1.1288282e-02
   5.5153121e-02   7.6026565e-03   8.4385088e-02   2.0128930e-02   6.6442124e-02   5.2741571e-02   6.7186099e-03   7.9240231e-02   1.0393584e-04   9.2468069e-03   4.2702699e-02   4.4941981e-02   2.4192727e-02   9.8409478e-04   8.8729822e-06   4.5401729e-02   1.3246977e-02   6.3994762e-02   7.5237592e-02   5.2599902e-02   1.8207854e-02   4.0463407e-03   6.2926198e-02   9.4067231e-02   1.2517657e-02   6.3160306e-02
   5.7955622e-02   1.9045404e-02   2.3619060e-02   2.1317018e-02   8.5460931e-02   9.6616691e-04   5.3563263e-02   1.7618851e-02   8.5275447e-03   3.5718408e-02   1.7587484e-03   2.1012640e-02   3.0869209e-02   7.9769517e-02   8.3315769e-02   3.8070778e-02   1.8193220e-03   3.1292787e-02   8.8909715e-02   7.2491033e-02   1.3743010e-02   7.3185456e-02   7.7083463e-02   2.5087733e-02   3.3447899e-02   4.3506533e-03
   6.1516447e-02   5.6177560e-02   8.5659668e-02   8.6504708e-02   1.7461440e-02   5.4492107e-04   6.4222576e-02   4.3961412e-02   3.6193114e-02   1.7729791e-02   2.1355102e-02   3.2670296e-02   2.1476727e-02   9.2669588e-03   6.6411458e-02   3.8958409e-02   2.1039292e-02   2.5918353e-02   7.1547765e-02   2.1141394e-03   1.7203090e-03   9.1800724e-02   1.6134871e-02   1.1497881e-02   7.3492174e-02   2.4623905e-02
   6.4722798e-02   7.3983445e-02   2.5357594e-02   4.8657200e-02   4.9393076e-03   9.4758992e-02   1.1133232e-03   5.9888294e-02   4.1115893e-02   6.3726557e-02   3.7834965e-02   5.9447886e-02   2.1097181e-03   3.1866752e-02   1.0724017e-02   8.8658122e-04   3.1633873e-02   6.3775898e-02   4.9836494e-02   6.3932722e-03   2.2246747e-02   8.7128833e-02   4.6710858e-02   5.3538968e-02   5.6665723e-03   1.1935162e-02
   6.6208072e-02   8.6574738e-02   1.0651936e-03   4.2351088e-03   3.0466352e-02   3.6893185e-03   6.2884330e-02   8.1906698e-03   5.6986817e-03   4.3132615e-02   1.8952011e-02   5.7296009e-02   3.2610018e-02   7.9357630e-02   1.8349104e-02   5.0838544e-02   5.3547329e-02   3.5734702e-02   6.7544917e-03   1.1193478e-02   7.5897621e-02   9.6860211e-02   1.5725715e-02   8.7349379e-02   1.5154712e-03   4.5873207e-02
   6.7789756e-02   4.2873414e-02   1.6671081e-03   2.7193593e-02   8.8857322e-02   2.7502684e-02   1.0558848e-01   1.1560928e-02   3.0546390e-02   4.4751763e-02   1.9575230e-02   9.8990595e-02   1.2336954e-02   1.6406583e-02   9.9042370e-02   5.9252852e-04   8.6541176e-03   1.0817900e-01   7.9536394e-03   2.6925685e-02   2.1405032e-03   7.5850252e-02   8.8185200e-03   9.1628982e-03   4.4106686e-02   1.2933006e-02
   7.1970917e-02   4.0013011e-02   3.1788796e-03   1.2325332e-02   2.0692824e-02   8.4387384e-04   1.1117720e-01   1.0660871e-01   4.8012795e-03   8.5213491e-02   7.1488928e-02   3.6424728e-02   1.7635410e-02   1.7426904e-02   8.8695534e-02   1.2464448e-02   1.3541351e-03   4.9984692e-02   9.7300535e-02   1.4987535e-02   4.7851906e-03   2.7873973e-02   2.4495990e-02   4.7567063e-02   2.4317956e-02   6.3714611e-03
   7.3202124e-02   7.2896934e-02   2.9901338e-02   2.9173446e-02   9.1284560e-02   3.1982437e-02   4.3762207e-03   2.8193605e-02   1.1001820e-02   4.1664627e-02   6.5134107e-03   7.0134977e-03   7.8943528e-02   6.0366558e-02   8.0094826e-02   5.1378728e-02   4.4223965e-02   1.5189942e-02   9.2946010e-03   2.4109885e-02   7.9017882e-02   1.3936477e-02   3.5634082e-04   3.7191304e-02   1.3407875e-05   7.8678536e-02
   7.3620295e-02   2.3258220e-02   3.1367338e-02   6.0954456e-02   3.0689763e-02   4.8559641e-02   1.4560857e-02   2.8189376e-03   9.9714165e-03   6.7561092e-03   2.0176393e-02   2.2770972e-02   2.2935527e-02   2.2473358e-03   9.1054458e-02   1.9014131e-02   7.5737656e-02   9.2213693e-02   3.5326403e-02   6.0206321e-02   2.8411780e-02   7.7494900e-02   4.1953202e-03   6.8753101e-02   3.6739413e-03   7.3231034e-02
   7.6710007e-02   3.0844989e-02   6.0444601e-02   7.2137772e-02   9.2665423e-02   2.2578720e-02   6.8294948e-02   6.2679205e-02   9.1155254e-02   4.5085907e-03   3.9664245e-02   1.5477552e-02   3.5977003e-02   6.5362318e-02   1.1271729e-03   2.1758587e-02   7.0508416e-02   4.4500577e-05   9.0043253e-04   4.6729275e-02   4.8828673e-03   8.2450291e-02   1.6486991e-02   1.6563354e-03   1.0419645e-02   4.5348589e-03
   8.0161262e-02   2.1988561e-02   4.5130805e-02   9.3040293e-04   9.7361418e-02   2.0938205e-02   1.9578386e-02   4.8794462e-02   1.0122606e-01   1.8467393e-02   2.6684181e-02   1.4687025e-02   8.9684617e-02   1.0885180e-02   3.6346477e-02   2.5110228e-02   6.6476320e-02   4.6503684e-03   4.5985308e-02   8.3894660e-02   6.0551961e-03   3.1844696e-03   6.4028597e-02   6.1470487e-03   5.5750585e-02   5.8527831e-03
   8.1233106e-02   7.1642333e-02   2.6563214e-02   2.3690532e-03   4.9292093e-02   4.4443585e-02   9.6575892e-03   6.4747035e-02   5.5705898e-02   6.9311786e-02   7.3459885e-02   1.0710011e-02   8.0221860e-02   4.4131589e-02   4.0876123e-03   5.1437520e-02   6.5087108e-03   2.4895227e-03   5.7810755e-02   2.9081046e-02   6.7217721e-02   3.9834287e-03   5.5178084e-02   3.1946280e-02   4.9917743e-03   1.7785080e-03
   8.2191411e-02   9.3008436e-02   2.8029373e-02   6.9786527e-02   1.6532391e-02   2.7105582e-03   9.1479227e-03   6.8285731e-02   8.9634136e-03   8.6986519e-02   2.5574272e-02   8.4281750e-02   1.8606463e-02   1.4853796e-02   3.8965718e-02   6.7163728e-02   3.5132062e-03   1.9243887e-02   2.1283809e-02   8.5612746e-02   3.3844838e-03   1.5793001e-02   8.9832014e-03   7.8661638e-02   4.1925662e-02   6.5103565e-03
   8.4800573e-02   4.0829813e-02   5.2958116e-02   5.1300440e-03   4.7097415e-02   1.2927962e-02   1.5938653e-02   5.7228683e-02   4.5466277e-02   1.1781640e-02   6.4868226e-02   7.6560583e-02   1.8877100e-03   2.7036702e-02   8.0590287e-02   8.3220340e-02   3.3004441e-03   1.0792882e-03   1.6434826e-02   9.5457420e-04   6.1759682e-03   2.6446718e-02   1.1440276e-02   8.0981652e-02   8.5757923e-02   5.9105306e-02
   8.6861286e-02   5.6218305e-02   7.2214555e-02   1.0578765e-02   1.0064741e-01   1.1571549e-02   1.3044830e-02   4.7869287e-03   1.0409271e-03   8.3549269e-02   5.4467351e-03   1.1350085e-02   7.4532360e-03   6.8693198e-03   7.5500485e-02   3.7702278e-02   6.7187860e-02   6.1250401e-02   8.8163183e-02   1.0887021e-02   8.5754320e-03   7.3605294e-03   1.5259138e-02   9.4732356e-02   1.0237795e-03   6.0724335e-02
   8.7792540e-02   8.9824575e-03   6.1754160e-02   8.7190691e-02   3.1433328e-02   1.7437049e-02   2.7147574e-02   3.4007721e-02   1.0287603e-02   1.2457226e-02   9.9443468e-02   5.5514032e-02   1.2586996e-02   2.5722326e-03   9.7346505e-02   6.4725910e-02   2.5457307e-02   1.7479378e-02   1.6751484e-03   9.6894516e-02   4.3845305e-02   2.7203997e-02   1.7889847e-02   2.4930342e-02   3.2305970e-02   1.6386965e-03
   8.7936927e-02   1.5905269e-02   2.2229884e-02   7.3038839e-03   8.2750340e-03   8.5369504e-02   9.3549311e-02   8.5720342e-02   3.4447908e-02   2.7952411e-02   5.9695428e-03   2.9555627e-02   2.2628789e-02   2.5740851e-02   9.7409414e-03   1.9492428e-02   5.2841385e-02   9.1811907e-02   1.9618482e-02   7.6235203e-02   3.6878002e-03   6.6176732e-03   8.7391494e-02   6.1406439e-02   9.1034280e-03   9.4675352e-03
   8.8152431e-02   4.0427829e-03   3.9362897e-03   6.5375323e-02   4.0568236e-03   7.5487599e-02   8.1377654e-03   5.7825424e-02   5.3329877e-02   8.8877290e-02   9.6993701e-04   7.4050620e-03   9.3283432e-02   9.3250181e-03   3.4421063e-02   2.1256623e-03   3.0735830e-02   6.6103819e-03   7.2020851e-02   6.1215575e-02   2.7808135e-03   8.6706263e-02   2.9082201e-02   9.8978053e-02   1.2692571e-02   2.4256804e-03
   8.8936028e-02   9.7885816e-02   6.5038972e-02   1.2832363e-02   9.9674277e-02   8.8252262e-02   7.2126079e-03   9.9304831e-03   2.0442369e-03   7.1057881e-02   2.2628248e-02   1.5939905e-02   2.9167994e-03   1.5915477e-02   1.7071385e-02   8.3577822e-03   1.0359146e-01   9.2811710e-03   2.9726226e-02   7.1332131e-02   3.2598506e-02   4.4037382e-03   5.4862306e-02   2.2049031e-02   3.5541829e-02   1.0919079e-02
   8.9005369e-02   3.5273140e-02   1.7490961e-02   1.7604429e-03   7.6687557e-02   7.9262263e-02   2.0139530e-02   7.6817898e-02   8.0391603e-03   3.0266662e-02   7.8499969e-03   3.8810571e-02   1.3987832e-02   4.9621495e-02   6.0948313e-02   1.6461007e-02   4.4217863e-02   6.3148207e-02   3.3232903e-03   1.0162109e-02   9.2134071e-03   5.5059727e-02   2.7732991e-02   1.0717928e-02   6.9831217e-02   8.4171065e-02
   8.9852290e-02   2.0724869e-03   6.9556016e-02   8.1246679e-03   4.1546669e-02   6.5982246e-02   5.4060685e-02   3.3214881e-02   8.9690726e-03   5.9619509e-02   4.3938867e-02   9.2371843e-02   1.2003348e-02   8.2265014e-02   5.6858196e-03   4.5555899e-03   5.1303706e-03   1.7113999e-02   3.0429799e-02   2.0038707e-02   1.5830785e-02   5.5742760e-02   1.5603580e-02   9.6917776e-02   6.5197907e-02   4.1753125e-03
   1.1179746e-01   8.2122670e-02   9.8520690e-03   1.7605068e-02   2.9884896e-03   2.6776010e-04   9.9764645e-02   3.5554562e-03   8.8634138e-03   4.2697163e-02   2.2438983e-03   6.4531897e-02   1.5857880e-02   8.3936821e-03   9.7618205e-02   8.1727208e-03   3.2165248e-02   2.6241286e-02   9.9059685e-03   2.7677858e-02   9.1184109e-02   2.3535904e-02   1.0486994e-01   4.1208137e-03   6.6731965e-02   3.7234427e-02
   1.0000000e+00   0.0000000e+00   0.0000000e+00   0.0000000e+00   0.0000000e+00   0.0000000e+00   0.0000000e+00   0.0000000e+00   0.0000000e+00   0.0000000e+00   0.0000000e+00   0.0000000e+00   0.0000000e+00   0.0000000e+00   0.0000000e+00   0.0000000e+00   0.0000000e+00   0.0000000e+00   0.0000000e+00   0.0000000e+00   0.0000000e+00   0.0000000e+00   0.0000000e+00   0.0000000e+00   0.0000000e+00   0.0000000e+00
