   0.0000000e+00   0.0000000e+00   0.0000000e+00   0.0000000e+00   0.0000000e+00   0.0000000e+00   0.0000000e+00   0.0000000e+00   0.0000000e+00   0.0000000e+00   0.0000000e+00   0.0000000e+00   0.0000000e+00   0.0000000e+00   0.0000000e+00   0.0000000e+00   0.0000000e+00   0.0000000e+00   0.0000000e+00   0.0000000e+00   0.0000000e+00   0.0000000e+00   0.0000000e+00   1.0000000e+00
   0.0000000e+00   0.0000000e+00   0.0000000e+00   0.0000000e+00   0.0000000e+00   0.0000000e+00   0.0000000e+00   0.0000000e+00   0.0000000e+00   0.0000000e+00   0.0000000e+00   0.0000000e+00   0.0000000e+00   0.0000000e+00   0.0000000e+00   0.0000000e+00   0.0000000e+00   0.0000000e+00   0.0000000e+00   0.0000000e+00   0.0000000e+00   0.0000000e+00   1.0000000e+00   0.0000000e+00
   0.0000000e+00   0.0000000e+00   0.0000000e+00   0.0000000e+00   0.0000000e+00   0.0000000e+00   0.0000000e+00   0.0000000e+00   0.0000000e+00   0.0000000e+00   0.0000000e+00   0.0000000e+00   0.0000000e+00   0.0000000e+00   0.0000000e+00   0.0000000e+00   0.0000000e+00   0.0000000e+00   0.0000000e+00   0.0000000e+00   0.0000000e+00   1.0000000e+00   0.0000000e+00   0.0000000e+00
   0.0000000e+00   0.0000000e+00   0.0000000e+00   0.0000000e+00   0.0000000e+00   0.0000000e+00   0.0000000e+00   0.0000000e+00   0.0000000e+00   0.0000000e+00   0.0000000e+00   0.0000000e+00   0.0000000e+00   0.0000000e+00   0.0000000e+00   0.0000000e+00   0.0000000e+00   0.0000000e+00   0.0000000e+00   0.0000000e+00   1.0000000e+00   0.0000000e+00   0.0000000e+00   0.0000000e+00
   0.0000000e+00   0.0000000e+00   0.0000000e+00   0.0000000e+00   0.0000000e+00   0.0000000e+00   0.0000000e+00   0.0000000e+00   0.0000000e+00   0.0000000e+00   0.0000000e+00   0.0000000e+00   0.0000000e+00   0.0000000e+00   0.0000000e+00   0.0000000e+00   0.0000000e+00   0.0000000e+00   0.0000000e+00   1.0000000e+00   0.0000000e+00   0.0000000e+00   0.0000000e+00   0.0000000e+00
   0.0000000e+00   0.0000000e+00   0.0000000e+00   0.0000000e+00   0.0000000e+00   0.0000000e+00   0.0000000e+00   0.0000000e+00   0.0000000e+00   0.0000000e+00   0.0000000e+00   0.0000000e+00   0.0000000e+00   0.0000000e+00   0.0000000e+00   0.0000000e+00   0.0000000e+00   0.0000000e+00   1.0000000e+00   0.0000000e+00   0.0000000e+00   0.0000000e+00   0.0000000e+00   0.0000000e+00
   0.0000000e+00   0.0000000e+00   0.0000000e+00   0.0000000e+00   0.0000000e+00   0.0000000e+00   0.0000000e+00   0.0000000e+00   0.0000000e+00   0.0000000e+00   0.0000000e+00   0.0000000e+00   0.0000000e+00   0.0000000e+00   0.0000000e+00   0.0000000e+00   0.0000000e+00   1.0000000e+00   0.0000000e+00   0.0000000e+00   0.0000000e+00   0.0000000e+00   0.0000000e+00   0.0000000e+00
   0.0000000e+00   0.0000000e+00   0.0000000e+00   0.0000000e+00   0.0000000e+00   0.0000000e+00   0.0000000e+00   0.0000000e+00   0.0000000e+00   0.0000000e+00   0.0000000e+00   0.0000000e+00   0.0000000e+00   0.0000000e+00   0.0000000e+00   0.0000000e+00   1.0000000e+00   0.0000000e+00   0.0000000e+00   0.0000000e+00   0.0000000e+00   0.0000000e+00   0.0000000e+00   0.0000000e+00
   0.0000000e+00   0.0000000e+00   0.0000000e+00   0.0000000e+00   0.0000000e+00   0.0000000e+00   0.0000000e+00   0.0000000e+00   0.0000000e+00   0.0000000e+00   0.0000000e+00   0.0000000e+00   0.0000000e+00   0.0000000e+00   0.0000000e+00   1.0000000e+00   0.0000000e+00   0.0000000e+00   0.0000000e+00   0.0000000e+00   0.0000000e+00   0.0000000e+00   0.0000000e+00   0.0000000e+00
   0.0000000e+00   0.0000000e+00   0.0000000e+00   0.0000000e+00   0.0000000e+00   0.0000000e+00   0.0000000e+00   0.0000000e+00   0.0000000e+00   0.0000000e+00   0.0000000e+00   0.0000000e+00   0.0000000e+00   0.0000000e+00   1.0000000e+00   0.0000000e+00   0.0000000e+00   0.0000000e+00   0.0000000e+00   0.0000000e+00   0.0000000e+00   0.0000000e+00   0.0000000e+00   0.0000000e+00
   0.0000000e+00   0.0000000e+00   0.0000000e+00   0.0000000e+00   0.0000000e+00   0.0000000e+00   0.0000000e+00   0.0000000e+00   0.0000000e+00   0.0000000e+00   0.0000000e+00   0.0000000e+00   0.0000000e+00   1.0000000e+00   0.0000000e+00   0.0000000e+00   0.0000000e+00   0.0000000e+00   0.0000000e+00   0.0000000e+00   0.0000000e+00   0.0000000e+00   0.0000000e+00   0.0000000e+00
   0.0000000e+00   0.0000000e+00   0.0000000e+00   0.0000000e+00   0.0000000e+00   0.0000000e+00   0.0000000e+00   0.0000000e+00   0.0000000e+00   0.0000000e+00   0.0000000e+00   0.0000000e+00   1.0000000e+00   0.0000000e+00   0.0000000e+00   0.0000000e+00   0.0000000e+00   0.0000000e+00   0.0000000e+00   0.0000000e+00   0.0000000e+00   0.0000000e+00   0.0000000e+00   0.0000000e+00
   0.0000000e+00   0.0000000e+00   0.0000000e+00   0.0000000e+00   0.0000000e+00   0.0000000e+00   0.0000000e+00   0.0000000e+00   0.0000000e+00   0.0000000e+00   0.0000000e+00   1.0000000e+00   0.0000000e+00   0.0000000e+00   0.0000000e+00   0.0000000e+00   0.0000000e+00   0.0000000e+00   0.0000000e+00   0.0000000e+00   0.0000000e+00   0.0000000e+00   0.0000000e+00   0.0000000e+00
   0.0000000e+00   0.0000000e+00   0.0000000e+00   0.0000000e+00   0.0000000e+00   0.0000000e+00   0.0000000e+00   0.0000000e+00   0.0000000e+00   0.0000000e+00   1.0000000e+00   0.0000000e+00   0.0000000e+00   0.0000000e+00   0.0000000e+00   0.0000000e+00   0.0000000e+00   0.0000000e+00   0.0000000e+00   0.0000000e+00   0.0000000e+00   0.0000000e+00   0.0000000e+00   0.0000000e+00
   0.0000000e+00   0.0000000e+00   0.0000000e+00   0.0000000e+00   0.0000000e+00   0.0000000e+00   0.0000000e+00   0.0000000e+00   0.0000000e+00   1.0000000e+00   0.0000000e+00   0.0000000e+00   0.0000000e+00   0.0000000e+00   0.0000000e+00   0.0000000e+00   0.0000000e+00   0.0000000e+00   0.0000000e+00   0.0000000e+00   0.0000000e+00   0.0000000e+00   0.0000000e+00   0.0000000e+00
   0.0000000e+00   0.0000000e+00   0.0000000e+00   0.0000000e+00   0.0000000e+00   0.0000000e+00   0.0000000e+00   0.0000000e+00   1.0000000e+00   0.0000000e+00   0.0000000e+00   0.0000000e+00   0.0000000e+00   0.0000000e+00   0.0000000e+00   0.0000000e+00   0.0000000e+00   0.0000000e+00   0.0000000e+00   0.0000000e+00   0.0000000e+00   0.0000000e+00   0.0000000e+00   0.0000000e+00
   0.0000000e+00   0.0000000e+00   0.0000000e+00   0.0000000e+00   0.0000000e+00   0.0000000e+00   0.0000000e+00   1.0000000e+00   0.0000000e+00   0.0000000e+00   0.0000000e+00   0.0000000e+00   0.0000000e+00   0.0000000e+00   0.0000000e+00   0.0000000e+00   0.0000000e+00   0.0000000e+00   0.0000000e+00   0.0000000e+00   0.0000000e+00   0.0000000e+00   0.0000000e+00   0.0000000e+00
   0.0000000e+00   0.0000000e+00   0.0000000e+00   0.0000000e+00   0.0000000e+00   0.0000000e+00   1.0000000e+00   0.0000000e+00   0.0000000e+00   0.0000000e+00   0.0000000e+00   0.0000000e+00   0.0000000e+00   0.0000000e+00   0.0000000e+00   0.0000000e+00   0.0000000e+00   0.0000000e+00   0.0000000e+00   0.0000000e+00   0.0000000e+00   0.0000000e+00   0.0000000e+00   0.0000000e+00
   0.0000000e+00   0.0000000e+00   0.0000000e+00   0.0000000e+00   0.0000000e+00   1.0000000e+00   0.0000000e+00   0.0000000e+00   0.0000000e+00   0.0000000e+00   0.0000000e+00   0.0000000e+00   0.0000000e+00   0.0000000e+00   0.0000000e+00   0.0000000e+00   0.0000000e+00   0.0000000e+00   0.0000000e+00   0.0000000e+00   0.0000000e+00   0.0000000e+00   0.0000000e+00   0.0000000e+00
   0.0000000e+00   0.0000000e+00   0.0000000e+00   0.0000000e+00   1.0000000e+00   0.0000000e+00   0.0000000e+00   0.0000000e+00   0.0000000e+00   0.0000000e+00   0.0000000e+00   0.0000000e+00   0.0000000e+00   0.0000000e+00   0.0000000e+00   0.0000000e+00   0.0000000e+00   0.0000000e+00   0.0000000e+00   0.0000000e+00   0.0000000e+00   0.0000000e+00   0.0000000e+00   0.0000000e+00
   0.0000000e+00   0.0000000e+00   0.0000000e+00   1.0000000e+00   0.0000000e+00   0.0000000e+00   0.0000000e+00   0.0000000e+00   0.0000000e+00   0.0000000e+00   0.0000000e+00   0.0000000e+00   0.0000000e+00   0.0000000e+00   0.0000000e+00   0.0000000e+00   0.0000000e+00   0.0000000e+00   0.0000000e+00   0.0000000e+00   0.0000000e+00   0.0000000e+00   0.0000000e+00   0.0000000e+00
   0.0000000e+00   0.0000000e+00   1.0000000e+00   0.0000000e+00   0.0000000e+00   0.0000000e+00   0.0000000e+00   0.0000000e+00   0.0000000e+00   0.0000000e+00   0.0000000e+00   0.0000000e+00   0.0000000e+00   0.0000000e+00   0.0000000e+00   0.0000000e+00   0.0000000e+00   0.0000000e+00   0.0000000e+00   0.0000000e+00   0.0000000e+00   0.0000000e+00   0.0000000e+00   0.0000000e+00
   0.0000000e+00   1.0000000e+00   0.0000000e+00   0.0000000e+00   0.0000000e+00   0.0000000e+00   0.0000000e+00   0.0000000e+00   0.0000000e+00   0.0000000e+00   0.0000000e+00   0.0000000e+00   0.0000000e+00   0.0000000e+00   0.0000000e+00   0.0000000e+00   0.0000000e+00   0.0000000e+00   0.0000000e+00   0.0000000e+00   0.0000000e+00   0.0000000e+00   0.0000000e+00   0.0000000e+00
   7.7114667e-04   3.3203582e-03   7.6792291e-03   1.1642403e-02   2.6747715e-02   9.4971536e-02   4.1272987e-03   3.6196862e-02   8.8555363e-02   8.7745447e-02   1.2634829e-02   4.4998106e-03   5.2276223e-02   9.4664812e-02   9.4990010e-02   5.2341952e-02   1.5697987e-04   8.7993822e-02   3.7972638e-05   4.1152549e-02   5.1380657e-02   1.6958323e-02   7.5367557e-02   5.3787143e-02
   8.4290592e-04   4.5716701e-02   7.4268410e-02   3.3019177e-02   2.4964871e-02   9.0951269e-02   1.0610794e-01   6.5777161e-03   7.6621798e-02   5.0967662e-03   6.1013190e-02   3.9634235e-04   7.0272165e-02   2.6291707e-03   1.3708848e-02   2.2539368e-03   4.2098471e-02   9.2581601e-03   8.5201921e-02   2.5042871e-02   6.8274442e-02   2.8234704e-02   4.8840558e-02   7.8607662e-02
   1.2256709e-03   5.0471806e-02   1.1938700e-02   1.9776588e-02   2.8503391e-02   2.0030891e-02   1.1066487e-02   1.2035486e-02   2.5327528e-03   9.3068831e-02   6.8219717e-02   1.3501296e-02   9.2677557e-02   1.0993011e-02   8.6326766e-02   4.3026469e-02   1.8612984e-02   2.5590954e-02   8.8726906e-02   5.6082836e-02   9.0587012e-02   1.2186381e-02   6.8378355e-02   7.4439155e-02
   1.6149745e-03   5.4637866e-02   9.2359236e-02   4.3362241e-02   1.0903042e-01   1.6454279e-02   2.7998092e-02   2.0973316e-02   1.1087965e-01   1.8896157e-02   4.4813427e-02   9.3444606e-02   1.2922438e-02   9.8984399e-02   4.5520251e-02   2.8377140e-03   4.4767267e-02   1.0529701e-02   1.3851403e-02   1.9806865e-03   1.8270299e-02   3.6404863e-03   1.0458135e-01   7.6497413e-03
   1.6637647e-03   2.1468948e-02   3.9871522e-02   1.3257594e-02   1.4413008e-02   7.8635900e-04   2.6243170e-02   1.7597760e-02   5.0184363e-02   1.5858705e-02   6.4175162e-02   1.0166654e-01   4.7469548e-02   9.4326070e-02   2.0712857e-02   1.7187795e-02   6.3237326e-02   5.2341711e-03   1.0291245e-02   4.7491477e-02   8.0766999e-02   9.6718086e-02   5.0373355e-02   9.9004172e-02
   1.6968967e-03   2.1584051e-02   5.9938910e-02   1.5698180e-03   8.0672030e-02   7.0133798e-02   1.3513209e-02   9.4524126e-02   8.6402027e-03   3.5524053e-02   8.7530466e-02   6.7643464e-02   3.8949809e-02   5.9411662e-03   1.9532017e-02   4.1764129e-02   3.0542186e-02   3.1999791e-02   1.0570558e-01   6.4604405e-02   1.2226565e-02   4.5945291e-02   1.2947714e-02   4.6870318e-02
   2.4310297e-03   8.6950576e-02   2.4418489e-02   3.5556300e-02   1.1444478e-02   1.7948331e-02   7.6355966e-03   6.6880034e-02   7.9237738e-02   8.2565103e-03   7.7701630e-02   2.2548282e-02   3.4237448e-03   8.1259172e-02   8.2792048e-02   1.3341588e-02   5.3348951e-02   1.7773791e-02   8.7068229e-02   1.0309421e-02   4.1909187e-02   5.1075699e-02   8.8068812e-02   2.8620363e-02
   2.8115796e-03   5.4729212e-03   7.5323337e-02   8.4113447e-02   4.0420729e-02   1.0442209e-01   8.2753689e-02   2.3325801e-02   7.4254406e-03   1.0347006e-01   2.0079620e-02   3.6026207e-03   1.3292434e-03   4.6778879e-02   4.7401441e-02   8.4429250e-02   1.6494649e-02   8.7165587e-04   9.5478979e-02   5.3927568e-03   1.1247801e-02   1.6510513e-02   8.5927091e-02   3.4916407e-02
   3.0187479e-03   7.9180253e-02   1.6574308e-02   2.2606334e-02   1.0512023e-01   1.1773434e-02   8.5867361e-02   1.0540618e-01   8.8943592e-03   1.4538139e-04   9.0970725e-02   1.9071016e-02   7.9733173e-02   7.6152086e-02   5.4822966e-02   1.8658486e-02   2.4512507e-02   7.3029624e-03   4.3805202e-02   3.8295662e-02   1.7998081e-02   1.6992580e-02   6.7756748e-02   5.3412145e-03
   3.1144277e-03   8.4186022e-03   9.4613504e-02   5.4380627e-03   5.6070105e-02   7.3692581e-02   3.3352021e-02   5.3872086e-02   7.0956336e-02   5.9931321e-04   6.2142218e-03   1.6317624e-02   3.5395553e-02   1.0377113e-01   1.9246229e-02   2.9448738e-03   3.1892132e-02   7.5252785e-02   1.0239716e-01   8.6730605e-02   3.1649864e-03   1.6338625e-02   1.1029724e-02   8.9177305e-02
   3.8003050e-03   1.1529068e-02   1.0872432e-01   8.9198200e-02   1.1437064e-02   1.0266607e-01   3.3290252e-03   4.5292935e-03   1.7944314e-03   6.5839257e-02   2.9516530e-02   2.7569850e-03   2.6956541e-02   1.1927998e-03   9.6195658e-03   9.8596978e-02   7.5695504e-03   7.3693273e-02   2.1905569e-02   8.4953975e-02   5.3494673e-03   1.0373352e-01   2.8890189e-02   1.0241801e-01
   4.5462944e-03   4.0027936e-02   9.7283710e-02   1.1014612e-03   8.6241371e-02   5.5630889e-02   8.4362171e-03   2.0054876e-02   1.4972301e-02   2.1080543e-02   7.9530174e-02   2.9742827e-02   6.0238013e-02   2.2843055e-02   8.5592665e-02   8.3355168e-02   6.3941144e-02   2.5001564e-03   4.6969131e-03   3.8129663e-02   2.6635098e-02   1.7179935e-03   6.4197888e-02   8.7503642e-02
   5.0501485e-03   1.0440232e-02   7.5585323e-02   1.0627204e-02   2.1030869e-02   6.9322858e-02   1.0136551e-01   4.6848212e-03   5.7023133e-02   5.2512253e-03   1.9591549e-03   6.5564899e-02   9.7349300e-03   8.6983671e-02   5.5722142e-02   1.4122346e-02   8.5082337e-02   1.5036940e-02   9.0991979e-03   6.1635720e-02   6.8672863e-02   6.1983231e-02   9.9687145e-02   4.3341041e-03
   6.7817084e-03   9.2793592e-02   2.2449308e-03   2.8265935e-02   1.2426653e-02   1.1027912e-01   1.0271550e-01   3.6791780e-04   9.9740827e-03   1.7473612e-02   3.1877400e-03   2.4235932e-02   8.9944448e-02   2.8291146e-02   2.2873763e-02   2.6979246e-02   9.2770990e-02   9.9826570e-02   9.8853185e-03   1.8382215e-02   1.0241988e-01   7.5205423e-02   1.7665069e-02   5.0092117e-03
   7.9043977e-03   8.8625207e-03   2.4338884e-03   3.7920198e-02   6.1546263e-02   1.1930529e-01   2.0928349e-02   6.7352916e-02   3.9051253e-02   9.8925860e-02   2.4022849e-03   2.2232464e-02   5.9447933e-02   3.4698806e-02   5.2955059e-03   8.3366644e-02   6.9482948e-03   3.7925984e-02   1.5934498e-02   7.2130854e-02   3.4418748e-02   1.1744643e-01   3.7576728e-02   5.9438895e-03
   8.6357718e-03   1.3078839e-02   6.2698512e-04   1.0997545e-01   3.4263968e-03   6.6258829e-02   3.1863649e-02   5.4888696e-02   6.6752299e-03   9.2382578e-02   7.6857512e-02   2.4765433e-02   6.3591918e-02   5.2691764e-02   5.2832248e-03   2.6069822e-02   9.4826477e-02   1.0071803e-01   4.3167167e-02   5.7307770e-02   1.5628201e-02   1.9199348e-02   1.7483754e-02   1.4597149e-02
   8.8824358e-03   2.8766233e-02   2.0016098e-02   5.5376599e-02   7.3641293e-03   1.2801390e-01   3.8696789e-02   7.7464918e-03   3.4777792e-02   2.0804446e-02   4.2589806e-02   2.5992093e-02   1.1855817e-02   7.1709648e-02   8.4823069e-03   5.8109692e-02   9.9716079e-02   8.6913534e-02   4.7941583e-02   2.0395216e-02   1.5040274e-02   1.0012371e-02   3.5035915e-02   1.1576075e-01
   9.9007402e-03   3.6723260e-02   8.1031164e-02   3.7023249e-02   3.2142032e-02   4.2987769e-03   1.1382078e-01   1.8773371e-02   2.7569776e-02   1.2387459e-02   1.8252938e-03   1.2679198e-01   8.2697789e-02   3.2672214e-02   3.5511021e-02   2.4378886e-02   7.1346922e-02   1.2270345e-01   9.8951851e-04   5.1289875e-02   4.0687149e-02   2.5071096e-03   2.0410841e-02   1.2517335e-02
   9.9166712e-03   4.0433871e-03   1.2956480e-02   2.3555053e-02   4.4980246e-03   2.6858218e-02   7.5320294e-02   6.0005377e-02   1.3098412e-02   5.7232052e-02   9.0696174e-02   7.4049257e-02   1.0790806e-01   2.0247500e-02   1.2604979e-02   2.3157120e-02   8.5122920e-02   1.0168046e-02   1.0773368e-01   1.3248457e-02   1.1430584e-02   4.8051403e-03   1.0771390e-01   4.3630204e-02
   1.0104824e-02   9.4888215e-02   3.4627212e-02   1.0289603e-01   1.0921071e-02   3.4082236e-02   8.8335201e-02   4.6830278e-02   1.9971716e-02   3.5717704e-02   8.1895172e-02   4.6392552e-02   9.3064949e-02   2.5588199e-02   3.7207122e-02   5.0940784e-03   2.1788802e-04   1.9700472e-02   1.9612820e-02   9.0008847e-02   2.4151507e-02   6.9747650e-02   3.4712039e-03   5.4730543e-03
   1.0653091e-02   2.5665669e-02   4.3196575e-02   1.4315832e-02   3.4316815e-02   8.1610599e-02   8.9684519e-02   2.2456888e-02   7.1209607e-03   8.1791228e-02   6.9955400e-02   3.8415723e-04   1.9118099e-02   8.1455935e-02   7.1287274e-03   5.0281321e-02   8.0973500e-03   9.1148858e-02   5.0132508e-02   6.8867754e-02   8.3320172e-02   3.0314096e-03   2.9474493e-02   2.6791639e-02
   1.3485438e-02   2.8768507e-02   5.7280205e-03   1.1714860e-03   9.8291753e-02   1.8749726e-02   3.9493012e-02   5.3765725e-02   2.2797578e-02   1.0317046e-02   2.9371797e-03   6.4579389e-02   5.3843916e-03   7.1610550e-02   8.5021826e-02   1.2036122e-01   1.1910976e-02   1.0578140e-02   1.9999695e-02   1.1297290e-01   6.0320766e-03   1.4882275e-02   1.1167863e-01   6.9482454e-02
   1.6023949e-02   3.8175314e-02   4.0030839e-02   2.7486288e-02   1.1506925e-01   1.1726279e-01   2.6357726e-02   4.1330490e-02   3.9753675e-02   5.2630075e-02   2.2843064e-02   5.0461588e-02   4.8879657e-02   9.9136795e-03   6.0866183e-02   2.6936456e-02   5.7227548e-02   1.2942013e-01   6.4892049e-03   8.3214335e-03   1.5229291e-02   2.6897060e-02   1.2514022e-02   9.8802907e-03
   1.6397905e-02   5.0138048e-03   4.0850793e-02   4.6225769e-02   5.6899347e-04   3.2188233e-02   5.4414952e-03   1.0089898e-03   2.5342001e-02   5.0361164e-02   4.8859514e-02   4.1191152e-02   7.5594994e-02   4.8386961e-02   8.5796265e-02   1.0310987e-01   9.4963623e-03   5.7732850e-02   4.9102785e-02   9.9055848e-02   1.5494933e-02   6.8596569e-02   7.0035322e-02   4.1474260e-03
   1.6532244e-02   1.7119148e-02   1.2843838e-02   8.2861930e-02   6.3851751e-02   3.7831171e-03   7.1543146e-02   8.9476120e-02   2.7727326e-02   2.7101190e-02   2.1302162e-02   8.2445301e-02   9.0702503e-02   4.6849964e-03   8.1675625e-02   7.0801069e-02   1.1569757e-02   2.3207228e-02   8.7556199e-03   1.0036513e-02   5.9629708e-02   7.7661719e-02   1.1487761e-02   3.3200225e-02
   1.7240512e-02   2.6609246e-02   5.0821002e-03   1.5200828e-02   1.0351777e-01   6.1541399e-02   3.3156698e-02   7.9615514e-02   3.8600764e-02   2.1404739e-02   5.3055534e-03   7.7603139e-02   4.9987614e-02   7.5570183e-03   9.5423415e-02   1.2334000e-02   8.1480762e-02   6.9775822e-03   8.5645758e-03   1.0544739e-01   1.6712590e-02   7.2868549e-02   4.3845779e-02   1.3922468e-02
   1.7806193e-02   2.1104041e-03   7.1034111e-04   1.1806543e-01   2.4035736e-02   2.5969805e-02   4.2299128e-02   1.5816006e-02   8.8777700e-02   1.1975791e-03   7.6582054e-02   4.8701964e-02   7.9157543e-02   1.9375948e-02   3.2548958e-02   9.4737836e-02   1.0868884e-01   3.4792097e-02   7.3997152e-03   2.0158296e-03   9.0070652e-03   8.5512381e-02   2.4009811e-02   4.0681632e-02
   1.8145416e-02   1.0475216e-01   9.8235632e-03   2.9405940e-02   7.4110578e-02   1.9489618e-02   8.9623320e-02   8.9868474e-04   8.2549893e-03   3.8389169e-02   9.0080984e-03   3.9578166e-02   7.9204440e-02   3.9400512e-02   8.8246035e-02   2.5831392e-03   2.7603808e-02   2.4452508e-02   4.9905889e-02   1.1436990e-01   1.0694854e-01   7.4868030e-03   1.7824329e-02   4.9439633e-04
   1.8521023e-02   9.7247029e-02   7.1422148e-03   6.2809432e-02   6.1979519e-03   1.0094876e-02   3.0963018e-03   7.2292922e-03   7.6260166e-02   4.9422298e-02   3.0369813e-03   1.0472266e-01   7.7720244e-03   6.6389350e-02   6.0516606e-03   4.0856044e-02   4.0434734e-02   1.1068384e-01   4.2544909e-02   4.6749943e-02   4.8439172e-02   1.0205443e-01   2.4789821e-02   1.7453841e-02
   1.9358060e-02   4.7637003e-03   1.0116333e-02   2.3049970e-02   6.0277930e-02   5.9243906e-03   2.6227597e-02   1.0113575e-01   8.6442124e-02   3.7357073e-02   8.4220718e-02   3.0965706e-02   7.8778250e-02   4.5382755e-02   2.6115250e-03   5.5347064e-02   9.3839928e-02   4.1171223e-02   1.6289938e-02   7.4470398e-02   5.8039320e-02   5.1742087e-03   2.9764498e-02   9.2915403e-03
   2.0331174e-02   7.5070493e-02   7.4499737e-03   3.2244631e-02   1.0893335e-01   4.8661575e-03   3.6075560e-02   6.0195137e-03   1.7293422e-02   8.1515108e-02   2.1865239e-02   9.7975692e-02   5.5750179e-02   2.4164818e-03   1.7446957e-02   2.9330916e-02   2.2876034e-02   3.1773898e-02   1.3925725e-02   9.4678962e-02   3.9882778e-04   2.3841971e-02   7.1845821e-02   1.2607391e-01
   2.1234690e-02   8.0411289e-03   5.3872654e-03   7.2726566e-03   7.4206336e-02   2.3368003e-02   1.6173557e-02   5.0143649e-03   2.2545797e-02   1.9707324e-02   2.9386520e-03   1.7005761e-02   9.5072434e-02   5.1343794e-02   1.0450240e-01   1.0232730e-02   9.4428302e-02   1.3789957e-02   6.5198726e-02   7.4569796e-03   9.4394090e-02   9.1811022e-02   9.3152975e-02   5.5721054e-02
   2.1865325e-02   1.7160525e-02   2.7067528e-02   9.8732782e-02   2.5233308e-02   5.6150230e-03   5.0318394e-02   1.7855306e-03   5.0956194e-03   1.0105128e-01   2.5402892e-02   3.3421125e-02   6.6977106e-02   5.8900627e-03   5.6333425e-02   3.0869319e-02   1.1831489e-01   3.8009516e-02   3.1421115e-02   3.7162761e-03   9.0441350e-02   9.8727910e-02   3.8789424e-02   7.7602820e-03
   2.4108200e-02   5.0113617e-02   3.0048268e-02   8.6340255e-03   4.0921265e-03   1.1056825e-01   1.2232596e-02   3.0325920e-02   1.6967486e-02   2.1550663e-02   6.5332886e-02   7.2599850e-02   3.2612766e-02   1.1172557e-01   2.3040157e-02   1.7087547e-02   1.2972561e-02   1.0810831e-01   3.0147166e-02   8.8652387e-02   2.7721973e-03   1.3294516e-02   1.1225863e-01   7.5430889e-04
   2.7358150e-02   1.0574120e-02   1.0159118e-01   1.2483742e-01   2.7824211e-02   2.9041823e-03   5.5582135e-02   1.0428039e-02   5.5572392e-02   1.6645628e-03   7.5568532e-02   6.1608651e-03   2.3941269e-02   4.0490497e-04   6.3679584e-02   1.2449914e-02   6.2241334e-05   3.0097975e-02   9.5792192e-02   6.2744133e-02   4.0943121e-04   6.4320989e-02   1.0293676e-01   4.3094806e-02
   2.9998084e-02   3.8917864e-02   1.3902429e-02   8.9370896e-04   6.0643977e-02   4.8106395e-02   6.4108730e-02   3.0405852e-02   1.1149487e-01   9.6938454e-02   2.5453129e-02   5.6148233e-03   1.3685581e-02   1.0278718e-01   1.6577501e-02   1.1003606e-01   3.0444099e-02   6.6948110e-03   4.6354812e-02   9.9865458e-02   1.5976796e-02   2.0131884e-02   1.2789287e-03   9.6885697e-03
   3.2521864e-02   7.5196584e-02   3.0079858e-02   5.3465350e-04   3.5294373e-03   9.5258721e-02   3.5571400e-03   6.3757137e-04   5.3242128e-03   9.3967048e-02   3.1319227e-03   9.2499540e-02   2.1067355e-02   6.7994367e-03   3.4586161e-02   9.8674376e-02   7.9202703e-02   2.5620390e-02   8.4502108e-02   1.5306325e-03   1.5556715e-02   5.0266738e-02   7.7713057e-02   6.8241776e-02
   3.2549957e-02   4.3008354e-02   1.2970358e-02   1.1786496e-02   7.4510466e-02   4.8338072e-03   8.9239898e-02   5.2887948e-03   6.9915558e-02   2.0387605e-02   4.7288120e-04   9.9209221e-02   1.5353280e-02   2.4437293e-02   9.0896664e-02   9.3186531e-02   1.7652316e-02   1.5245819e-02   4.0276320e-02   2.9970426e-04   5.3264331e-03   8.8009509e-02   8.9825078e-02   5.5317657e-02
   3.2590059e-02   8.6937943e-02   1.6032972e-02   9.1537352e-02   7.8490660e-02   8.9247934e-02   6.1817747e-04   8.3311685e-02   3.1873689e-02   5.6276811e-02   2.9866407e-02   3.9218609e-03   2.6702848e-02   2.5661932e-03   6.2869934e-02   5.1385818e-02   1.6300571e-02   3.3618509e-02   6.2014174e-02   2.4747277e-02   3.6242295e-03   8.7854646e-04   2.4098502e-02   9.0487849e-02
   3.3724060e-02   2.8077297e-03   9.4407329e-04   1.1827564e-01   1.1067123e-02   3.1960515e-02   1.9014083e-03   1.5318197e-02   3.0135992e-02   1.7350135e-02   1.4554277e-02   1.0832949e-01   5.5851980e-02   5.7408770e-02   3.9358926e-03   6.0848723e-02   8.0028948e-02   4.1272877e-02   1.1453385e-01   2.5757862e-02   4.9155320e-03   9.8159605e-04   7.9800387e-02   8.8294940e-02
   3.4647936e-02   4.7012272e-04   4.5805211e-02   8.3896521e-02   5.3291174e-03   1.7053754e-02   7.7364159e-02   2.5759159e-02   4.2792309e-02   4.0294940e-02   7.7450313e-03   3.2175542e-02   2.2339200e-03   8.9253384e-02   8.7065154e-02   2.9856753e-03   2.7985879e-02   4.0262608e-02   3.7735069e-02   9.9973411e-02   3.5690128e-02   8.2959267e-02   1.1008720e-02   6.9512982e-02
   3.7895382e-02   8.1509928e-02   8.7301396e-02   4.2255255e-02   5.6290728e-02   2.4500712e-03   1.5060426e-02   3.5585668e-03   3.3564939e-02   2.7136613e-02   5.0395044e-02   8.6031265e-02   1.9247038e-03   2.3096539e-02   3.1795589e-02   5.5980883e-02   3.6039392e-03   5.7879242e-02   8.8600319e-02   5.6452991e-02   6.3053830e-02   3.1469304e-03   5.8265009e-03   8.5188920e-02
   3.8899467e-02   1.6601801e-02   1.2036868e-02   2.3099315e-02   3.0635861e-02   3.6045380e-02   5.3863955e-02   6.7152871e-02   8.0921459e-02   8.4183293e-03   8.1494913e-03   1.0946870e-02   1.0309153e-01   3.1119001e-03   6.5478586e-03   2.2220442e-02   4.1621836e-03   1.3023423e-01   3.3943136e-02   1.4704222e-02   1.4175755e-02   3.7931557e-02   1.2029389e-01   1.2281163e-01
   4.2298369e-02   9.0503476e-04   1.2372301e-01   3.6145237e-02   7.1254423e-02   1.7824030e-02   6.9468320e-02   1.2054127e-02   1.1184848e-01   2.3228348e-04   3.1395840e-02   1.5092312e-04   3.7207027e-02   1.2551504e-03   2.3114294e-02   2.0734513e-03   1.0315127e-01   9.0547259e-02   1.4074562e-02   4.4960874e-02   2.1682820e-02   3.3275742e-02   5.4321154e-02   5.7036314e-02
   4.3698286e-02   3.1499424e-02   2.4574293e-02   1.0716726e-01   5.1520786e-03   2.4636664e-02   1.0831101e-01   5.5252431e-02   4.2149150e-02   4.7343482e-02   2.6818983e-02   3.9022538e-03   7.1864939e-02   2.5133665e-02   1.0511248e-01   1.0897921e-01   2.9178452e-03   1.4035233e-02   9.8398544e-03   7.9602142e-02   4.8606672e-03   5.0248828e-03   3.3343542e-02   1.8780230e-02
   4.4254521e-02   8.7355808e-02   4.5887542e-02   5.1106060e-02   1.2811627e-02   5.1474304e-02   1.1039944e-03   4.7737973e-03   1.0106075e-01   2.3918445e-02   6.3175561e-02   1.5257900e-02   1.4995010e-02   7.6670985e-02   5.9762848e-03   1.5181248e-02   9.8630817e-02   1.0298898e-01   2.4990049e-02   3.6773197e-02   8.3396396e-02   1.0026282e-02   9.6502725e-03   1.8540174e-02
   4.4268808e-02   2.0328164e-02   6.5061178e-03   2.2897068e-02   2.7551169e-03   7.5676651e-02   7.4812435e-02   1.2795280e-01   1.1683709e-02   8.0139909e-03   1.1838425e-02   7.9891937e-03   6.2770101e-02   9.5961679e-02   9.4181278e-03   6.7100906e-02   4.0359342e-03   2.0481019e-02   4.0052451e-02   3.3025909e-02   9.9965001e-02   7.1525876e-02   4.5596365e-02   3.5344152e-02
   4.4634626e-02   1.3084915e-02   4.3879848e-02   1.7074210e-02   9.7101574e-02   2.1485398e-02   8.1696115e-02   3.9368852e-02   1.5361279e-02   5.9745848e-02   1.3906696e-02   7.5130626e-03   1.4953286e-02   1.0689171e-01   7.8527202e-02   7.1839872e-02   1.2597140e-01   8.3941660e-03   4.4876156e-02   2.9095627e-02   2.6668005e-02   1.0494798e-02   6.7690435e-03   2.0666309e-02
   4.5942041e-02   5.8035589e-03   9.0438703e-02   4.1241217e-02   9.1843591e-02   5.2547817e-02   2.6289196e-03   1.0392609e-01   9.5571745e-03   2.5029248e-03   6.3916344e-03   2.0162798e-02   4.0550036e-03   3.6026234e-02   1.0630932e-02   6.6222506e-03   4.7272919e-02   5.9056659e-02   1.8096568e-02   7.1688397e-02   8.3472637e-02   8.6195698e-02   2.4837960e-02   7.9058274e-02
   5.0686588e-02   3.6698224e-03   6.4039128e-02   5.3077774e-02   1.1061495e-01   9.4589919e-02   4.4190463e-02   8.1840344e-02   2.3573759e-03   1.2631760e-02   5.1814433e-02   1.0315091e-03   7.6076500e-02   1.0918837e-01   1.4631654e-02   1.2558138e-02   3.5820898e-03   2.8082468e-02   4.7819249e-03   9.3920493e-02   4.4262740e-03   2.1690493e-03   3.6944608e-02   4.3094367e-02
   5.2577553e-02   5.0329126e-02   6.3833418e-03   8.7246536e-02   9.0873995e-04   4.4358970e-02   1.1614131e-01   2.6294992e-02   5.2669936e-03   7.7658072e-02   7.2136462e-03   1.0987926e-01   1.9330897e-02   2.4817725e-02   8.4827182e-04   9.1369642e-02   3.0284821e-02   4.1785579e-03   2.7693661e-03   1.6960074e-02   1.6222907e-03   1.0243916e-01   1.0444402e-01   1.6676633e-02
   5.8471604e-02   1.8842967e-02   3.3457060e-03   1.7050802e-02   5.8649840e-02   4.3037978e-02   8.2805345e-02   6.6213850e-03   9.5725720e-02   1.1178603e-01   1.3723226e-02   2.1727362e-02   2.2296016e-02   1.8831744e-02   1.9285454e-04   2.8472358e-02   1.1609836e-01   4.8617269e-02   3.8613736e-03   6.0599540e-02   1.1666150e-01   1.3027032e-02   1.1212843e-02   2.8341151e-02
   6.1056889e-02   2.6915283e-02   6.8704486e-02   4.4869109e-02   3.7532850e-02   9.7537503e-03   1.0495838e-02   8.9215306e-03   1.2842726e-03   2.0638937e-02   1.5355033e-02   2.7348061e-02   6.7985226e-02   1.1367099e-01   4.1582538e-02   3.4035483e-02   8.0764234e-02   1.1674909e-01   1.4812864e-02   7.1014324e-02   3.1091564e-02   1.8198089e-03   2.5541475e-03   9.1043691e-02
   6.1163731e-02   1.1162965e-01   4.6003014e-02   4.4788180e-02   1.9384974e-02   7.4723936e-02   8.9373184e-02   9.9137654e-02   1.3423436e-02   3.6970543e-02   3.6596382e-02   1.1865319e-02   5.3386880e-03   1.3270178e-02   5.3724485e-03   1.8862835e-02   7.5707005e-02   3.3088180e-02   8.6459626e-02   1.0369149e-02   4.7453471e-02   3.2216437e-02   1.3500904e-02   1.3301069e-02
   6.2990011e-02   5.6688298e-03   2.2469952e-02   3.4385044e-02   1.4535530e-02   1.0365046e-01   9.9086119e-02   7.0158502e-02   3.0522464e-02   4.1712644e-02   1.0436566e-01   2.6866736e-02   6.2904342e-02   9.6829060e-02   3.3251563e-02   1.2700469e-02   1.6382740e-02   3.2582012e-03   9.5568945e-02   1.5325597e-03   4.6258562e-04   3.0619528e-02   1.3433172e-02   1.6644884e-02
   6.5144025e-02   9.7640605e-02   2.0810349e-02   3.0962914e-02   2.5211486e-02   2.2569084e-02   9.7687583e-03   4.2150149e-03   4.9864459e-02   2.0684506e-03   7.9053050e-02   9.6152590e-02   9.5904232e-02   3.7469640e-02   4.2784822e-03   7.5446793e-02   7.9722992e-02   5.5309770e-03   3.0171754e-02   5.1467373e-03   5.8678232e-02   1.7587819e-02   2.7292984e-04   8.6328625e-02
   6.6367038e-02   1.2543927e-02   1.5724493e-03   2.6011130e-02   6.8644262e-02   7.7453045e-03   9.7382289e-04   8.2808138e-02   1.0110551e-01   2.8252098e-02   7.3463073e-03   9.5538138e-02   4.6167409e-02   3.1439691e-03   2.9019313e-02   4.9275618e-02   3.0882481e-03   3.5030050e-02   5.3289019e-02   2.1666012e-02   1.0342636e-02   9.6470028e-02   4.0062767e-02   1.1353681e-01
   6.8772670e-02   6.4509179e-02   5.3540528e-02   1.0935307e-01   1.4527216e-02   1.1106016e-01   4.3307434e-03   1.0379198e-02   3.7690113e-02   7.4060175e-02   5.0119695e-02   1.2433819e-02   9.9218970e-02   7.1678699e-03   2.2542646e-03   1.2672578e-02   8.0441675e-03   3.5842152e-02   6.8076956e-02   1.3329953e-02   1.0252373e-01   1.9799818e-02   4.3753968e-04   1.9855448e-02
   7.0480486e-02   7.7644800e-03   7.0152033e-05   1.6019384e-02   1.0275204e-01   3.1546827e-02   7.4850698e-04   7.1815954e-03   4.6454018e-03   3.4719900e-02   6.7211250e-02   6.0489718e-02   3.9236732e-02   4.4575982e-02   1.1084173e-01   9.2893130e-03   1.5251583e-02   2.7585706e-02   7.8107942e-02   1.0912480e-02   1.0325572e-02   3.3908315e-02   1.2000918e-01   9.6325726e-02
   7.0806402e-02   5.9442804e-02   3.1398878e-02   2.5160141e-02   6.8994114e-03   6.4908586e-02   6.2501634e-02   2.2506704e-02   8.0606484e-03   9.5313993e-02   9.1950859e-02   9.8402952e-02   3.0567735e-03   2.0642831e-02   1.5144937e-02   5.0588742e-04   9.5419473e-02   8.1581002e-02   2.5395753e-02   1.6825401e-04   5.8180340e-03   5.8661466e-03   9.7418162e-02   1.1629732e-02
   7.1431643e-02   1.0216950e-01   4.1613302e-02   1.9795624e-02   2.7515016e-03   7.5585493e-02   6.3200461e-03   3.5912114e-02   1.3434560e-02   9.6452079e-02   9.2992005e-02   1.4247093e-02   1.5920192e-03   6.6161589e-03   8.2968263e-02   9.3030747e-02   3.7226764e-02   2.6339872e-02   1.4406834e-02   2.4713591e-02   3.8804059e-02   6.8162950e-02   2.0606329e-02   1.2827447e-02
   7.1438064e-02   1.3377662e-02   3.3027617e-02   1.1763207e-02   7.6609903e-02   1.7533642e-03   8.2206706e-02   1.1055147e-01   1.3178293e-02   1.1180431e-01   4.0600128e-03   5.5887884e-03   1.2032784e-02   1.6493036e-02   1.9418890e-02   4.9487902e-03   9.1195258e-02   1.0156908e-01   5.3496639e-02   5.2020210e-03   5.9574620e-02   7.0300517e-02   2.9212404e-02   1.1965579e-03
   7.5273705e-02   4.7951815e-02   6.3848553e-02   6.9954115e-03   3.8814975e-02   4.4360587e-03   4.3313954e-03   2.7960715e-02   1.4547064e-02   1.0446841e-01   1.4621798e-02   8.6601849e-02   4.7243232e-02   5.4355901e-02   8.7230318e-02   2.0323903e-02   4.6368748e-02   3.4888370e-02   7.6481372e-03   1.2170007e-02   2.8391655e-02   9.6769796e-02   6.5450991e-03   6.8213087e-02
   7.9317212e-02   5.5685457e-02   1.1037078e-02   2.2039348e-02   2.3321308e-03   4.7359888e-02   4.7667343e-02   1.1552333e-01   1.1689182e-01   5.8663299e-02   2.5101771e-02   3.6982838e-02   2.0988459e-02   3.5927174e-03   3.2841195e-02   3.1859156e-02   1.1128015e-01   1.2655128e-02   1.2238838e-02   3.6107988e-02   2.2559195e-02   1.1642070e-02   1.3313074e-03   8.4302282e-02
   8.1014567e-02   2.1096907e-02   4.9191624e-02   8.1778347e-02   8.0516192e-02   9.2797570e-02   8.3944614e-03   3.9547772e-03   9.2440041e-02   4.0952912e-02   2.7195766e-02   2.9795761e-02   9.6019282e-03   6.7505521e-02   2.3910151e-02   9.8722148e-02   1.8328106e-02   4.8427298e-02   2.2844528e-02   6.1608002e-03   4.5312782e-03   1.0428663e-02   7.3598234e-02   6.8124177e-03
   8.4420558e-02   5.0935883e-03   9.2736069e-02   1.5093655e-02   6.0829504e-03   5.4872274e-03   3.6125576e-02   1.3339525e-02   3.1127324e-02   6.8762583e-02   8.5207296e-02   4.1693143e-02   5.9241613e-02   5.0711881e-03   7.7062389e-02   1.4650011e-03   5.2731098e-02   2.8514460e-02   5.1502388e-02   9.1193744e-02   2.2181559e-02   1.4724680e-02   4.0403875e-02   7.0738510e-02
   8.5830530e-02   1.0420653e-02   9.0846816e-02   4.3792943e-02   4.6422581e-03   9.9748830e-02   6.3884072e-02   5.3521488e-02   4.6288966e-02   6.1011419e-03   3.5181491e-02   2.3676131e-02   9.8679087e-03   9.3074315e-03   2.6949318e-02   9.3479016e-02   5.0854514e-02   1.0955086e-02   5.8528095e-03   4.8753454e-02   6.0357247e-03   5.7657393e-02   2.4108196e-02   9.2243829e-02
   9.0961190e-02   1.2008170e-01   1.1748227e-01   4.6381993e-02   1.4404284e-02   1.9675761e-02   2.1490830e-02   8.8669817e-02   2.3616327e-02   1.5491875e-02   9.6209705e-03   1.7926697e-03   6.0954509e-02   4.0166999e-02   1.3637958e-02   3.5667498e-02   5.6355463e-03   3.0154120e-02   1.3356319e-03   1.0388415e-02   1.0321534e-02   9.3354791e-02   4.4851395e-02   8.3861916e-02
   9.1728539e-02   9.8714454e-02   3.9821787e-02   1.5487372e-04   9.8568564e-02   1.4669591e-02   6.7857573e-03   9.9937221e-04   5.5756103e-02   6.8484119e-02   4.7735348e-02   2.0417563e-02   5.5124020e-02   4.4125024e-02   3.2523641e-03   1.0472377e-01   6.7630564e-02   8.7752231e-02   2.9856657e-03   1.4942085e-02   5.8302816e-03   5.1787020e-02   7.4032469e-03   1.0607656e-02
   9.1802754e-02   6.2975336e-04   1.6518589e-02   8.1718467e-02   1.1967001e-03   1.3001893e-02   5.8871653e-02   1.4336274e-02   2.7590762e-02   1.0047203e-02   1.2014429e-01   2.4249045e-02   7.7579972e-02   9.9144986e-02   2.2271827e-03   1.9422351e-02   1.5738048e-02   1.6436119e-02   2.7921166e-02   1.0767123e-01   1.2173804e-01   3.8701663e-02   1.0295197e-02   3.0166569e-03
   9.6361362e-02   7.1628903e-03   6.2553161e-03   9.1229863e-02   6.4838092e-02   1.6752082e-03   8.1142122e-02   4.0650877e-02   3.5226616e-03   2.1772044e-02   9.7990180e-03   9.6819464e-02   8.6022189e-02   7.5264033e-02   3.2189723e-02   5.9522552e-03   2.4038069e-02   7.4980963e-02   3.9394488e-03   1.0005062e-02   2.9168236e-02   3.4254289e-02   9.2655470e-02   1.0301344e-02
   9.7116168e-02   7.0613990e-02   8.4834209e-02   1.0282354e-02   1.0078286e-02   1.0493027e-01   5.6971641e-02   1.3764844e-02   5.3348919e-02   7.9272281e-04   3.9346926e-03   9.1190524e-02   6.4543636e-02   5.8048743e-02   9.6430200e-03   2.2769378e-02   2.7268948e-02   3.8798831e-02   2.6516688e-02   2.9746533e-02   4.6448079e-02   7.5672498e-03   4.5067292e-02   2.5722980e-02
   1.0654265e-01   9.4315576e-02   2.4654785e-03   3.8241469e-03   1.6799501e-02   8.1826725e-02   2.9760701e-02   1.0230753e-03   1.0071648e-01   6.3447598e-02   3.2418902e-02   8.8666593e-03   4.3206971e-02   2.5990236e-02   1.9137288e-03   6.9203742e-03   7.5560883e-02   1.7992800e-02   6.8269271e-03   9.4535393e-02   4.0768232e-02   7.9748895e-02   5.5603420e-02   8.9246436e-03
   1.1020280e-01   3.3393220e-03   5.7025668e-04   1.7492674e-02   1.2477549e-02   5.1603844e-02   2.1776841e-02   1.0620012e-01   5.4084612e-03   1.3043442e-02   5.8024837e-02   5.7106639e-03   1.5671989e-02   4.8148802e-02   3.0296700e-02   3.8693456e-03   1.1209253e-01   1.3745644e-02   1.9773541e-02   1.2939793e-02   8.0278337e-02   5.3994212e-02   1.2331574e-01   8.0022560e-02
   1.1611569e-01   2.1540505e-03   8.5493294e-03   4.4890430e-02   7.4343322e-02   2.5429037e-02   7.7615941e-02   1.8518661e-02   3.4894359e-02   3.4810116e-02   5.4244851e-05   6.1109855e-02   6.3570228e-02   2.7154011e-02   1.1741971e-02   9.8413620e-03   1.1152821e-01   9.6914676e-04   9.4887485e-03   1.7640644e-02   5.1205229e-02   8.6062491e-02   1.9666303e-02   9.2646627e-02
   1.1728105e-01   2.2376831e-02   2.9116301e-02   8.4758173e-03   1.6607225e-02   1.7800025e-03   9.9386109e-02   5.6481643e-03   8.9516194e-04   6.4304023e-02   7.7155003e-02   3.0565870e-02   1.1658875e-01   6.2917126e-02   1.0823037e-03   1.2275524e-02   3.5894098e-02   9.9787808e-02   3.2918390e-03   2.7909704e-02   4.8125323e-03   5.1667981e-02   1.4793931e-02   9.5386852e-02
   1.0000000e+00   0.0000000e+00   0.0000000e+00   0.0000000e+00   0.0000000e+00   0.0000000e+00   0.0000000e+00   0.0000000e+00   0.0000000e+00   0.0000000e+00   0.0000000e+00   0.0000000e+00   0.0000000e+00   0.0000000e+00   0.0000000e+00   0.0000000e+00   0.0000000e+00   0.0000000e+00   0.0000000e+00   0.0000000e+00   0.0000000e+00   0.0000000e+00   0.0000000e+00   0.0000000e+00
