   0.0000000e+00   0.0000000e+00   0.0000000e+00   0.0000000e+00   0.0000000e+00   0.0000000e+00   0.0000000e+00   0.0000000e+00   0.0000000e+00   0.0000000e+00   0.0000000e+00   0.0000000e+00   1.0000000e+00
   0.0000000e+00   0.0000000e+00   0.0000000e+00   0.0000000e+00   0.0000000e+00   0.0000000e+00   0.0000000e+00   0.0000000e+00   0.0000000e+00   0.0000000e+00   0.0000000e+00   1.0000000e+00   0.0000000e+00
   0.0000000e+00   0.0000000e+00   0.0000000e+00   0.0000000e+00   0.0000000e+00   0.0000000e+00   0.0000000e+00   0.0000000e+00   0.0000000e+00   0.0000000e+00   1.0000000e+00   0.0000000e+00   0.0000000e+00
   0.0000000e+00   0.0000000e+00   0.0000000e+00   0.0000000e+00   0.0000000e+00   0.0000000e+00   0.0000000e+00   0.0000000e+00   0.0000000e+00   1.0000000e+00   0.0000000e+00   0.0000000e+00   0.0000000e+00
   0.0000000e+00   0.0000000e+00   0.0000000e+00   0.0000000e+00   0.0000000e+00   0.0000000e+00   0.0000000e+00   0.0000000e+00   1.0000000e+00   0.0000000e+00   0.0000000e+00   0.0000000e+00   0.0000000e+00
   0.0000000e+00   0.0000000e+00   0.0000000e+00   0.0000000e+00   0.0000000e+00   0.0000000e+00   0.0000000e+00   1.0000000e+00   0.0000000e+00   0.0000000e+00   0.0000000e+00   0.0000000e+00   0.0000000e+00
   0.0000000e+00   0.0000000e+00   0.0000000e+00   0.0000000e+00   0.0000000e+00   0.0000000e+00   1.0000000e+00   0.0000000e+00   0.0000000e+00   0.0000000e+00   0.0000000e+00   0.0000000e+00   0.0000000e+00
   0.0000000e+00   0.0000000e+00   0.0000000e+00   0.0000000e+00   0.0000000e+00   1.0000000e+00   0.0000000e+00   0.0000000e+00   0.0000000e+00   0.0000000e+00   0.0000000e+00   0.0000000e+00   0.0000000e+00
   0.0000000e+00   0.0000000e+00   0.0000000e+00   0.0000000e+00   1.0000000e+00   0.0000000e+00   0.0000000e+00   0.0000000e+00   0.0000000e+00   0.0000000e+00   0.0000000e+00   0.0000000e+00   0.0000000e+00
   0.0000000e+00   0.0000000e+00   0.0000000e+00   1.0000000e+00   0.0000000e+00   0.0000000e+00   0.0000000e+00   0.0000000e+00   0.0000000e+00   0.0000000e+00   0.0000000e+00   0.0000000e+00   0.0000000e+00
   0.0000000e+00   0.0000000e+00   1.0000000e+00   0.0000000e+00   0.0000000e+00   0.0000000e+00   0.0000000e+00   0.0000000e+00   0.0000000e+00   0.0000000e+00   0.0000000e+00   0.0000000e+00   0.0000000e+00
   0.0000000e+00   1.0000000e+00   0.0000000e+00   0.0000000e+00   0.0000000e+00   0.0000000e+00   0.0000000e+00   0.0000000e+00   0.0000000e+00   0.0000000e+00   0.0000000e+00   0.0000000e+00   0.0000000e+00
   4.1836898e-04   1.3220143e-01   1.8300083e-01   3.4696173e-02   4.1550414e-02   1.1886785e-02   1.9687433e-02   3.6707346e-02   2.1603087e-01   2.1490381e-01   8.3770365e-03   3.9266986e-02   6.1272510e-02
   4.6085286e-04   1.6573382e-01   6.8954630e-02   9.5384685e-02   3.2922835e-02   2.9682145e-02   1.1086546e-02   1.1289853e-01   1.2302479e-01   1.7257104e-01   1.4748362e-01   5.5187446e-03   3.4277751e-02
   5.0514419e-04   1.9593387e-02   1.7875610e-01   1.7633870e-01   6.6485297e-03   1.9192752e-01   9.3977915e-02   7.3242024e-03   3.4254472e-02   1.0682723e-02   1.3177442e-02   1.9390443e-01   7.2909435e-02
   5.1386252e-04   3.1182057e-02   1.5590995e-01   1.2820885e-01   1.2529922e-01   1.2759067e-01   4.6903010e-03   2.6937510e-02   1.0582277e-01   1.7967582e-02   1.3250037e-01   1.2931341e-01   1.4063434e-02
   5.4303371e-04   5.1567420e-02   1.6872112e-01   5.8502439e-03   2.2897957e-02   8.6376773e-02   5.5893505e-02   8.3237604e-02   3.7484893e-02   1.5573680e-01   1.7879852e-01   5.2170926e-02   1.0072120e-01
   9.8449995e-04   1.0734738e-02   1.0782463e-01   1.2109548e-01   7.0947657e-02   3.7787570e-03   1.1133954e-01   1.7277806e-02   1.4142062e-01   6.4387872e-02   1.0949906e-01   1.5329224e-01   8.7417102e-02
   1.0495637e-03   3.6247869e-02   1.8874996e-01   9.3939996e-02   1.4890690e-01   3.9999931e-03   2.8888643e-02   8.1314367e-02   9.6338362e-02   1.0183644e-01   1.3009250e-01   1.9556417e-02   6.9078984e-02
   1.3458250e-03   1.8969352e-01   3.2544624e-02   1.1201919e-02   4.5584781e-02   5.2103374e-03   1.6559277e-01   4.6509688e-02   8.1989423e-03   1.3883971e-01   4.3406196e-02   8.8825941e-02   2.2304575e-01
   1.3460741e-03   4.4292042e-02   3.5337307e-03   5.4588289e-02   4.4383526e-02   9.3266138e-02   6.8343918e-03   2.0299594e-03   1.6528611e-01   8.2750728e-02   8.8395083e-02   2.0533193e-01   2.0796200e-01
   1.4795856e-03   1.5174027e-01   3.6850436e-02   1.3917157e-01   3.2613032e-02   7.8285990e-02   1.5629226e-01   1.7237365e-01   1.6900784e-01   2.0744529e-02   8.8257109e-03   2.2357168e-02   1.0257970e-02
   1.8350869e-03   4.5348592e-03   1.1199820e-01   7.0693624e-02   1.8502247e-01   3.0362002e-02   5.0881435e-02   2.1721531e-01   2.1966301e-02   1.3236570e-02   3.6071891e-02   2.0308103e-01   5.3101217e-02
   1.9679262e-03   5.8425549e-03   2.5804054e-02   1.8637129e-02   1.4500020e-02   1.1686470e-01   1.0495498e-02   1.1990512e-01   1.9399830e-01   1.8953081e-01   7.0068270e-02   3.6965227e-02   1.9542039e-01
   2.0031052e-03   2.6702958e-02   1.6016075e-01   1.7300084e-02   4.5535050e-02   1.9851929e-01   2.4917634e-02   6.1013934e-02   1.3693554e-01   5.2582163e-02   9.3121475e-03   8.0053700e-02   1.8496364e-01
   2.9977244e-03   1.1865800e-01   5.2835984e-02   1.0926131e-03   1.6632003e-01   8.0485040e-02   1.4002770e-01   1.2214300e-01   8.6771876e-02   1.4775941e-02   1.3267222e-01   7.8949387e-02   2.2704853e-03
   3.4329997e-03   6.6488013e-03   2.2948359e-01   1.3649846e-01   2.3099542e-02   2.4509754e-02   3.1284619e-02   9.0985991e-02   1.4490563e-01   8.9133406e-03   3.9009199e-02   9.3419563e-02   1.6780852e-01
   4.0037260e-03   5.5589584e-02   9.3234304e-02   2.8344394e-02   1.5427995e-01   1.3131741e-01   7.8066842e-04   1.5958096e-01   1.4670606e-01   1.0696723e-01   7.0355837e-03   2.7619627e-02   8.4540491e-02
   4.0452574e-03   4.6562460e-02   1.9673753e-01   1.2922566e-02   1.8744227e-01   1.4937623e-01   1.2083493e-02   3.3095240e-02   9.5442561e-02   3.3390623e-03   6.9234998e-02   7.7766622e-03   1.8194167e-01
   4.3425761e-03   1.7370662e-01   1.8658901e-01   4.5202253e-02   5.0052438e-03   4.0512827e-02   1.2308627e-01   1.0958795e-01   1.5904180e-02   2.0082851e-01   7.7049785e-03   2.7738617e-02   5.9790956e-02
   4.6338767e-03   5.1255410e-02   1.4646958e-01   1.2292853e-02   3.2268852e-02   1.7605507e-02   1.0600076e-01   9.6749491e-02   5.3088672e-02   4.0905265e-02   8.9441740e-02   1.1810318e-01   2.3118482e-01
   4.7052254e-03   1.8673932e-01   2.7732765e-02   5.7854127e-03   9.0560464e-02   1.5652652e-01   5.1259887e-02   4.5657839e-03   8.7286597e-02   8.3030032e-02   1.6949778e-02   1.5516651e-01   1.2969171e-01
   4.8364469e-03   4.3970570e-02   5.1588401e-02   1.2326905e-01   5.6821695e-02   2.9752984e-01   3.6517096e-02   4.7849198e-02   1.0258701e-01   1.6184346e-01   2.4945674e-02   4.5709404e-03   4.3670621e-02
   5.1603009e-03   1.7710642e-01   7.8407355e-02   2.0916075e-02   1.3923802e-02   1.8909522e-01   1.5594793e-01   5.2511042e-02   2.6300864e-03   1.4200154e-01   4.1870275e-03   1.3240585e-01   2.5707344e-02
   5.1844081e-03   6.4766599e-02   1.5493580e-01   1.3200381e-01   4.6262687e-02   1.5249141e-01   1.1447062e-01   4.6068522e-02   2.1801800e-02   6.3656347e-02   1.7855859e-01   4.3039278e-03   1.5495478e-02
   5.4557950e-03   9.2634903e-02   1.4448610e-01   1.8005266e-02   2.3737451e-03   4.8180510e-02   4.6245643e-02   8.3615792e-02   2.0540437e-01   3.1497622e-02   4.7316893e-02   1.6373374e-01   1.1104962e-01
   5.9436626e-03   4.0214764e-02   2.9079054e-03   1.6416383e-01   1.6377234e-01   1.6325627e-01   9.7003150e-02   2.1136786e-02   9.6049507e-02   1.6087215e-02   1.7904910e-02   3.0517209e-02   1.8104245e-01
   5.9996805e-03   1.6278542e-01   1.3891626e-01   4.6729222e-02   1.0196618e-01   2.5930297e-02   2.3408922e-03   1.8232042e-01   2.4830505e-01   3.4321152e-02   2.9396668e-02   1.8121106e-02   2.8676480e-03
   6.1302109e-03   4.9139192e-02   1.8071499e-02   4.3595490e-02   1.3202667e-02   1.0588031e-01   1.3161450e-01   2.1268445e-01   2.3389396e-01   6.6522938e-02   6.5272521e-03   6.5178925e-02   4.7558600e-02
   7.0425251e-03   1.5441206e-01   1.2143182e-01   1.5799183e-01   1.4987969e-01   1.9197453e-01   6.1706618e-03   3.6206401e-03   9.7984979e-02   5.5468984e-02   1.1875448e-02   6.0039168e-03   3.6142905e-02
   7.1279903e-03   1.3508120e-01   1.2985744e-01   1.7072499e-01   1.2784092e-01   2.0549370e-02   3.5967262e-02   4.1628252e-02   1.5320413e-01   1.1403535e-02   2.7427832e-02   1.0688732e-01   3.2299758e-02
   7.5790921e-03   1.2648913e-01   1.0752777e-02   2.5221436e-02   1.7552063e-02   8.0900654e-02   1.4351366e-01   1.8231872e-01   1.1031693e-01   1.8452435e-01   1.8196737e-03   3.7336376e-02   7.1675133e-02
   7.9818787e-03   7.4835681e-03   1.0192342e-01   3.2057608e-02   4.9388328e-02   1.9749254e-01   2.1102397e-01   3.9033340e-02   9.3634137e-02   2.0454314e-02   2.8581995e-02   1.4697900e-01   6.3965897e-02
   8.0179268e-03   1.8669250e-01   1.8407991e-02   3.2800077e-02   1.2637538e-02   4.1204131e-02   2.6484196e-02   1.2955026e-01   1.2423042e-01   3.0800038e-01   2.2641496e-02   6.1136597e-02   2.8196487e-02
   8.1523140e-03   2.1082649e-02   1.9693438e-01   3.4255218e-02   4.6816201e-02   2.9345148e-02   1.2812262e-01   3.7436651e-02   2.7907015e-02   1.6127906e-01   1.3246051e-01   1.6272473e-01   1.3483507e-02
   8.3788250e-03   8.2508668e-02   1.8548807e-02   1.1040075e-01   4.9623887e-03   1.5069145e-01   1.3716408e-01   1.3871492e-03   1.4433712e-03   1.3437499e-01   1.1352840e-01   1.6939068e-01   6.7220444e-02
   8.4690803e-03   1.4281320e-02   5.3160411e-02   2.0930411e-01   1.0384950e-01   7.3193234e-02   1.0575383e-01   1.1530475e-01   5.4438955e-03   1.0833143e-02   2.7293384e-03   1.3372680e-01   1.6395058e-01
   8.6296142e-03   6.6637588e-02   4.6294886e-02   1.9395301e-01   8.1024613e-03   9.6570744e-02   1.5285999e-01   1.8625447e-01   2.1420211e-02   2.7021814e-03   4.2656862e-02   1.3982209e-01   3.4095890e-02
   8.6637313e-03   6.0167867e-02   1.4485022e-01   1.6212988e-01   2.3012100e-02   1.8203656e-01   7.3666423e-03   1.2565612e-01   2.0035512e-01   1.1252073e-02   3.9271656e-02   4.3551182e-03   3.0882918e-02
   8.8671216e-03   3.0388925e-03   3.1099139e-02   1.9548088e-02   1.7332993e-01   3.5139378e-02   4.1186757e-02   1.5072032e-01   1.1466298e-02   1.5890044e-01   3.1297691e-02   1.0505506e-01   2.3035088e-01
   9.3980038e-03   3.3543738e-02   8.0404766e-02   1.0549863e-03   1.2471568e-01   5.8588167e-03   8.7523553e-02   1.9399099e-01   4.2607984e-02   7.8460500e-02   1.8511949e-01   2.3165490e-03   1.5500495e-01
   9.6542593e-03   6.5317763e-02   1.4713327e-01   5.0623656e-03   1.2732907e-01   1.3241632e-01   8.6377774e-03   7.8698223e-02   1.0699909e-02   2.0426320e-01   3.7253058e-02   1.9580689e-02   1.5395410e-01
   9.6942571e-03   1.0328873e-02   1.2658463e-01   1.4838339e-01   2.1146113e-01   2.5011454e-01   1.0219613e-01   7.1985811e-03   4.1510938e-03   6.8213038e-02   1.0261321e-02   4.7934101e-02   3.4789090e-03
   9.7691201e-03   2.6203645e-02   9.3202110e-03   4.2846444e-03   7.1464158e-03   1.9480587e-02   9.6029721e-02   1.9030221e-01   7.9646115e-02   2.3960175e-01   9.5509646e-02   1.3799912e-01   8.4706810e-02
   1.0209163e-02   8.7286318e-02   2.8753264e-02   6.7468789e-03   4.4287578e-02   1.0369290e-01   1.3491853e-01   4.0509231e-02   1.6951451e-01   1.5860333e-01   4.0051792e-02   1.7159190e-01   3.8346072e-03
   1.0404930e-02   8.3859405e-02   4.8061218e-02   1.9182038e-02   1.3507979e-02   2.9200532e-02   9.2341871e-03   8.6067374e-03   1.5090101e-01   1.9401913e-01   3.2072433e-01   1.0669403e-01   5.6044689e-03
   1.0740830e-02   1.0613699e-01   3.0836729e-01   8.2110710e-02   5.2040148e-02   2.3464759e-02   1.8226003e-02   1.1912918e-01   3.4545565e-02   6.3069441e-02   8.0942333e-02   5.1483281e-02   4.9743465e-02
   1.0774446e-02   2.3811626e-01   5.2822917e-03   1.7667090e-01   1.1278380e-01   1.8836129e-02   6.0129253e-03   1.9187005e-01   1.1521603e-02   7.3656082e-03   8.7679262e-02   2.3204423e-03   1.3076628e-01
   1.0942557e-02   4.2587143e-02   1.7072133e-02   9.4435499e-02   2.6387601e-02   1.8095513e-01   1.3728734e-02   1.9595482e-01   5.2020973e-02   1.2929457e-02   8.5370901e-02   1.1710647e-01   1.5050859e-01
   1.0958324e-02   6.4533529e-03   1.5243848e-01   7.9531914e-02   4.5090496e-03   2.3077767e-01   6.5139270e-02   1.9333496e-02   4.0809252e-02   1.4396888e-01   1.0451200e-02   1.2713421e-01   1.0849490e-01
   1.1044838e-02   1.1082970e-01   8.4082724e-02   7.2433379e-02   1.0767564e-02   2.8580494e-02   2.2140000e-01   1.2206719e-01   7.3750896e-02   5.3050112e-02   1.0951856e-01   3.4121886e-02   6.8352664e-02
   1.1731476e-02   1.2720291e-01   4.8563913e-02   1.2309928e-02   2.3860681e-01   1.9706903e-02   1.2677185e-01   6.6511338e-02   2.4551936e-01   8.2218506e-02   1.2600807e-02   5.4189928e-04   7.7143023e-03
   1.2495037e-02   3.4356156e-02   1.3064042e-02   4.2739246e-02   3.1739078e-02   5.1295998e-02   1.5680130e-01   1.8789255e-01   2.7825816e-03   1.7351815e-02   1.6730250e-01   1.7507844e-01   1.0710124e-01
   1.2563087e-02   6.8175636e-02   6.8710683e-03   2.9717786e-02   1.7997487e-03   1.6387370e-02   1.0470708e-01   1.5161668e-01   1.8743788e-01   1.7864252e-03   1.1433636e-01   1.2917456e-01   1.7542632e-01
   1.2655763e-02   3.7652425e-02   8.1708472e-02   1.3644420e-01   2.5843491e-01   6.4990901e-02   1.4646538e-01   1.1493700e-02   1.2579899e-02   1.1556675e-01   2.8605632e-02   5.0874705e-02   4.2527254e-02
   1.2678838e-02   6.1717810e-02   2.3778706e-01   1.1184204e-01   2.5076245e-02   1.0462005e-01   7.6987034e-03   7.1527501e-02   1.8038364e-01   5.9725789e-02   1.7969923e-03   1.2101661e-01   4.1287293e-03
   1.3001356e-02   2.0624910e-02   1.9114367e-01   1.9884854e-01   2.0856306e-01   1.0223849e-02   1.7163267e-01   9.7327777e-02   5.0208570e-02   4.0434905e-03   2.2302945e-02   1.0369920e-02   1.7092490e-03
   1.3044307e-02   1.0680457e-01   6.1026198e-02   1.8807703e-01   3.7530773e-02   1.5606174e-03   2.0176961e-02   1.8632659e-01   6.0674533e-02   2.6362476e-02   1.5513824e-01   1.3798538e-01   5.2923365e-03
   1.3253591e-02   1.6248909e-01   1.9333373e-02   7.3723507e-02   7.3049479e-03   1.9457730e-01   4.9120516e-02   2.3233905e-02   8.9799682e-02   1.7809428e-01   1.6148749e-01   1.0236923e-03   2.6558617e-02
   1.4094992e-02   1.1739005e-01   3.7794859e-02   8.8626418e-02   4.0780517e-03   9.8297608e-02   7.9983915e-02   1.5687837e-01   1.1975558e-01   5.4699068e-02   1.9066646e-01   3.6145728e-02   1.5889051e-03
   1.4250924e-02   9.7469859e-03   1.2781053e-01   1.7361646e-01   5.4774955e-02   1.3628845e-02   1.6116716e-01   6.5212909e-02   8.5115193e-03   4.5884512e-02   1.4434272e-01   1.7128204e-01   9.7704416e-03
   1.4280073e-02   2.4073948e-02   1.5360864e-01   1.1539479e-02   1.9080833e-02   1.6527921e-01   4.7580961e-02   1.4719682e-02   2.1285054e-02   4.9245388e-02   1.6195336e-01   2.0766541e-01   1.0968796e-01
   1.4679384e-02   1.2342792e-01   1.3216122e-01   6.3632765e-02   1.2412715e-01   1.3442484e-01   1.3444831e-01   3.7960991e-03   6.1476854e-02   1.2837197e-01   6.1883602e-02   1.1759880e-02   5.8100000e-03
   1.4986459e-02   1.0030600e-02   2.3535097e-02   3.8022627e-02   2.0424883e-01   1.9089014e-01   1.0344476e-02   1.7676778e-02   8.4325576e-03   7.3565726e-02   1.1884927e-01   9.0556562e-02   1.9886088e-01
   1.5004576e-02   5.2341796e-03   2.8669566e-02   1.4063562e-01   1.8243330e-02   8.8631715e-02   1.7059655e-01   2.2002895e-01   3.4841428e-02   5.7411871e-02   3.2639768e-03   4.8464409e-02   1.6897383e-01
   1.5121680e-02   6.3022656e-04   2.3392725e-02   2.1493166e-01   5.8541177e-02   2.2199161e-01   3.2793631e-02   3.1679819e-02   1.5927562e-01   2.8470892e-03   1.7776101e-02   1.5627510e-01   6.4743562e-02
   1.5522710e-02   1.8044191e-01   1.9565490e-01   1.0677977e-01   6.1224230e-02   1.1742734e-01   1.2360136e-02   9.1547227e-03   4.6847406e-02   1.6349565e-02   1.2315445e-02   2.0247089e-01   2.3450985e-02
   1.6284950e-02   1.8487486e-02   5.4361960e-03   1.4191092e-01   1.4049504e-01   1.1227955e-01   2.1964673e-01   9.4289285e-04   1.1662565e-02   3.0132619e-02   7.7197126e-02   1.9260759e-01   3.2916340e-02
   1.7083418e-02   1.0408693e-02   1.3017625e-01   5.0221765e-02   1.1850402e-01   1.5781039e-01   5.9867291e-02   1.8264226e-01   2.5345437e-02   2.0835719e-02   1.1008860e-01   8.5559853e-03   1.0846018e-01
   1.7381958e-02   7.4714378e-02   3.2669622e-02   6.6202641e-03   4.5934146e-02   5.4005055e-02   3.7116528e-02   1.5813267e-01   3.0967709e-01   2.8750884e-03   2.2823964e-01   1.4469103e-02   1.8164463e-02
   1.8117863e-02   1.2206292e-02   2.3512876e-02   1.8359862e-02   8.7293272e-02   8.7555093e-03   2.5732342e-01   2.3682003e-01   1.0291151e-02   1.6712550e-02   1.2160511e-01   4.2720355e-02   1.4628170e-01
   1.8652165e-02   2.7714583e-02   1.0172489e-01   1.2667704e-01   6.1159958e-02   1.2241021e-01   6.9253992e-05   4.1778641e-02   4.6290356e-03   1.4222987e-01   1.4977872e-01   1.3627217e-01   6.6903460e-02
   1.9010293e-02   7.6398355e-02   8.6538719e-02   1.1188306e-01   1.1139017e-02   1.3302509e-01   7.6974638e-02   9.3258117e-03   1.6959761e-01   1.5188828e-02   8.9571481e-02   6.9244206e-02   1.3210290e-01
   1.9318257e-02   1.0671527e-01   2.9988253e-02   1.7704280e-02   4.5796787e-02   1.5231675e-02   2.4875515e-01   2.5418812e-02   3.8294071e-02   2.0281570e-02   8.6935350e-02   2.6759265e-01   7.7967877e-02
   1.9687403e-02   1.8674178e-01   9.6610837e-02   1.5344467e-01   1.1108686e-02   6.0254206e-02   1.1103869e-02   1.0988307e-01   8.0079452e-02   3.5632361e-02   9.3858120e-03   1.2696156e-01   9.9106301e-02
   2.0482729e-02   4.7751033e-02   2.4695729e-02   1.2686938e-01   1.1887425e-01   1.5439814e-01   1.4519478e-01   9.9927497e-02   9.6643545e-03   1.4636403e-02   1.4629171e-01   5.1908380e-02   3.9305608e-02
   2.0520960e-02   1.2541473e-02   2.3745880e-02   2.1479815e-02   1.9706556e-02   1.9448652e-01   6.9216744e-03   1.6488498e-01   1.7134317e-01   1.4418191e-02   1.2450336e-01   2.7408427e-02   1.9803899e-01
   2.0540417e-02   1.8137854e-01   1.6974600e-01   1.8973981e-01   1.2285098e-01   5.4425109e-02   2.5973988e-03   9.2531352e-03   1.6063014e-03   2.7773251e-02   1.0778814e-01   9.2439536e-02   1.9861387e-02
   2.0690926e-02   6.4333658e-02   1.1725643e-01   2.5337825e-02   1.5222380e-02   1.7553094e-01   1.3142726e-01   4.2849008e-02   8.8584686e-03   2.8729372e-02   9.9311677e-02   5.3546556e-02   2.1690551e-01
   2.1189556e-02   1.4822406e-01   6.1251458e-04   9.2406415e-02   1.3463025e-01   9.4676803e-03   1.0810610e-02   5.0945018e-02   1.4118544e-02   1.4791569e-01   2.0134251e-01   1.6358288e-01   4.7542695e-03
   2.1632930e-02   1.0203783e-01   2.4883674e-01   1.8130587e-02   1.9062794e-02   1.5057260e-02   1.5505868e-01   5.8872409e-03   8.7161110e-03   7.2474939e-02   3.3318481e-03   1.7255806e-01   1.5721499e-01
   2.1774640e-02   2.4446352e-01   4.5070018e-02   1.0575369e-01   4.8654797e-03   6.8131215e-04   1.7572416e-01   2.3392812e-02   6.1480195e-02   4.4837965e-02   5.9107167e-03   1.5617031e-02   2.5042845e-01
   2.2153705e-02   1.4712207e-02   2.1779504e-01   1.4648882e-02   1.7684781e-02   2.5215259e-02   1.8566309e-01   1.2054237e-01   1.4374447e-01   3.5733328e-02   5.2695182e-03   1.7991319e-02   1.7884603e-01
   2.2205993e-02   2.4147461e-02   1.4021990e-02   2.3610548e-02   1.0317083e-01   1.1369563e-03   1.8722682e-01   1.8871436e-02   1.2923255e-01   1.2796705e-02   2.1620568e-01   2.0011233e-01   4.7260704e-02
   2.2443988e-02   6.4816237e-02   3.2256623e-02   6.8881232e-02   1.5781967e-01   1.7690084e-02   1.9283120e-01   1.9522004e-03   3.1095007e-03   5.3648985e-02   1.2847308e-01   1.0482386e-02   2.4559481e-01
   2.3168197e-02   9.3367510e-02   1.1591955e-01   1.0833112e-01   6.5501653e-02   3.0027768e-02   4.1133246e-03   1.1956286e-02   1.6421091e-01   7.2435183e-03   1.8574946e-01   4.4267145e-03   1.8598398e-01
   2.3504672e-02   7.1096214e-03   6.0853160e-02   1.0846470e-01   8.8742424e-03   1.4874898e-01   1.5952698e-02   1.1836870e-01   3.1659274e-02   1.1967486e-02   2.9400898e-01   6.2045569e-03   1.6428294e-01
   2.3585942e-02   5.2863191e-02   2.1908558e-01   5.3058855e-02   2.2493767e-01   2.2368564e-02   4.4096593e-02   3.4283732e-02   1.5463087e-01   8.7835513e-03   2.1003016e-02   1.1522204e-01   2.6080397e-02
   2.3593050e-02   1.0692997e-01   1.4176542e-01   7.3790716e-02   1.0913808e-02   6.9008145e-02   2.6959697e-02   2.1059334e-01   3.2460282e-02   1.7107823e-02   9.1221808e-02   7.9248829e-02   1.1640711e-01
   2.4235227e-02   1.2572820e-01   1.2872370e-01   3.9593530e-02   2.4526708e-02   1.5104198e-02   5.6156336e-02   7.0830993e-04   8.8180505e-03   1.6061486e-01   1.3022440e-01   1.3518473e-01   1.5038175e-01
   2.4618467e-02   6.7634406e-03   5.1617572e-03   1.4205493e-01   7.7629462e-02   1.6330821e-01   1.5344627e-01   5.4127450e-02   1.9126176e-02   1.8942182e-01   1.0933277e-01   2.5549705e-02   2.9459535e-02
   2.5182815e-02   4.5088544e-03   1.6566194e-01   9.4209176e-04   1.1520407e-01   1.3017865e-01   1.9468005e-01   2.0265150e-01   3.1371849e-02   7.9909094e-02   3.9816206e-02   5.2894617e-03   4.6034135e-03
   2.6422796e-02   2.0636415e-02   5.5063278e-02   1.4859751e-02   6.4074330e-02   2.5847325e-02   2.7572472e-03   6.2997159e-02   2.1327801e-01   1.8473277e-01   9.1364442e-02   2.3549619e-01   2.4702825e-03
   2.6994759e-02   3.6719262e-02   1.6068847e-03   1.9135992e-02   1.4238726e-01   1.0453272e-01   1.4698814e-01   5.1692299e-02   2.2166413e-02   1.6845110e-01   2.3054979e-02   1.8704378e-01   6.9226401e-02
   2.7039741e-02   4.0874478e-03   1.1808713e-01   9.1436682e-03   1.2447235e-01   1.1698934e-01   4.4308284e-03   1.6303239e-01   7.7018193e-02   2.6898607e-02   1.3070912e-01   1.5191879e-01   4.6172413e-02
   2.7434638e-02   7.5882750e-03   3.6753546e-02   4.8579985e-02   1.2262975e-01   3.1529493e-02   1.9177409e-01   1.5306754e-01   1.1423867e-01   1.5011966e-02   3.2753532e-03   1.7653002e-01   7.1586679e-02
   2.7633332e-02   3.4920593e-02   1.7973637e-01   9.4254512e-02   1.8883108e-01   9.3407999e-03   1.5447981e-01   4.7910856e-02   3.2760468e-02   2.9310425e-02   1.6100569e-02   1.5086514e-03   1.8321254e-01
   2.7899131e-02   9.3236515e-03   5.5405575e-02   7.1766477e-03   1.9822848e-01   1.7773169e-02   1.3745218e-01   1.9960508e-01   4.9877290e-02   1.9665577e-01   3.9626494e-02   1.9174197e-03   5.9059111e-02
   2.8055489e-02   2.0806271e-01   5.9386861e-02   1.0998861e-01   1.7714544e-02   5.7712721e-03   2.1630295e-03   6.5074905e-04   6.8095783e-02   1.3903019e-02   1.5028738e-01   1.6438171e-01   1.7153884e-01
   2.8841723e-02   2.1226577e-03   2.3186554e-02   1.2866360e-01   2.0323141e-03   7.6457374e-02   9.0658164e-03   2.4795640e-02   3.2475135e-01   2.1826786e-01   6.5139801e-02   7.5876831e-02   2.0798487e-02
   2.9140668e-02   9.8810923e-02   6.3166601e-02   8.2854140e-04   4.3623894e-02   1.7407959e-01   6.0535345e-02   1.8194448e-01   2.3494711e-02   2.4034682e-01   5.8401256e-02   1.8373863e-02   7.2532992e-03
   2.9242109e-02   1.1963775e-02   2.6457613e-03   1.8438358e-03   1.7696101e-02   1.4024767e-01   1.7686242e-01   1.5548466e-01   1.0285164e-01   1.0693717e-01   1.9015322e-04   1.3926959e-01   1.1476512e-01
   3.0536737e-02   4.1669141e-02   1.3058225e-01   1.4330978e-02   7.3438608e-02   4.4674523e-02   2.1699231e-01   1.0114014e-02   4.9844852e-02   2.3375788e-01   4.9722051e-02   6.4351051e-02   3.9985605e-02
   3.0729598e-02   4.7394999e-02   1.4589340e-01   4.4328138e-02   6.6532407e-02   2.1850238e-01   1.3881132e-01   2.5667045e-02   1.7909578e-01   2.2161696e-02   8.7525230e-03   1.6073471e-03   7.0523367e-02
   3.1885022e-02   1.5855328e-01   1.3346047e-02   7.7193177e-02   1.3889196e-01   1.8550158e-01   2.0587747e-01   4.2470619e-02   6.9537078e-02   3.8741118e-02   8.5367627e-03   1.1708070e-02   1.7757826e-02
   3.1930401e-02   5.5284735e-03   1.0199025e-01   1.7014433e-01   2.7719186e-02   2.0127699e-02   2.5976699e-01   3.9742383e-02   7.4373970e-02   5.2173494e-02   4.4018066e-02   1.1145815e-01   6.1026602e-02
   3.2655596e-02   3.1844738e-02   4.1778573e-02   1.3938529e-02   1.2675375e-01   1.4377197e-02   1.3974149e-01   7.4963327e-02   1.8802811e-01   1.2352495e-01   3.6451697e-02   6.4311677e-03   1.6951086e-01
   3.3059671e-02   1.9820393e-01   1.5101451e-01   5.5818110e-02   4.5684991e-02   1.3838013e-02   3.1571408e-02   8.2362093e-05   2.0776094e-01   2.2364433e-03   8.7552101e-02   1.5329128e-01   1.9886238e-02
   3.3330807e-02   1.4813056e-01   1.6336009e-01   1.4953166e-02   4.0545818e-03   5.2884022e-02   1.7827966e-01   1.5860588e-03   1.7336322e-01   3.6991221e-02   1.8486206e-01   8.1207706e-03   8.3793694e-05
   3.4544981e-02   1.5513183e-02   3.2302404e-02   2.6413120e-02   1.8348970e-03   2.7486173e-02   4.2590251e-02   1.1857803e-01   1.3951805e-01   1.8100348e-01   2.1743379e-01   1.6065235e-02   1.4671640e-01
   3.5229169e-02   2.0610220e-01   1.3356610e-01   1.9934373e-02   1.9053281e-01   3.6296289e-02   1.7328994e-03   2.0003450e-02   4.4406471e-03   1.7064802e-01   1.1558411e-01   1.0738781e-02   5.5191151e-02
   3.6388003e-02   4.0573712e-03   1.9404133e-01   7.3035971e-02   3.8158164e-03   6.9128883e-02   4.5068669e-02   1.7075114e-01   6.1084509e-02   5.4266329e-04   2.0123947e-01   3.7574017e-03   1.3708879e-01
   3.6459081e-02   1.8370178e-01   2.1522028e-01   6.3365435e-03   9.1198464e-02   2.3909593e-02   1.3105448e-01   1.4898273e-01   4.5949389e-03   7.2224303e-03   4.9950128e-03   8.9198508e-02   5.7126162e-02
   3.6931755e-02   6.6454154e-02   3.9816003e-03   1.3865736e-01   1.2474752e-01   9.7784627e-03   1.5943546e-01   9.4055718e-02   4.5714212e-02   1.0356442e-01   4.3482152e-02   1.1080676e-01   6.2390424e-02
   3.7015545e-02   3.5740382e-02   5.1361064e-02   1.7747601e-01   1.8014600e-01   8.7093734e-03   8.8011603e-03   8.6189724e-02   1.1339188e-02   8.4094734e-02   1.8349576e-01   7.4794949e-02   6.0836102e-02
   3.7721453e-02   1.2003712e-01   2.7609121e-02   6.8789025e-02   2.3966050e-02   2.5441391e-03   1.2470447e-01   1.8376019e-01   1.3094084e-02   7.7701651e-02   3.9710793e-02   1.8620403e-01   9.4157861e-02
   3.8145150e-02   1.0534773e-01   1.7918121e-02   7.5096091e-02   1.7488332e-01   7.8148316e-02   1.6138702e-01   6.5627833e-03   8.8297203e-03   1.1185333e-01   1.6525894e-01   1.8054846e-02   3.8514632e-02
   3.8549239e-02   1.0163714e-01   1.4375376e-01   1.2769189e-02   1.1704963e-01   1.3757178e-01   2.8146319e-02   7.2245316e-02   1.1824549e-02   1.2459430e-01   3.6151665e-02   1.3700475e-01   3.8702355e-02
   3.8979060e-02   9.7377208e-02   2.4686934e-02   1.6871122e-01   1.8772710e-02   1.1550175e-01   2.5545579e-02   1.3677637e-01   1.4953898e-01   1.3779940e-01   1.4779119e-02   5.0314261e-02   2.1217424e-02
   3.9974054e-02   2.9139304e-02   1.9953253e-01   8.1131364e-03   8.0933335e-03   9.3376713e-04   7.0591906e-02   1.5031396e-01   6.3965857e-03   4.3636875e-02   1.7854531e-01   1.9797880e-01   6.6750435e-02
   4.0873447e-02   5.9367016e-02   7.1782861e-03   6.2693702e-02   1.0407772e-02   2.5963888e-03   2.3858377e-01   2.3756574e-02   1.6187456e-01   2.1098209e-01   6.2526534e-02   2.8773452e-02   9.0386407e-02
   4.1051716e-02   4.8255820e-02   5.3777445e-03   2.5231822e-01   1.2931773e-01   1.0850757e-02   4.4196873e-03   2.6774633e-04   2.5439812e-01   4.7759037e-02   4.8790443e-02   5.7049935e-02   1.0014304e-01
   4.1213765e-02   2.5771005e-01   2.8729745e-02   5.7190983e-02   2.2853129e-02   2.7033780e-02   2.1911253e-01   3.1509544e-03   8.2219512e-02   1.2688883e-01   3.2331163e-02   3.2154567e-02   6.9410989e-02
   4.1220903e-02   2.1505505e-01   2.0546620e-02   1.0605254e-02   2.1755419e-01   1.6847432e-01   3.6780068e-02   7.5365951e-02   4.7935980e-02   1.8478048e-02   6.7618444e-02   2.6098315e-02   5.4266847e-02
   4.1927756e-02   3.2994540e-03   1.7861017e-01   1.3753892e-01   1.4532462e-01   4.5679608e-02   4.8549239e-02   1.8115483e-02   3.8089227e-02   1.2053352e-01   1.4219757e-02   2.0370182e-01   4.4104351e-03
   4.3544991e-02   1.0271594e-01   3.8346154e-02   5.3453793e-02   1.8645700e-01   4.1962268e-02   4.0030640e-03   9.1602529e-02   5.7814260e-02   2.6708212e-01   8.5463389e-02   9.7916093e-03   1.7762879e-02
   4.3774765e-02   4.6802620e-02   2.6453243e-01   8.7966518e-04   2.9969198e-02   2.3032234e-01   4.6971571e-02   1.4829861e-01   3.7034194e-02   6.8881664e-03   3.8047768e-02   3.3150597e-02   7.3328065e-02
   4.4742225e-02   3.7973924e-02   9.3978023e-02   2.1678130e-01   3.8387454e-02   4.3003265e-02   8.5597812e-04   2.2456377e-01   2.4804929e-02   4.6078873e-02   2.6016234e-02   5.0104404e-02   1.5270962e-01
   4.4861486e-02   1.8678920e-01   1.7242854e-01   5.9360306e-03   6.2844007e-03   9.3902368e-04   4.3026808e-02   1.0421881e-01   2.7043164e-02   8.2403692e-02   1.9249013e-02   5.3651047e-02   2.5316878e-01
   4.4982876e-02   1.8827427e-01   4.2597905e-02   1.2030966e-01   1.5679265e-01   5.7683028e-04   5.6310116e-03   9.5529268e-02   1.5909626e-02   7.2844752e-03   2.4786939e-03   1.3987388e-01   1.7975886e-01
   4.5189984e-02   2.0491643e-01   9.4753824e-02   1.0037536e-01   1.6268994e-02   8.8847656e-02   4.3232480e-02   1.3168150e-02   3.6840169e-03   7.0110732e-02   2.1714026e-01   1.7827188e-02   8.4484931e-02
   4.5327087e-02   2.1402069e-01   5.8053409e-02   1.5698383e-01   5.8553865e-03   9.6263282e-02   1.9989903e-01   6.5282657e-02   3.5098409e-02   1.2877201e-02   4.4461300e-02   5.6676044e-02   9.2016686e-03
   4.8016808e-02   2.7815334e-02   8.8352054e-02   1.3546403e-02   2.3078908e-01   1.0798265e-01   2.1216163e-02   1.5075958e-02   9.4244068e-02   1.9598973e-01   1.8607448e-02   4.7319040e-02   9.1045271e-02
   5.0011318e-02   6.0536309e-02   1.3896571e-01   8.2787241e-02   4.7291021e-02   5.9558322e-02   4.8510637e-02   3.1684222e-02   2.6268188e-01   1.0617370e-01   7.7828953e-02   3.2298136e-02   1.6725509e-03
   5.0568181e-02   1.7184427e-01   1.2120449e-02   1.4833454e-01   9.1081767e-03   1.3929931e-03   3.8203053e-02   1.0619939e-02   1.5889950e-01   1.2828984e-01   1.1655398e-01   1.0959647e-01   4.4468610e-02
   5.2265325e-02   1.0833813e-02   3.7542516e-02   1.2022049e-01   2.2390612e-02   1.7439179e-01   5.1811519e-02   1.8386476e-02   5.1457088e-02   1.7726678e-01   2.8374500e-02   2.3823203e-02   2.3123589e-01
   5.3223181e-02   1.9935447e-02   7.8471643e-02   2.0829239e-01   3.3809692e-02   2.2085774e-02   7.2051296e-04   3.3088521e-02   5.5004762e-03   5.5533868e-02   3.0328584e-02   2.5457650e-01   2.0443342e-01
   5.3571965e-02   5.1304356e-03   7.8261874e-02   4.4624031e-02   2.2907166e-01   9.8087934e-02   4.4175663e-03   1.9571945e-01   1.1544437e-02   3.2473667e-02   3.9805079e-02   8.1243343e-02   1.2604856e-01
   5.4644420e-02   1.4497081e-01   1.7229818e-01   1.0783850e-01   7.2718553e-03   3.0229468e-02   8.6835378e-04   7.9248304e-02   3.5653248e-03   8.5145892e-02   1.3107122e-01   1.7513053e-01   7.7171436e-03
   5.5217467e-02   1.5092789e-01   6.9560412e-02   9.1241999e-02   1.4369070e-01   1.8000085e-02   1.2118813e-01   4.6398574e-02   2.3184298e-02   4.0882871e-02   8.2771639e-03   2.1256765e-01   1.8862752e-02
   5.5506972e-02   1.0666847e-01   3.3937681e-02   2.5197546e-02   5.6256811e-04   1.6755850e-01   5.3391981e-04   1.8115727e-01   7.2290959e-02   1.1195482e-01   9.1336774e-02   1.2849062e-01   2.4803906e-02
   5.6392372e-02   1.5405966e-01   1.5720870e-01   1.4094760e-01   7.6678957e-03   7.7480811e-02   1.0294234e-01   2.2654873e-02   3.9675740e-02   4.5843196e-04   7.6480730e-02   6.7230553e-03   1.5730779e-01
   5.7397019e-02   2.9559992e-02   1.3562414e-01   1.0024190e-01   1.3555504e-01   8.6181646e-02   9.9883194e-02   1.1796309e-01   3.8333287e-03   1.7104441e-01   9.4547559e-03   4.6178537e-02   7.0829462e-03
   5.7915009e-02   3.6696550e-02   2.4887695e-01   5.8155821e-02   1.2728439e-02   2.2929133e-02   4.9258557e-02   3.2408589e-02   1.0813416e-01   2.2108033e-01   5.1683130e-02   8.3561492e-02   1.6571847e-02
   5.8591592e-02   4.5396346e-02   8.5807126e-02   7.0464157e-02   1.6598359e-02   4.5442328e-03   1.6915329e-01   6.9739291e-02   6.4778840e-02   1.6846067e-01   1.7720336e-01   5.4987150e-02   1.4275592e-02
   5.8729504e-02   2.6341399e-02   6.4175299e-03   1.5134951e-02   9.5475272e-02   1.3709456e-01   2.9968143e-02   1.4888257e-01   1.4572768e-01   1.7764142e-01   1.0648604e-01   3.7344266e-02   1.4756658e-02
   6.0911946e-02   8.4569842e-02   5.0927008e-02   2.0808427e-02   1.5942988e-01   1.5774173e-01   6.6019331e-02   1.9034643e-02   1.4360843e-01   1.2933958e-02   8.8798526e-02   1.8145411e-02   1.1707087e-01
   6.0975491e-02   7.4263307e-03   9.5678034e-02   7.2528176e-02   4.0979825e-02   5.0322679e-03   4.8757577e-02   1.4049088e-01   1.6393919e-02   2.9312492e-02   6.2019907e-02   2.2521583e-01   1.9518927e-01
   6.1165154e-02   3.6427830e-02   4.9428679e-02   1.6621699e-01   9.8503682e-03   1.7360035e-02   1.8892955e-01   1.1773960e-01   1.1656533e-03   2.1294743e-01   3.3482403e-02   1.0061440e-01   4.6719168e-03
   6.2727999e-02   2.4096427e-01   3.6858432e-02   1.0258390e-02   1.6922432e-01   6.7219991e-02   1.4885852e-01   1.0680160e-02   2.0547746e-02   2.3279131e-02   1.4808165e-02   4.5091086e-02   1.4948180e-01
   6.3168829e-02   2.8403653e-02   2.4206953e-02   8.0051868e-03   1.5433964e-01   1.4049666e-02   4.4493530e-03   2.2936850e-01   5.1472254e-02   1.7543391e-01   1.9301436e-01   4.2137041e-02   1.1950667e-02
   6.4542528e-02   1.0045335e-02   1.2053705e-01   1.3294733e-03   1.6275108e-01   1.2734360e-02   1.7614215e-01   2.7445407e-02   1.8107001e-01   5.2801312e-02   6.2699245e-02   1.1989805e-01   8.0040116e-03
   6.5867806e-02   7.6051968e-02   7.4911046e-03   1.9460322e-01   9.0734946e-04   1.9297260e-01   2.0870694e-01   1.9478023e-03   1.8661246e-03   7.2472894e-02   2.0736646e-02   1.3979757e-01   1.6577976e-02
   6.6621487e-02   1.3093725e-01   4.0252739e-02   2.3701559e-02   1.6704548e-02   9.5635255e-02   2.4771624e-02   1.5102599e-02   4.1966856e-02   2.8079538e-01   9.9155529e-02   1.1342628e-01   5.0928893e-02
   6.6836146e-02   9.1041542e-02   1.4390335e-01   1.4433900e-02   2.0894238e-01   1.8694202e-01   4.2216404e-02   1.5978624e-02   1.0748260e-02   5.0591414e-03   1.7617336e-01   2.7145925e-02   1.0578936e-02
   6.7096145e-02   2.5704214e-02   4.6179799e-02   1.5028862e-01   1.3260446e-01   1.0078890e-01   5.9150444e-03   4.9825441e-02   1.6363679e-01   4.0883996e-03   2.2123420e-01   1.3895435e-02   1.8742556e-02
   6.9564948e-02   1.1702880e-01   8.2266586e-02   1.0020787e-01   4.0201184e-02   3.8967942e-02   3.3701107e-02   1.5566866e-03   1.1516060e-01   1.3384061e-01   9.6003823e-03   1.2866769e-01   1.2923559e-01
   7.3894861e-02   8.3175490e-02   1.0338919e-01   1.6910559e-01   1.9345639e-01   3.5761015e-03   2.7142864e-02   1.9510033e-02   9.6237386e-02   2.1377297e-02   3.7254413e-02   3.6077417e-02   1.3580297e-01
   7.4096124e-02   6.3973056e-02   2.1881377e-03   1.5479473e-01   1.1465274e-01   8.3437555e-02   5.5921753e-02   3.9452918e-02   4.4966894e-03   1.6290123e-02   1.4832234e-01   1.9313034e-01   4.9243486e-02
   7.4674069e-02   5.7855329e-02   3.9126321e-02   1.0606135e-02   1.7485002e-01   2.6519942e-01   5.7330732e-03   8.6885203e-02   6.5852145e-03   1.2665607e-01   7.9728006e-02   6.6316647e-03   6.5469469e-02
   7.5523384e-02   2.1719539e-01   2.0728413e-01   1.6551639e-02   2.0468500e-01   4.2236396e-02   3.9247102e-02   4.9423694e-03   1.1740253e-01   6.4859495e-02   5.0097996e-03   3.4892322e-03   1.5735204e-03
   7.7799478e-02   1.9215943e-01   6.7246772e-02   1.3742705e-02   2.3264047e-01   2.9328744e-03   4.8506941e-02   1.4633876e-01   1.8766305e-02   8.5770712e-02   6.4835413e-02   8.1492942e-03   4.1110847e-02
   7.9475741e-02   4.4893574e-03   9.1365212e-03   1.1389553e-01   7.2915809e-02   2.6313010e-02   2.2832087e-01   1.6598551e-01   5.2581873e-03   1.0788952e-01   1.6556567e-01   2.0535713e-02   2.1856060e-04
   7.9723433e-02   8.4049474e-02   5.5999625e-02   8.1511932e-02   1.0082180e-02   5.3279615e-02   3.9889620e-02   9.3130800e-02   2.6218836e-01   6.2268868e-02   2.1884679e-02   2.4779489e-02   1.3121193e-01
   7.9735491e-02   6.9583168e-02   3.7747114e-02   5.4897710e-02   8.2836594e-02   1.8285696e-01   3.1690458e-02   1.1998510e-03   1.6485082e-04   3.2765080e-02   1.9125819e-01   1.2499023e-01   1.1027430e-01
   7.9765345e-02   1.1078856e-01   2.3267868e-01   1.0158393e-02   2.9775162e-02   1.0355975e-02   2.0243769e-01   5.1196841e-02   4.9973684e-03   7.3821786e-02   4.7437084e-02   1.4356503e-01   3.0220885e-03
   8.0927117e-02   2.2976504e-03   7.6541462e-02   3.5011141e-02   6.8004797e-02   1.5485829e-01   4.6273846e-03   4.2060099e-02   1.3153771e-01   1.7293165e-02   2.1078706e-01   4.9913408e-04   1.7555499e-01
   8.1761234e-02   5.6270134e-02   1.7697386e-01   1.6226222e-01   1.9822792e-02   1.3487430e-01   7.2420351e-03   2.2007944e-01   2.6041150e-02   2.0463836e-03   1.6763416e-02   8.5365788e-02   1.0497253e-02
   8.1979383e-02   1.8944471e-02   2.0118155e-01   2.1522951e-01   4.2720272e-02   1.9587289e-04   9.1272276e-02   2.5423780e-02   1.2800422e-01   7.4940106e-02   3.0876075e-02   8.0202798e-02   9.0296891e-03
   8.2273835e-02   1.2023565e-01   7.2439340e-03   4.1122731e-02   9.2589937e-03   2.9101919e-02   2.2870718e-03   1.4341137e-01   1.2276515e-01   1.4082632e-01   3.7698577e-02   1.0870711e-01   1.5506733e-01
   8.4221139e-02   9.5620070e-02   1.0322427e-02   5.0595982e-02   4.4208882e-02   8.2936771e-03   3.3801476e-02   1.8682167e-01   1.5466638e-01   1.1682034e-01   2.9806134e-03   1.9320981e-01   1.8437539e-02
   8.5331157e-02   2.0105682e-01   1.0806323e-02   5.4134683e-03   1.8381723e-03   2.2019182e-01   2.5332752e-02   4.4901535e-02   1.9401264e-01   4.9170074e-02   1.2708957e-02   1.4395900e-01   5.2772826e-03
   8.7144439e-02   1.5952492e-01   1.3119097e-01   6.5429904e-02   1.2435645e-03   1.5524874e-01   2.6572717e-02   6.1013957e-03   1.2372108e-02   1.1220507e-01   5.9453790e-02   4.0074909e-02   1.4343748e-01
   8.7155118e-02   7.6091305e-04   1.7801594e-01   3.6101774e-02   1.3894415e-01   6.3161053e-02   1.6933855e-03   9.1341316e-02   6.8850546e-04   3.9851362e-02   1.7475059e-01   6.4141573e-02   1.2339432e-01
   8.7478100e-02   8.8163032e-02   8.8982155e-03   2.6789883e-02   5.4358824e-02   1.4657170e-01   1.3946940e-01   1.1539021e-01   1.2440211e-02   1.9396739e-02   5.5297817e-02   9.9425077e-02   1.4632078e-01
   8.7517613e-02   4.0297683e-02   8.6629405e-03   8.6847376e-02   2.4018668e-02   7.4296868e-03   2.2118254e-02   1.0958285e-01   9.6940917e-03   2.9188664e-02   3.2424200e-01   1.6633034e-02   2.3376713e-01
   8.7923289e-02   1.6422864e-01   1.5556103e-03   1.6354702e-01   9.1721485e-02   9.9746077e-02   9.7717947e-02   6.8671400e-02   1.3467484e-02   9.2198644e-02   6.9884099e-02   4.8211385e-02   1.1269281e-03
   8.9237853e-02   1.3537639e-01   1.5186816e-01   3.6078063e-03   8.8136267e-02   9.7267515e-02   4.9167700e-02   1.2336884e-02   1.6106639e-01   9.4143040e-02   8.8169677e-03   1.1026262e-02   9.7948759e-02
   9.0523245e-02   2.6599866e-02   6.5770193e-02   1.8482952e-01   1.8208720e-02   4.9523830e-03   6.1665758e-03   1.7721154e-01   3.8977411e-02   2.3441228e-03   2.6658671e-01   2.4306868e-03   1.1539903e-01
   9.1472397e-02   2.1161133e-01   3.6575971e-02   9.2751144e-02   8.7111843e-02   7.4028550e-02   3.0752523e-02   2.4589117e-01   1.4235180e-02   3.7716142e-02   1.0139026e-02   5.4846488e-02   1.2868232e-02
   9.2474693e-02   5.6233525e-03   2.2328993e-02   1.8191095e-01   5.9746347e-03   1.5347581e-02   3.9341148e-03   1.7112597e-01   1.7393461e-01   4.8527789e-02   1.1501394e-01   2.8367751e-03   1.6096660e-01
   9.3148915e-02   2.8254564e-02   1.1063919e-02   1.9534831e-01   3.2182195e-02   1.1543857e-01   3.6433483e-03   1.6084247e-02   9.7803538e-02   1.4925695e-01   4.6154135e-04   1.8276536e-01   7.4548544e-02
   9.3393671e-02   2.2139092e-03   1.3273799e-01   1.5750074e-02   3.8188876e-02   3.3680759e-02   3.0760269e-02   2.0445254e-01   2.1069536e-01   3.2796326e-02   1.7018699e-03   4.2845883e-02   1.6078248e-01
   9.4820575e-02   1.2479471e-01   1.5235664e-02   5.6990556e-03   1.3460220e-01   1.6678459e-01   1.7425552e-02   1.4930015e-01   8.9841819e-02   3.4345357e-02   6.7405568e-03   3.0642217e-03   1.5734554e-01
   9.5369131e-02   5.3374562e-02   1.9880010e-01   2.1442852e-01   1.2282530e-01   1.1952411e-01   2.0671728e-03   1.3140775e-02   1.3782076e-01   8.5772747e-03   3.1960981e-04   2.8871586e-02   4.8811102e-03
   9.5945959e-02   1.9764714e-01   2.7176818e-02   1.7843850e-01   6.1042586e-02   3.3845550e-02   2.5093038e-02   2.5801421e-02   1.6783725e-01   2.6452121e-02   5.8941656e-03   1.7460623e-02   1.3736483e-01
   9.7496858e-02   5.6195769e-03   3.6253538e-03   1.2030506e-01   1.7890108e-03   2.8476360e-02   2.4158620e-03   3.6453737e-02   1.4489349e-01   1.4938385e-01   1.6689312e-01   1.4089597e-01   1.0175176e-01
   9.8681823e-02   3.6988012e-03   8.2606638e-03   4.7078290e-02   1.7297118e-02   3.5706419e-03   2.2895317e-01   1.2788595e-01   1.9676013e-01   1.5487736e-02   1.3133590e-01   2.8541401e-02   9.2448372e-02
   9.9917587e-02   2.6221484e-02   3.2150334e-02   5.5119931e-02   9.5987655e-03   6.4948693e-02   9.6328270e-02   1.5584454e-03   1.2791806e-02   2.7072472e-01   3.4897535e-02   1.5311275e-01   1.4262967e-01
   1.0057561e-01   7.6571120e-03   1.7810042e-01   1.8208231e-01   1.0268922e-01   1.2114755e-01   6.9265806e-03   8.3334536e-02   4.4045352e-03   4.9657306e-02   1.1258600e-01   3.2890043e-03   4.7549814e-02
   1.0095292e-01   1.6612606e-02   1.9193098e-04   6.1351121e-03   5.5970434e-02   1.4127585e-01   1.6652176e-01   1.8939606e-02   1.5210507e-01   1.6586995e-01   4.4732019e-02   9.6211959e-03   1.2107155e-01
   1.0137383e-01   1.0937956e-02   1.3422546e-02   1.4339508e-01   1.2832370e-02   2.1527196e-01   1.9596804e-02   8.8559555e-02   7.1559826e-02   3.9853891e-02   1.9379428e-01   6.0449765e-02   2.8952143e-02
   1.0169205e-01   4.3176316e-03   1.0622633e-01   7.2207666e-03   2.1118308e-02   3.1987379e-03   9.1431584e-02   2.0731821e-01   1.7071333e-02   2.3841828e-01   6.3751225e-02   3.0555720e-02   1.0767983e-01
   1.0393793e-01   1.1454463e-03   2.6842236e-02   4.6386860e-02   1.7475612e-01   7.8585154e-02   1.4596180e-01   1.1984080e-01   8.8999619e-02   1.2737300e-02   2.0713186e-02   4.0095048e-02   1.3999850e-01
   1.0509820e-01   1.8774712e-01   2.4429970e-03   4.5286376e-03   5.6687029e-02   8.0758061e-02   1.1023682e-01   1.3646329e-02   1.1763200e-02   3.8198590e-02   1.8856670e-01   1.9866362e-01   1.6626975e-03
   1.0578255e-01   3.4165341e-02   5.0462348e-02   4.0034141e-02   5.0067843e-03   2.3537583e-01   2.2027898e-01   1.6585158e-02   7.0218626e-02   8.2124110e-02   1.0057160e-01   3.8874389e-02   5.2013777e-04
   1.1136315e-01   1.8038738e-01   1.9121444e-01   4.6454496e-02   2.4137460e-02   2.3453390e-03   3.7617072e-02   2.0941410e-02   1.2615382e-02   1.1644213e-01   1.8663743e-01   5.0524109e-02   1.9320205e-02
   1.1176194e-01   3.2305937e-02   1.3103687e-01   1.5058309e-01   1.2190543e-02   2.7291620e-02   1.3883957e-01   1.9269578e-02   2.4826743e-02   1.4535098e-02   7.2667218e-02   1.4774454e-01   1.1694726e-01
   1.1465123e-01   4.6907140e-03   3.6751898e-02   9.9731433e-02   1.8490254e-01   8.3823446e-03   2.2863245e-01   2.7614610e-02   4.1132342e-02   2.6629681e-02   2.1382982e-01   1.2574588e-02   4.7634148e-04
   1.1923909e-01   2.8846508e-02   1.1661147e-02   5.8418412e-02   2.0925028e-01   2.5779670e-02   3.9919650e-02   2.0274745e-02   1.9944903e-01   1.3959827e-02   4.4124912e-02   4.5656016e-02   1.8342071e-01
   1.2402176e-01   1.4226156e-02   1.6153918e-02   7.5350865e-02   1.2206363e-01   9.9378902e-02   1.5511924e-01   3.6309281e-03   9.3333756e-03   1.2898660e-02   3.9056378e-02   1.6808107e-01   1.6068511e-01
   1.2405276e-01   7.8176188e-02   1.3771469e-01   1.2357350e-02   9.8698215e-02   1.2415473e-01   2.3168773e-03   7.1095899e-03   1.2208024e-01   5.2674797e-02   6.9344788e-02   1.6011374e-01   1.1206041e-02
   1.2474645e-01   2.0222886e-01   1.7067357e-01   1.6251890e-01   1.7178618e-02   1.6800755e-03   1.7628720e-03   3.0350435e-02   1.7046615e-02   1.6372235e-01   3.5464114e-02   9.6423058e-03   6.2984845e-02
   1.2513930e-01   6.8608539e-05   4.1184790e-02   5.7520654e-02   5.8969721e-02   5.4287262e-02   3.0852225e-02   1.6350495e-02   2.3917072e-01   8.2753550e-03   7.4001038e-03   2.1914590e-01   1.4163487e-01
   1.2559285e-01   7.5189727e-02   1.2341027e-01   8.8647868e-02   1.6344150e-02   3.0150979e-02   1.7767374e-01   6.9497555e-03   1.8047038e-02   1.4986231e-01   7.5880733e-03   1.6643591e-01   1.4107330e-02
   1.2723693e-01   1.2973757e-02   1.8474961e-01   2.2227117e-01   5.4040697e-02   2.8024197e-02   1.7290899e-02   4.0914844e-03   2.5749174e-02   1.9049147e-01   3.8438490e-02   9.4386648e-02   2.5546123e-04
   1.2990847e-01   1.6995115e-01   1.4617813e-01   6.2098788e-03   2.2171548e-02   1.3282763e-02   3.8412440e-02   2.6495597e-02   5.5343985e-02   9.6348550e-03   1.1364810e-01   1.7013392e-01   9.8629161e-02
   1.3377863e-01   2.1752325e-02   2.1984747e-02   1.5491207e-03   1.6711346e-01   1.4384089e-01   1.2628116e-02   3.1452714e-02   5.1605641e-02   1.4171814e-01   1.8062714e-01   5.2245699e-02   3.9703384e-02
   1.3462796e-01   2.1225650e-04   1.1883741e-01   1.3858552e-01   4.6055550e-02   1.6983588e-02   6.6485529e-02   1.5071627e-01   1.9639796e-01   1.7836180e-02   4.8617163e-02   2.4567993e-02   4.0076615e-02
   1.3568370e-01   2.2589376e-02   1.5252764e-03   3.5489545e-04   1.8934518e-02   3.7273777e-02   1.9546666e-01   3.6206868e-02   5.4672021e-03   2.0432725e-01   2.1839052e-01   1.2029583e-01   3.4841238e-03
   1.3598217e-01   1.0944322e-01   1.3247275e-02   1.5826870e-02   5.7896594e-02   1.4601231e-01   1.3814487e-01   7.6417857e-02   4.9681372e-02   1.5322948e-01   4.5395191e-03   8.4405823e-02   1.5172634e-02
   1.3651851e-01   1.1279385e-01   1.2843368e-01   7.1699010e-02   3.6713047e-03   2.0960976e-02   1.5069141e-01   7.9020738e-02   1.4613665e-01   4.5394216e-03   1.2330716e-02   1.4216685e-03   1.3178207e-01
   1.3658080e-01   1.0494001e-02   1.4350906e-01   6.0083910e-02   1.2203712e-01   6.7934048e-02   1.6244458e-01   2.0951772e-02   1.5881596e-01   8.0795139e-03   8.1304887e-03   5.1232154e-04   1.0042642e-01
   1.3903801e-01   3.4706049e-04   1.6959940e-01   1.0742655e-02   9.7453583e-02   1.0959535e-01   7.0784452e-02   1.5023163e-01   4.5305588e-02   8.4147961e-02   7.8383104e-02   7.3777623e-03   3.6993447e-02
   1.4056379e-01   2.8120722e-03   1.1691832e-01   3.6086454e-02   1.4514283e-01   1.1778149e-02   1.9300162e-03   1.7614503e-03   1.4918465e-01   1.4992400e-01   9.6959544e-02   1.4119942e-01   5.7393012e-03
   1.4120746e-01   4.4438155e-02   6.9013189e-02   1.3873520e-02   1.2901692e-01   2.5753411e-02   1.0824689e-01   6.7544604e-02   7.1782645e-02   2.2708715e-02   1.6406353e-01   1.2610310e-02   1.2974065e-01
   1.4151713e-01   1.4220803e-02   2.5322196e-02   1.4038963e-01   1.3877642e-01   7.9492081e-03   2.0145599e-01   3.6204082e-02   1.5840602e-01   2.3017004e-02   9.1619815e-02   1.3450114e-03   1.9776689e-02
   1.4233260e-01   1.5192269e-02   2.3727514e-01   1.2184162e-01   5.6109630e-02   2.7257096e-02   1.3900638e-02   9.9945714e-02   8.3140389e-02   1.0383268e-02   1.6122882e-01   2.5893492e-02   5.4993290e-03
   1.4272355e-01   3.6666997e-03   1.0623947e-01   1.4041868e-01   7.9587452e-02   8.9024727e-02   6.3789841e-03   9.9393719e-02   1.0258377e-01   2.0673096e-02   1.0076520e-02   1.0941141e-01   8.9821926e-02
   1.4299688e-01   1.2350492e-02   4.1185809e-02   2.2795387e-02   4.6917394e-02   9.1425708e-02   4.7963627e-02   1.6974400e-02   6.9902058e-02   1.5949769e-01   1.5582532e-01   2.3235281e-02   1.6892995e-01
   1.4437530e-01   1.7980127e-02   1.3627723e-03   9.8656543e-02   5.2754904e-03   9.8648924e-02   3.3685185e-02   1.1824136e-01   2.8644856e-02   6.4709828e-02   1.2236654e-01   1.3153096e-01   1.3452210e-01
   1.4461979e-01   5.5484023e-02   1.7009547e-02   2.2042140e-01   4.5445624e-04   2.1794495e-02   3.3853267e-03   1.0925303e-01   8.7817769e-02   2.8139362e-03   8.6958754e-02   2.2684846e-01   2.3139015e-02
   1.4464962e-01   1.5179988e-01   1.5788749e-01   7.4667718e-03   1.0490943e-01   1.9673240e-02   1.5732288e-02   1.0240998e-01   4.8859702e-02   1.2873653e-01   7.8925129e-02   2.0480233e-02   1.8469706e-02
   1.4654730e-01   3.7293986e-02   1.3983641e-01   6.5005119e-02   3.9132690e-04   1.5214168e-01   3.1549950e-02   1.6664595e-01   1.5773115e-01   6.2433392e-02   2.2204254e-02   1.2146631e-02   6.0728504e-03
   1.4687783e-01   1.0318123e-01   3.9553369e-02   2.0631198e-02   1.5659295e-02   1.9470584e-01   6.5379830e-03   6.7680111e-03   7.2026691e-02   1.1759628e-02   2.3421692e-02   1.9983732e-01   1.5903992e-01
   1.4733472e-01   2.5204491e-02   1.1695485e-02   1.9174675e-02   1.8056364e-01   6.1452607e-02   1.2651972e-01   2.4748370e-02   8.9407702e-02   1.9465492e-01   9.7912332e-05   9.1578782e-03   1.0998788e-01
   1.4823560e-01   9.0611076e-02   1.3209256e-01   5.9539827e-02   7.9271867e-03   1.1173621e-01   2.6018130e-02   3.9138112e-03   2.6283032e-02   8.2710683e-03   1.6217979e-01   2.1632032e-01   6.8713881e-03
   1.4944302e-01   9.7176499e-02   4.2354178e-03   2.2034915e-02   1.2961398e-01   9.5708068e-04   1.6949583e-01   1.9155068e-02   1.0566449e-02   3.8306821e-02   1.5555924e-01   1.3765285e-01   6.5802828e-02
   1.5011040e-01   1.4720837e-01   1.1470090e-02   1.3736357e-01   9.5997248e-02   2.2647023e-02   3.1720441e-02   1.8370685e-02   9.0710955e-02   2.7420393e-02   1.7410517e-01   6.7905320e-02   2.4970333e-02
   1.5254921e-01   1.4002626e-01   8.9598654e-02   5.8498530e-02   2.4284159e-02   4.8667703e-03   1.7910444e-01   6.2945436e-03   1.4770020e-01   2.1543470e-02   1.7822025e-02   1.2080723e-01   3.6904507e-02
   1.5323844e-01   7.8294081e-02   3.1198109e-02   8.7081562e-03   7.7868536e-02   9.9857157e-03   1.6405191e-01   1.7804652e-01   4.1081334e-02   2.5080610e-02   1.6786028e-01   3.2230192e-02   3.2356115e-02
   1.5423512e-01   1.5401907e-01   1.2025985e-01   2.3482310e-03   5.3271171e-02   9.7364809e-03   1.5646183e-01   4.3107925e-02   1.8125262e-02   5.3988205e-02   9.4291778e-02   3.1439247e-02   1.0871583e-01
   1.5651636e-01   1.6802747e-01   7.8844177e-03   2.4180844e-02   1.5867715e-02   1.1086703e-01   3.4630581e-02   1.5979260e-01   2.5161254e-04   1.3703379e-01   1.8761843e-03   3.7144892e-02   1.4592652e-01
   1.5660949e-01   1.9730967e-01   2.9801423e-02   1.9402779e-02   1.4165379e-01   7.8451192e-03   5.2558582e-02   1.9882070e-02   1.6526087e-01   9.9746697e-02   3.3348228e-02   2.1331213e-02   5.5250072e-02
   1.5700589e-01   1.8045447e-01   1.8883252e-02   6.1430748e-03   1.5277403e-01   2.8347461e-02   5.1718315e-02   1.1298121e-02   3.1502533e-02   1.4363688e-02   1.8131019e-01   3.5608073e-04   1.6584289e-01
   1.5712212e-01   1.3230580e-02   1.0853474e-01   5.9633627e-03   2.6289802e-02   4.6476518e-02   2.6168527e-03   5.4595327e-02   1.5130413e-01   1.2812003e-01   9.9687199e-03   2.0352814e-01   9.2249677e-02
   1.5848476e-01   8.9818951e-03   1.6998882e-01   1.7162705e-02   2.3867337e-02   3.7272022e-02   5.7239249e-02   6.0646786e-03   4.1646355e-02   1.4312442e-01   1.0499756e-01   1.8461243e-01   4.6557764e-02
   1.5922836e-01   1.2272741e-02   1.4485470e-01   1.6686013e-01   6.5846051e-02   4.9097140e-03   1.5155612e-01   1.2411659e-01   8.9161159e-03   4.7539696e-02   2.5563956e-05   8.4808157e-02   2.9066049e-02
   1.6001235e-01   2.1688952e-02   6.5703729e-02   1.2850234e-01   1.9244866e-01   4.1434128e-03   7.3394415e-02   8.7714186e-02   1.2454319e-01   8.2144566e-02   2.4741613e-02   2.6300454e-02   8.6621435e-03
   1.6112502e-01   2.8634594e-02   3.1995312e-02   1.0091720e-01   7.1001185e-02   8.7419992e-02   3.3413472e-02   1.6514195e-01   5.8637991e-02   2.0267161e-02   2.4932947e-02   1.7992925e-02   1.9852025e-01
   1.6114374e-01   1.6101578e-01   1.0487421e-03   1.2588599e-01   2.2266583e-01   3.7504083e-02   1.4404466e-02   6.2278480e-02   1.6880599e-02   5.1088467e-03   8.0156140e-02   6.8137969e-02   4.3769341e-02
   1.6184130e-01   6.1393852e-02   2.9157862e-02   1.9178294e-01   2.4272631e-02   4.4448919e-02   6.5487075e-02   1.6230252e-01   5.4659544e-02   3.1542546e-02   1.1775726e-01   8.4250459e-03   4.6928508e-02
   1.6222374e-01   5.1715858e-03   1.2343028e-01   8.6823822e-02   1.5587444e-02   1.5653188e-01   1.1344561e-02   7.5230615e-03   1.6912211e-01   1.1633979e-01   4.2967208e-02   5.0255932e-02   5.2678594e-02
   1.6230033e-01   3.8881824e-02   3.9858165e-02   1.1398940e-01   2.0528853e-03   3.2328926e-02   1.9050837e-01   6.3075656e-02   2.5002400e-02   1.1563178e-01   7.6089288e-03   1.0387408e-02   1.9837393e-01
   1.6277454e-01   1.7122256e-01   2.5198775e-02   4.4251219e-02   1.0133929e-02   1.6799914e-02   6.5599950e-02   1.6430714e-01   1.5477751e-01   5.0255488e-03   1.6585956e-01   2.6250821e-03   1.1424266e-02
   1.6481310e-01   1.6571221e-03   2.6231306e-01   1.0289644e-03   1.1090541e-01   3.4180601e-02   1.0279052e-01   9.9631821e-03   1.4000043e-01   1.0776333e-02   4.9680016e-02   9.0686288e-02   2.1204970e-02
   1.6490414e-01   3.9758113e-02   1.9977903e-01   2.5888406e-02   2.6397933e-03   6.7707872e-02   6.5208441e-02   1.5858988e-02   2.4248583e-01   2.3763986e-02   9.7258434e-02   1.7018309e-02   3.7728667e-02
   1.6565959e-01   1.8813951e-02   6.2077058e-02   1.4459093e-01   1.4372159e-01   5.5819407e-03   9.4726309e-02   3.4466485e-02   3.9963668e-03   1.3457704e-01   1.8163386e-01   1.0146859e-02   8.0177669e-06
   1.6702546e-01   3.1942106e-01   6.8395048e-02   2.4511368e-02   1.7852213e-02   5.9593026e-02   1.0566475e-02   8.7104046e-02   8.5122160e-02   1.8189492e-02   8.2555044e-02   4.9998466e-02   9.6661451e-03
   1.6734731e-01   8.2563956e-02   9.2303080e-02   1.6513780e-03   7.3904094e-02   1.3058329e-02   7.6828237e-02   1.9665561e-03   1.4966276e-01   9.1612175e-02   1.9129371e-01   5.5511042e-02   2.2973787e-03
   1.6816928e-01   4.9302224e-02   1.0114158e-02   1.8943362e-01   1.0356033e-02   7.7479565e-04   2.5481229e-02   6.4268834e-02   1.2954601e-01   2.1297477e-01   1.1619938e-02   7.6286795e-02   5.1672316e-02
   1.6854592e-01   6.7177034e-02   7.4875771e-02   3.6205604e-02   2.9442142e-02   2.5833693e-02   2.7268267e-01   1.4700103e-01   2.4531418e-02   3.6636206e-02   1.0460640e-02   1.0476960e-01   1.8382696e-03
   1.6891585e-01   2.4108366e-02   1.3966063e-01   1.7019239e-02   1.3860986e-01   6.3460754e-02   1.7847571e-02   1.6817118e-02   1.9450637e-02   1.6572887e-01   4.3222011e-02   7.7715658e-02   1.0744343e-01
   1.6946873e-01   1.2267288e-01   6.2272933e-02   9.8329317e-02   2.3045697e-02   6.4824650e-02   1.8036242e-01   9.1370781e-03   3.0706937e-04   1.8607918e-02   1.8136082e-01   3.1055481e-02   3.8555012e-02
   1.7089381e-01   1.9536661e-02   9.0589183e-03   1.0402671e-01   9.7056580e-02   9.0372180e-02   1.0688584e-01   2.1492110e-01   4.6549264e-04   1.0387700e-01   4.8094531e-02   3.3421295e-02   1.3898822e-03
   1.7123239e-01   1.9405840e-02   4.1814718e-02   2.0544646e-03   9.2418778e-02   9.4101284e-03   5.9921126e-04   1.8129414e-01   1.9136549e-01   5.8978051e-03   1.5782284e-01   5.0110853e-03   1.2167310e-01
   1.7200484e-01   1.5025680e-03   1.4173181e-01   2.7305390e-02   7.4064038e-04   9.8950776e-02   2.7864563e-02   1.8040913e-01   1.0495108e-01   3.7225335e-02   4.2473392e-03   1.9021981e-01   1.2846708e-02
   1.7437402e-01   6.3083955e-03   2.1857747e-01   4.8651509e-02   1.6613097e-02   2.6228601e-01   8.2703886e-02   1.6215052e-02   3.3489116e-02   3.3892391e-03   2.8085202e-02   6.7264226e-02   4.2042774e-02
   1.7621311e-01   1.2072996e-02   6.6775527e-02   6.7144573e-02   6.9869254e-02   7.0841610e-02   2.0094759e-01   2.0544583e-01   2.5905990e-02   4.3747065e-03   7.2121825e-03   1.9965639e-03   9.1200066e-02
   1.7918761e-01   1.3264805e-01   2.6831809e-02   2.0115894e-01   5.1406281e-03   1.4637644e-02   2.3579541e-02   3.7590587e-02   9.0298937e-04   1.2537662e-01   2.7628046e-02   3.8825327e-02   1.8649221e-01
   1.7941237e-01   3.7595363e-03   5.7282111e-02   1.5244784e-01   1.5538180e-01   1.3042447e-01   2.2029557e-02   1.2983971e-03   3.2444548e-02   1.2611062e-01   8.9959037e-02   4.0899224e-02   8.5504960e-03
   1.8162310e-01   1.1302658e-01   2.0967217e-02   2.1390492e-02   1.1736367e-02   2.1989184e-01   8.5136432e-02   1.2603516e-01   1.2088275e-01   4.6975877e-02   1.7681879e-02   2.2305331e-02   1.2346972e-02
   1.8222222e-01   1.1689828e-01   1.8084190e-01   3.8176046e-03   1.7890266e-02   3.2795581e-02   2.6484038e-02   1.7333053e-01   1.1508995e-02   8.0016518e-03   8.2601341e-03   5.8500558e-02   1.7944825e-01
   1.8299237e-01   8.7317266e-03   2.1300995e-02   1.7935432e-01   1.7986258e-03   4.8724118e-03   2.8214803e-02   5.7379825e-02   1.9999584e-02   6.2549687e-02   1.7616864e-01   4.1601634e-02   2.1503538e-01
   1.8786038e-01   2.1856511e-01   6.0296878e-02   6.3047785e-02   1.2051126e-02   1.6333728e-02   5.8506368e-02   6.7403951e-02   5.3519839e-03   1.0789195e-01   1.5896893e-02   1.7846513e-01   8.3287161e-03
   1.8898932e-01   1.6566681e-02   2.4989037e-01   6.9962126e-02   4.1148718e-02   2.5644381e-03   1.5429426e-03   1.3151285e-01   1.3276928e-03   1.5706241e-01   6.7501244e-03   9.8400238e-02   3.4282088e-02
   1.8904729e-01   2.0544034e-01   1.7914253e-02   6.3411595e-02   1.9549593e-02   2.1721265e-02   2.5929307e-02   1.4244673e-02   3.9472016e-02   2.1949257e-03   1.1858017e-01   6.8519984e-02   2.1397459e-01
   1.9086721e-01   2.2939068e-01   3.4997000e-02   1.2137185e-01   1.9011924e-02   5.1210403e-02   9.7299337e-02   8.2615610e-02   4.2864610e-02   4.7542962e-02   7.5383709e-03   9.8498277e-03   6.5440221e-02
   1.9527791e-01   1.9856471e-02   1.2894475e-01   4.4752570e-02   2.1173735e-02   7.3843049e-03   3.9333144e-02   4.0524812e-02   1.9191504e-02   4.9528359e-02   8.7479872e-03   2.1781407e-01   2.0747039e-01
   1.9552496e-01   2.3295601e-02   6.9117072e-02   3.9233463e-03   3.2243126e-02   2.1575491e-02   1.3361410e-01   1.4288109e-01   1.1073912e-02   1.9469364e-01   5.4701823e-03   1.5005648e-01   1.6530996e-02
   1.9795880e-01   7.8898492e-02   8.5246224e-03   1.5805916e-01   1.3060189e-01   8.8145455e-03   2.8854660e-03   1.7767831e-03   2.9630893e-03   2.5569724e-02   2.8182816e-02   1.9390403e-01   1.6186059e-01
   2.0310234e-01   3.8346338e-02   5.4353902e-02   2.2859895e-02   1.8343868e-01   3.5363055e-02   4.6683587e-02   1.8000315e-01   2.1258186e-03   4.7989549e-02   3.3876335e-02   1.0187865e-01   4.9978700e-02
   2.0323067e-01   4.3353625e-02   1.7947477e-01   1.5320890e-01   3.2440546e-02   1.8284671e-03   3.8201109e-03   1.5065618e-02   2.1705337e-01   1.1924163e-02   3.2016550e-02   6.1828006e-02   4.4755206e-02
   2.0375475e-01   1.9076042e-01   5.3426100e-02   2.0380194e-02   2.9977713e-03   1.3530704e-01   7.6869280e-02   1.5697493e-02   1.4932236e-01   1.3772444e-01   2.5217047e-03   1.0311142e-02   9.2730858e-04
   2.0477179e-01   3.6771909e-02   4.0422280e-02   9.0809241e-03   6.2836531e-02   8.6566283e-02   2.1775102e-01   3.6806193e-02   8.5788687e-02   3.7463031e-02   3.3787665e-02   2.1362180e-02   1.2659150e-01
   2.0546850e-01   1.9999830e-03   4.7604724e-03   2.0056999e-01   8.3636399e-02   7.2890918e-02   1.8604711e-01   3.6339841e-03   1.5024245e-02   1.0240432e-03   1.8165292e-01   1.2770768e-02   3.0520664e-02
   2.0895006e-01   2.0718107e-01   9.0448611e-03   9.5767638e-03   1.8852041e-01   6.4050449e-02   1.2928390e-01   8.7079414e-03   3.1085826e-02   4.4677093e-02   1.6884708e-02   5.6911627e-02   2.5125287e-02
   2.1061672e-01   1.5962896e-01   8.4101960e-02   7.2382024e-02   3.8952572e-03   2.0336469e-01   1.0650248e-04   6.3670208e-02   8.1321484e-03   4.5318354e-03   2.6254770e-02   6.3291903e-02   1.0002302e-01
   2.1084574e-01   7.3583913e-03   8.9131923e-03   2.0166285e-01   1.9040750e-01   2.0591992e-02   6.7278310e-02   5.7775811e-02   1.0001189e-02   2.6346885e-02   4.8836612e-02   5.6823669e-02   9.3157865e-02
   2.1151646e-01   2.2442309e-02   2.5910178e-02   4.5535863e-02   2.2315684e-01   7.5206982e-03   1.0966786e-02   8.3624993e-02   4.8463407e-02   5.0190658e-02   1.8465584e-01   7.8663698e-02   7.3522672e-03
   2.1304669e-01   1.6919624e-01   1.0321305e-02   5.7371705e-02   1.7148432e-02   3.7194573e-03   1.4910147e-01   1.6745420e-02   1.4102041e-02   1.4293672e-01   8.1214998e-02   7.4153769e-02   5.0941749e-02
   2.1726481e-01   2.7018722e-02   8.5050233e-02   2.5155772e-02   6.0296670e-02   6.6717410e-02   1.6664265e-02   9.8167182e-02   2.3541887e-02   1.7483590e-01   1.4840276e-01   2.1591713e-02   3.5292671e-02
   2.2466836e-01   1.6891177e-01   5.7188307e-02   1.2097202e-02   1.5020680e-01   8.9223945e-02   2.7001058e-03   4.8285877e-02   1.0980202e-02   8.1256068e-04   1.9715182e-01   2.3248887e-02   1.4524160e-02
   2.2970367e-01   1.0540912e-01   1.4754387e-01   3.4273457e-02   1.2613599e-01   1.4282122e-03   2.9377814e-02   7.2921251e-03   4.5389813e-03   2.1357577e-02   7.6138327e-03   2.2131920e-01   6.4006151e-02
   2.3343867e-01   4.1052168e-03   2.3890279e-02   1.0663813e-01   1.9397626e-03   2.0462457e-02   2.8584871e-02   1.8827288e-01   1.1584701e-01   3.1166646e-02   4.9468838e-02   1.4558280e-01   5.0602444e-02
   2.4231854e-01   6.1200481e-02   2.4093711e-01   7.9097569e-02   1.5266712e-02   6.9721123e-02   4.6023569e-02   2.6486907e-02   5.8904078e-04   1.2307767e-02   5.8099156e-02   9.5711623e-02   5.2240410e-02
   2.7113409e-01   1.7726929e-02   1.7805987e-02   1.0966995e-02   5.0793219e-02   2.2332392e-01   2.7437243e-02   5.5986316e-02   9.8938306e-02   1.9113803e-02   1.0637410e-01   6.2760076e-02   3.7639015e-02
   2.8584906e-01   1.8256510e-03   1.7612375e-01   1.3734273e-02   5.6502354e-02   2.3504267e-02   1.1860590e-01   1.4065838e-03   3.7623249e-02   1.2836511e-02   1.5614924e-01   6.0031395e-02   5.5807769e-02
   2.8796056e-01   4.8757665e-02   1.0797914e-01   2.9022968e-02   5.5300321e-02   1.2967208e-01   1.4259147e-02   1.4905731e-01   7.5694884e-03   3.0865749e-02   5.3393782e-03   2.6122543e-02   1.0809364e-01
   1.0000000e+00   0.0000000e+00   0.0000000e+00   0.0000000e+00   0.0000000e+00   0.0000000e+00   0.0000000e+00   0.0000000e+00   0.0000000e+00   0.0000000e+00   0.0000000e+00   0.0000000e+00   0.0000000e+00
