   0.0000000e+00   0.0000000e+00   0.0000000e+00   0.0000000e+00   0.0000000e+00   0.0000000e+00   0.0000000e+00   0.0000000e+00   0.0000000e+00   0.0000000e+00   0.0000000e+00   0.0000000e+00   0.0000000e+00   0.0000000e+00   0.0000000e+00   1.0000000e+00
   0.0000000e+00   0.0000000e+00   0.0000000e+00   0.0000000e+00   0.0000000e+00   0.0000000e+00   0.0000000e+00   0.0000000e+00   0.0000000e+00   0.0000000e+00   0.0000000e+00   0.0000000e+00   0.0000000e+00   0.0000000e+00   1.0000000e+00   0.0000000e+00
   0.0000000e+00   0.0000000e+00   0.0000000e+00   0.0000000e+00   0.0000000e+00   0.0000000e+00   0.0000000e+00   0.0000000e+00   0.0000000e+00   0.0000000e+00   0.0000000e+00   0.0000000e+00   0.0000000e+00   1.0000000e+00   0.0000000e+00   0.0000000e+00
   0.0000000e+00   0.0000000e+00   0.0000000e+00   0.0000000e+00   0.0000000e+00   0.0000000e+00   0.0000000e+00   0.0000000e+00   0.0000000e+00   0.0000000e+00   0.0000000e+00   0.0000000e+00   1.0000000e+00   0.0000000e+00   0.0000000e+00   0.0000000e+00
   0.0000000e+00   0.0000000e+00   0.0000000e+00   0.0000000e+00   0.0000000e+00   0.0000000e+00   0.0000000e+00   0.0000000e+00   0.0000000e+00   0.0000000e+00   0.0000000e+00   1.0000000e+00   0.0000000e+00   0.0000000e+00   0.0000000e+00   0.0000000e+00
   0.0000000e+00   0.0000000e+00   0.0000000e+00   0.0000000e+00   0.0000000e+00   0.0000000e+00   0.0000000e+00   0.0000000e+00   0.0000000e+00   0.0000000e+00   1.0000000e+00   0.0000000e+00   0.0000000e+00   0.0000000e+00   0.0000000e+00   0.0000000e+00
   0.0000000e+00   0.0000000e+00   0.0000000e+00   0.0000000e+00   0.0000000e+00   0.0000000e+00   0.0000000e+00   0.0000000e+00   0.0000000e+00   1.0000000e+00   0.0000000e+00   0.0000000e+00   0.0000000e+00   0.0000000e+00   0.0000000e+00   0.0000000e+00
   0.0000000e+00   0.0000000e+00   0.0000000e+00   0.0000000e+00   0.0000000e+00   0.0000000e+00   0.0000000e+00   0.0000000e+00   1.0000000e+00   0.0000000e+00   0.0000000e+00   0.0000000e+00   0.0000000e+00   0.0000000e+00   0.0000000e+00   0.0000000e+00
   0.0000000e+00   0.0000000e+00   0.0000000e+00   0.0000000e+00   0.0000000e+00   0.0000000e+00   0.0000000e+00   1.0000000e+00   0.0000000e+00   0.0000000e+00   0.0000000e+00   0.0000000e+00   0.0000000e+00   0.0000000e+00   0.0000000e+00   0.0000000e+00
   0.0000000e+00   0.0000000e+00   0.0000000e+00   0.0000000e+00   0.0000000e+00   0.0000000e+00   1.0000000e+00   0.0000000e+00   0.0000000e+00   0.0000000e+00   0.0000000e+00   0.0000000e+00   0.0000000e+00   0.0000000e+00   0.0000000e+00   0.0000000e+00
   0.0000000e+00   0.0000000e+00   0.0000000e+00   0.0000000e+00   0.0000000e+00   1.0000000e+00   0.0000000e+00   0.0000000e+00   0.0000000e+00   0.0000000e+00   0.0000000e+00   0.0000000e+00   0.0000000e+00   0.0000000e+00   0.0000000e+00   0.0000000e+00
   0.0000000e+00   0.0000000e+00   0.0000000e+00   0.0000000e+00   1.0000000e+00   0.0000000e+00   0.0000000e+00   0.0000000e+00   0.0000000e+00   0.0000000e+00   0.0000000e+00   0.0000000e+00   0.0000000e+00   0.0000000e+00   0.0000000e+00   0.0000000e+00
   0.0000000e+00   0.0000000e+00   0.0000000e+00   1.0000000e+00   0.0000000e+00   0.0000000e+00   0.0000000e+00   0.0000000e+00   0.0000000e+00   0.0000000e+00   0.0000000e+00   0.0000000e+00   0.0000000e+00   0.0000000e+00   0.0000000e+00   0.0000000e+00
   0.0000000e+00   0.0000000e+00   1.0000000e+00   0.0000000e+00   0.0000000e+00   0.0000000e+00   0.0000000e+00   0.0000000e+00   0.0000000e+00   0.0000000e+00   0.0000000e+00   0.0000000e+00   0.0000000e+00   0.0000000e+00   0.0000000e+00   0.0000000e+00
   0.0000000e+00   1.0000000e+00   0.0000000e+00   0.0000000e+00   0.0000000e+00   0.0000000e+00   0.0000000e+00   0.0000000e+00   0.0000000e+00   0.0000000e+00   0.0000000e+00   0.0000000e+00   0.0000000e+00   0.0000000e+00   0.0000000e+00   0.0000000e+00
   2.3597802e-05   4.0603991e-02   1.2740300e-01   5.9399660e-02   1.2734993e-01   1.6066889e-02   1.4628083e-01   6.9144958e-02   3.1889043e-02   2.7565847e-02   3.5094996e-02   1.3662207e-01   8.4678968e-03   2.3193939e-02   1.4921650e-01   1.6768555e-03
   1.7545322e-04   2.2307206e-02   1.1104614e-01   7.2464656e-02   7.4501570e-02   4.0096334e-03   3.7903494e-02   1.2377657e-01   3.1775169e-02   1.3614736e-01   1.3113429e-01   1.3668617e-01   4.6110262e-02   2.9514275e-02   2.7678580e-02   1.4769170e-02
   2.1686141e-04   1.9635530e-02   1.3568883e-01   1.1942718e-02   9.9096663e-02   8.0174601e-02   2.1597122e-01   5.3654479e-02   3.0125442e-02   6.6740346e-03   4.5991549e-02   3.9634177e-02   9.6078622e-02   4.3855177e-02   5.9805506e-03   1.1527955e-01
   3.0601463e-04   8.8210059e-02   5.3347431e-03   1.3898761e-01   1.4204987e-01   5.0000829e-02   3.8279214e-02   1.8173206e-03   7.5653596e-03   7.1916836e-04   1.0598993e-01   1.4003282e-01   4.4777376e-02   1.2549910e-01   3.2104657e-03   1.0722012e-01
   3.8804855e-04   5.1575231e-02   4.6102300e-02   1.1719654e-01   1.2340040e-01   5.8231161e-05   1.6495971e-01   1.2889304e-02   8.5271277e-02   3.5686709e-02   1.4836084e-01   6.6096467e-02   7.9003088e-02   5.5388562e-02   8.9070852e-03   4.7162083e-03
   7.5220515e-04   1.9576711e-03   5.0627004e-02   1.2156351e-01   1.0957547e-02   1.4010538e-01   6.8984553e-02   3.4800610e-02   1.3182824e-01   1.0082295e-01   1.4709328e-01   1.5615470e-03   4.3142119e-02   5.4592683e-02   3.8094705e-04   9.0829762e-02
   1.0214990e-03   3.2481662e-04   3.9287230e-02   7.1568589e-02   1.7446637e-01   2.6066360e-02   1.0921722e-02   4.1800493e-02   2.7186165e-02   1.7707811e-01   5.2507960e-02   1.0491759e-01   4.1992860e-02   2.5451287e-02   1.2475133e-01   8.0657618e-02
   1.0467718e-03   5.6809652e-02   1.1335157e-02   3.1521923e-02   8.7513862e-02   1.6988648e-02   1.3336010e-02   2.1533716e-02   1.2703808e-01   6.4331819e-02   8.6640657e-02   1.6687717e-01   1.1900760e-02   1.1756034e-01   1.6482420e-01   2.0741229e-02
   1.0775430e-03   2.7830647e-03   5.4005722e-02   6.6627646e-03   1.6084094e-01   2.0103419e-02   1.6951567e-01   1.1101113e-01   4.2486954e-02   3.3465449e-02   1.4016811e-01   7.4707096e-02   1.3653785e-02   1.0367402e-01   9.8589264e-03   5.5985403e-02
   1.1751799e-03   4.7024050e-03   1.5960886e-01   8.5773433e-02   9.7532373e-02   3.5272362e-02   1.2969386e-02   1.1026719e-02   5.4642423e-02   5.0973627e-02   1.6198446e-01   2.5764463e-03   1.5529895e-01   1.6601585e-02   1.0590118e-01   4.3960615e-02
   1.2238406e-03   1.6295238e-01   1.5826854e-02   7.4140857e-02   3.9654292e-02   6.8431988e-02   5.5079182e-02   4.2562311e-03   1.8932917e-01   1.1420247e-01   9.2843629e-03   9.2453734e-03   4.0699107e-02   1.4375915e-01   4.9255005e-02   2.2659739e-02
   1.7093777e-03   1.5561096e-01   2.6559518e-02   1.3391191e-01   1.5175430e-01   1.2747533e-02   2.5959198e-02   1.3284945e-01   5.6788525e-02   2.8064514e-02   1.1630564e-01   2.9441048e-02   7.4176344e-02   1.8821861e-03   4.0011544e-02   1.2227943e-02
   1.8192238e-03   1.6436738e-02   3.9258850e-02   9.0009110e-02   1.6083870e-03   1.2312663e-01   3.5183648e-03   7.6627581e-03   1.5318553e-03   1.4741718e-01   1.7225846e-01   7.9654883e-03   5.0574327e-02   1.7843228e-01   7.5524592e-02   8.2855756e-02
   1.8952458e-03   8.7864494e-03   9.4352204e-03   3.3919004e-02   1.1729794e-02   2.3690963e-02   8.0120291e-03   2.6003346e-02   1.9552419e-01   7.1303526e-03   1.2715144e-01   1.2129902e-01   1.2328837e-01   1.3552758e-01   3.6996536e-02   1.2961046e-01
   2.0419694e-03   9.4041278e-03   2.0359011e-01   8.2176634e-02   2.4235728e-02   6.0935721e-02   1.3848558e-02   2.1170365e-01   1.8067463e-01   4.0351685e-02   9.0614616e-03   7.7762446e-03   4.9186074e-03   1.2659771e-01   3.1310848e-03   1.9552075e-02
   2.2088418e-03   6.6608447e-02   4.8808102e-02   2.0214017e-02   9.7281242e-02   1.5001004e-01   1.3893109e-02   1.2244199e-01   1.9172592e-02   4.6971384e-02   1.4911884e-02   2.9773161e-02   1.1665580e-01   6.9472030e-02   1.4934165e-01   3.2235716e-02
   2.3995296e-03   1.4119081e-02   5.0780241e-02   2.5331977e-02   6.8487656e-02   1.2315838e-01   1.3436387e-01   4.8049968e-02   1.1907930e-01   1.8478438e-02   4.7207326e-02   1.3257116e-01   1.1073382e-03   3.2321572e-03   1.1648299e-01   9.5150586e-02
   2.6367198e-03   9.9036538e-02   5.4079851e-03   1.0075316e-02   7.4849015e-02   3.6410433e-02   1.2309620e-01   1.9543312e-02   4.1578726e-02   3.6692479e-02   4.1708975e-02   4.6456089e-02   1.3578469e-01   1.6389615e-01   1.2959318e-02   1.4986806e-01
   2.8037329e-03   2.1803836e-02   1.6485814e-01   1.2615885e-02   1.5300874e-02   1.2103158e-01   2.0332989e-02   1.7200436e-02   1.4136704e-02   1.0033405e-01   1.1977590e-02   9.4768061e-02   1.1402931e-01   1.0962806e-01   9.3480431e-02   8.5698323e-02
   2.9378952e-03   2.4522812e-02   6.6665968e-02   8.4308698e-02   2.8396977e-02   1.4938864e-01   1.5177806e-02   4.8116994e-02   1.4627049e-02   1.5797523e-01   1.9387669e-02   1.7458393e-01   7.8219963e-02   1.9890423e-02   1.0556330e-01   1.0236633e-02
   3.2881994e-03   9.9515940e-02   3.3360794e-02   1.8441301e-02   3.4661197e-02   1.2761985e-03   7.1511695e-02   1.2242966e-01   2.5330827e-02   1.0629106e-01   6.7275543e-02   1.0432515e-01   1.3090934e-01   1.4523249e-01   1.6707054e-02   1.9443542e-02
   3.4157398e-03   6.6018473e-03   9.2773981e-03   8.9370997e-02   1.2607876e-01   3.4222420e-02   1.7164863e-03   2.9811649e-02   1.3637209e-01   7.7576497e-02   9.4544336e-03   8.6956946e-02   1.3587774e-01   1.4398175e-01   8.7853893e-02   2.1431353e-02
   3.6380960e-03   8.4706238e-02   3.1476555e-02   1.1868556e-01   3.6259390e-04   5.4226815e-02   1.7074130e-02   9.5178006e-02   3.1860387e-03   2.7580522e-03   4.4942467e-02   1.6253427e-01   5.8735011e-02   1.5690644e-01   1.6261893e-02   1.4932784e-01
   3.8711349e-03   8.4935438e-02   4.8177609e-03   1.6342753e-01   1.3925427e-02   1.4686766e-01   3.3310262e-02   1.1101946e-02   7.8858553e-02   2.1216796e-02   1.8890274e-02   1.3542787e-01   7.6667810e-02   1.4143195e-01   5.1219182e-02   1.4030411e-02
   4.0191530e-03   8.6909610e-02   7.7659721e-02   1.1080860e-01   1.1954336e-01   8.8434810e-02   7.6192840e-02   8.7339682e-02   1.1850455e-02   1.1575436e-01   6.4906962e-03   3.2658412e-02   8.1181099e-03   7.5760264e-02   5.0576055e-03   9.3402328e-02
   4.1484324e-03   1.5329663e-02   7.4300270e-02   7.0570795e-02   2.8731231e-02   2.2452084e-03   2.6995774e-02   1.0641923e-01   1.3835427e-01   1.9136990e-01   2.6060003e-02   8.6930705e-02   1.3733611e-01   5.0763181e-02   3.6173553e-02   4.2716745e-03
   4.1950879e-03   3.0305578e-02   1.5518611e-03   1.6218170e-02   1.5393280e-01   2.8140733e-03   5.2237744e-02   1.0382929e-01   5.2634350e-02   6.7054288e-02   1.1492495e-01   1.2142751e-01   1.5402726e-01   3.2728293e-02   8.3452344e-02   8.6664008e-03
   5.4835248e-03   6.5537095e-02   5.9247603e-02   2.8879276e-02   1.0754267e-02   3.0878276e-03   1.3792758e-02   1.5443741e-01   1.3971760e-01   5.9894042e-02   1.1993995e-01   2.5787776e-02   8.7052285e-02   3.3121056e-02   1.0484016e-02   1.8278351e-01
   5.5530672e-03   1.0195160e-02   1.3049274e-03   1.7695816e-02   3.9069422e-02   3.5388085e-02   6.3536995e-02   3.9516769e-02   7.1383970e-02   1.3575028e-03   1.5481929e-01   1.4601092e-01   6.4911915e-03   6.6020405e-02   1.3875032e-01   2.0290617e-01
   5.6065154e-03   1.6304815e-01   1.2664824e-01   5.2744992e-02   1.7632574e-02   6.4206053e-03   8.6633882e-02   5.2507009e-02   1.1159853e-01   3.6704028e-03   9.9284408e-02   1.3488107e-03   2.7497696e-02   5.5551481e-02   4.0606491e-04   1.8940064e-01
   5.9230887e-03   5.1527443e-02   3.8776122e-02   1.7692165e-02   5.2923807e-02   2.1920902e-02   1.0883841e-01   2.6744852e-02   5.2791678e-03   4.2433319e-02   8.2435031e-02   4.0555562e-03   8.0396965e-02   1.9280817e-01   1.6736821e-01   1.0087680e-01
   6.1116899e-03   8.7000408e-02   4.1077656e-02   1.3784772e-01   3.2999219e-04   9.4407103e-02   1.3379304e-02   3.2200826e-02   9.8855872e-03   1.0355571e-01   1.4981064e-01   4.5727864e-02   1.2021400e-01   5.0331876e-02   3.9735120e-02   6.8384511e-02
   6.3192495e-03   1.0168497e-01   7.7934134e-02   1.0052588e-01   4.9844187e-02   1.3636453e-01   1.4786994e-01   1.4251706e-01   1.4493890e-01   6.3149163e-03   3.6525354e-02   1.3293900e-03   2.0727647e-04   4.9824951e-03   4.7570175e-03   3.7884696e-02
   6.6683325e-03   4.4925998e-02   8.6261987e-04   6.0457601e-02   1.2723822e-01   2.0557194e-03   5.1939075e-03   1.3861786e-01   1.0083552e-01   4.2737576e-03   5.6355860e-03   1.4198176e-01   1.6532454e-01   2.5653370e-02   7.4305237e-02   9.5969965e-02
   7.1370323e-03   1.3427729e-01   1.4778140e-02   7.4406478e-02   1.7480311e-02   1.1766065e-01   1.6431338e-01   3.8609526e-03   2.1111582e-02   5.4257794e-02   1.3825797e-01   1.0018897e-02   3.9051747e-02   6.6292657e-02   1.3252280e-01   4.5723146e-03
   7.9355268e-03   1.3074357e-01   4.6149593e-02   6.4935135e-02   7.7165344e-03   4.5482770e-02   1.6292260e-01   6.0933900e-03   1.4456227e-01   7.9410054e-03   7.3028444e-02   1.3397898e-01   9.4888112e-02   5.1835316e-02   1.9007569e-03   1.9886002e-02
   7.9838489e-03   6.8450846e-03   6.2891294e-03   8.6793203e-02   5.0076532e-03   2.7148802e-03   1.2182174e-01   1.2546505e-01   1.5333606e-01   1.4028323e-02   1.6862517e-02   1.3726354e-02   1.3669934e-01   1.4199716e-01   1.2929491e-01   3.1134732e-02
   8.2648938e-03   5.4414788e-02   5.1509506e-02   9.6550092e-02   1.1498399e-01   1.6226624e-01   3.4378888e-02   4.4836748e-02   4.5782412e-02   1.7036557e-02   2.0400252e-03   3.1063197e-02   1.2968289e-01   1.2448290e-01   2.4757238e-02   5.7949631e-02
   8.2865881e-03   1.2828517e-01   1.2920956e-01   3.1947737e-02   1.2672921e-01   1.0231088e-02   1.4073234e-01   2.7226311e-02   2.6016700e-02   2.0761197e-03   6.1072181e-02   1.2541581e-01   2.4640898e-03   3.1792246e-02   1.2532055e-02   1.3598279e-01
   8.4053593e-03   6.4217439e-02   2.9650467e-02   1.6995105e-01   6.8918711e-02   3.8033598e-03   1.5697307e-02   7.3452471e-03   1.6396644e-01   4.1242079e-02   1.2626372e-01   7.8364269e-02   2.3069846e-02   7.8784574e-02   2.2765175e-02   9.7554957e-02
   8.4259609e-03   1.9970164e-02   1.0237400e-01   6.8597683e-03   8.6154470e-02   8.3308307e-04   5.7316035e-02   2.9694521e-02   1.4010196e-01   2.5137419e-02   7.6504648e-02   3.3681015e-02   1.0616913e-01   1.4843902e-01   1.3712431e-01   2.1214512e-02
   8.9591157e-03   2.4587901e-03   1.5861862e-01   2.8155369e-02   5.6372351e-03   9.5715113e-02   5.5051462e-03   1.0146244e-01   6.5042181e-02   1.6384998e-01   6.3326029e-02   2.1483286e-02   1.5076744e-01   1.3166630e-02   1.0537631e-01   1.0476300e-02
   9.0417235e-03   1.5278406e-01   1.4961350e-02   2.2009200e-03   8.5238243e-03   1.7987859e-02   1.6852089e-02   1.6171481e-01   6.4177263e-02   5.8874090e-02   3.2548495e-02   1.2297466e-01   1.4801184e-01   3.2187716e-02   1.5459368e-01   2.5656313e-03
   9.1349057e-03   1.4057596e-01   1.4307808e-01   2.9869889e-02   5.7481768e-02   8.4798787e-02   2.5641078e-03   1.1408418e-03   1.0883014e-01   4.6025567e-02   1.3696385e-01   1.3846344e-01   9.3481134e-03   3.9042498e-03   8.0363076e-02   7.4572264e-03
   9.2832578e-03   1.1421884e-01   1.5017705e-01   6.9549415e-02   9.1876212e-02   4.7771371e-04   1.9919862e-02   1.9336529e-02   1.3512090e-01   2.5588550e-02   1.5973705e-03   4.3340419e-02   1.7249064e-01   2.5991556e-02   5.2170333e-02   6.8861350e-02
   9.4932470e-03   7.0704142e-02   3.2701151e-02   1.6679967e-03   2.2433207e-01   1.2924392e-01   5.4861829e-02   7.9994206e-02   5.5214216e-02   6.2651982e-02   2.5169977e-02   9.1253176e-02   2.0746645e-02   2.9980233e-02   6.7143817e-02   4.4841388e-02
   9.5473411e-03   1.0867523e-01   1.3165116e-01   1.3613251e-01   6.6707363e-03   4.1933769e-02   1.3892290e-01   1.1210028e-01   2.8612271e-02   4.3372604e-02   4.4720234e-03   7.7570726e-03   8.9637468e-02   2.9932676e-03   1.4160176e-02   1.2336118e-01
   1.0126349e-02   1.7425168e-04   9.0090605e-02   1.8932253e-01   2.3834477e-02   7.8983671e-02   2.2324638e-02   1.9380957e-02   1.7843789e-02   1.1029471e-01   1.5696659e-03   1.3015242e-01   3.6710891e-02   4.5156996e-02   5.0160256e-02   1.7387379e-01
   1.0127797e-02   3.8467936e-03   6.1817546e-02   1.5566114e-01   1.9031733e-01   5.5096580e-02   3.1236301e-02   1.9088434e-02   1.7165596e-01   2.6402506e-02   2.8420815e-02   1.4647759e-02   1.8046391e-02   4.3727200e-02   2.6149455e-03   1.6729251e-01
   1.0241040e-02   8.6638532e-03   1.2855662e-01   4.2042689e-02   1.6531732e-02   2.9487226e-03   7.4950395e-03   6.4706486e-02   8.9570786e-03   1.6768909e-01   1.2479695e-03   1.1961668e-02   1.5892275e-01   1.4341051e-01   4.0067654e-02   1.8655709e-01
   1.0411001e-02   1.0616513e-02   7.3502089e-02   1.3362257e-02   9.4050802e-03   1.2523806e-01   2.7519088e-02   1.5380875e-01   3.1879334e-02   1.3948479e-01   1.3963746e-01   3.9021243e-02   8.3991366e-02   1.1135034e-02   4.1805904e-02   8.9182026e-02
   1.0517421e-02   1.6718201e-01   1.7463551e-01   1.7075402e-02   7.9690713e-02   7.1083530e-02   4.4281093e-02   1.6592621e-02   1.2139912e-01   1.6212803e-01   4.2205314e-02   1.4969512e-02   2.3450501e-03   5.9251627e-02   2.6266576e-03   1.4016390e-02
   1.0834340e-02   1.1646328e-02   1.9280002e-01   2.6377835e-02   4.7326859e-02   8.9631764e-02   1.3777541e-02   1.6503742e-02   1.3882760e-01   8.7959843e-02   4.1687391e-02   1.4486228e-01   5.7976508e-02   9.4774513e-02   7.6832772e-03   1.7330161e-02
   1.0962284e-02   1.6132762e-01   9.3846667e-02   3.2291335e-02   1.1286010e-02   1.6209506e-01   2.3089124e-02   1.6188674e-01   1.5337113e-02   1.5620123e-01   5.6596157e-02   2.4394146e-02   6.2870419e-02   3.1731793e-03   2.1462561e-02   3.1803578e-03
   1.1041438e-02   5.2682984e-02   1.4946997e-01   1.1528316e-01   1.5153672e-01   1.0483233e-01   1.4124529e-01   1.7585008e-02   3.3102163e-02   2.6190527e-02   9.5412289e-03   4.5070590e-02   3.8198781e-02   8.5323097e-02   7.2651275e-04   1.8170202e-02
   1.1160856e-02   1.5393844e-01   4.9736136e-02   1.1318834e-01   1.1614327e-02   1.3484557e-01   1.9199787e-02   3.7036586e-02   1.9008218e-01   9.1658223e-04   3.3569613e-02   5.6311327e-02   2.2846715e-03   3.6233936e-02   5.3796029e-02   9.6085616e-02
   1.1274590e-02   1.9546857e-02   6.8876789e-02   4.5370686e-02   7.7845394e-03   1.6054351e-02   4.0783342e-02   9.9764751e-02   3.7186572e-02   1.5846206e-01   2.1403492e-01   1.7803149e-02   3.4540003e-02   1.4890346e-02   2.0921941e-01   4.4076353e-03
   1.1854130e-02   6.5489012e-02   1.4914242e-02   1.0388090e-01   8.4846928e-02   1.6450388e-01   6.5842729e-02   1.1140755e-01   6.6474242e-02   2.4200238e-02   3.9093764e-02   1.7666208e-01   9.5292530e-04   9.4762877e-03   5.5315894e-02   5.0852015e-03
   1.2289547e-02   2.4780959e-02   1.1579000e-01   9.4736697e-04   5.0274768e-03   5.9496044e-02   1.9784308e-02   7.7103559e-02   1.1669682e-01   5.4532131e-03   1.5035607e-02   1.2354210e-01   1.7333493e-01   9.3924322e-02   3.1600290e-03   1.5363372e-01
   1.2306521e-02   1.1103536e-02   1.4181374e-01   9.4842749e-02   1.7723544e-03   1.4862221e-01   1.4290073e-02   5.0930235e-02   9.3265533e-02   4.4864341e-03   1.3381727e-01   1.0087140e-01   2.4044846e-02   1.8014405e-02   6.5817001e-02   8.4001690e-02
   1.2871576e-02   3.1670657e-03   1.3515257e-01   7.6689646e-02   2.5140308e-02   1.0703934e-01   8.3841411e-03   7.8238068e-02   4.1274299e-02   8.3253980e-02   1.0028588e-01   3.9486783e-03   7.4972089e-03   1.1992523e-01   8.4633726e-02   1.1249828e-01
   1.3040768e-02   9.8459505e-02   6.8681615e-02   6.7577715e-03   1.1435505e-02   2.1456834e-02   8.5249151e-02   2.0734766e-01   3.5438300e-03   5.8206581e-02   1.2345017e-02   1.2332044e-02   9.3325137e-02   9.4142388e-02   6.8618208e-03   2.0681438e-01
   1.3573111e-02   8.4177564e-02   3.0875809e-03   7.1495691e-04   1.5255385e-02   1.6173290e-02   5.3103013e-02   5.2819888e-02   1.5137612e-01   6.0735849e-02   4.1466489e-02   1.7172377e-01   1.4283597e-01   1.1527248e-03   9.6880198e-02   9.4924086e-02
   1.3735126e-02   1.0378577e-01   2.8733967e-03   4.5011009e-02   1.7441752e-01   2.5557599e-02   5.3641475e-02   4.1769920e-03   1.5931455e-01   1.7813458e-01   4.8096272e-02   7.4178125e-02   7.0420313e-02   2.1447795e-02   2.0403260e-02   4.8062088e-03
   1.4054132e-02   1.3711003e-01   3.0643267e-03   5.3625857e-02   2.7338729e-02   2.2938274e-04   2.6741125e-02   1.7755782e-01   2.0173790e-02   1.6004942e-01   1.6389711e-02   1.0091624e-01   3.1262776e-02   1.6558597e-03   1.5993217e-01   6.9898625e-02
   1.4826934e-02   1.8347624e-02   3.6160437e-02   8.3829396e-02   3.2391941e-02   4.7174047e-02   6.2551711e-02   7.9393761e-03   3.5711522e-02   1.0544303e-02   1.6686819e-01   3.1163637e-02   1.1838500e-01   4.7224985e-02   2.1010539e-01   7.6775501e-02
   1.4902436e-02   8.1447127e-02   3.9048333e-03   1.9057599e-02   6.7256346e-02   1.9632164e-02   1.6512532e-01   3.6001635e-02   2.6496248e-02   4.8885780e-02   1.4246543e-01   1.4678322e-01   1.3264608e-02   6.9612995e-02   1.2685086e-01   1.8313391e-02
   1.4947520e-02   1.1172175e-01   2.9901881e-02   1.6368206e-03   1.7148120e-01   1.8640320e-02   2.7003098e-03   1.2107395e-02   1.1121192e-02   1.4543819e-01   9.0254922e-02   2.3617754e-02   2.0815483e-02   9.0491609e-02   1.3766754e-01   1.1745611e-01
   1.5639686e-02   5.0920846e-03   2.1465266e-02   1.3845055e-01   9.5063286e-02   1.2702055e-02   1.6335413e-01   1.4928251e-02   1.5862637e-01   1.2849957e-02   2.0877890e-02   2.4560278e-02   8.5090867e-02   6.7984540e-02   1.2305936e-01   4.0255429e-02
   1.5937557e-02   2.1576453e-02   3.3102306e-02   1.0677509e-02   8.3228519e-02   1.3119967e-04   5.2345603e-02   7.7920919e-02   5.8873863e-02   2.2294270e-01   1.6130118e-01   5.1318306e-03   1.7619816e-02   1.0239422e-02   1.3150018e-01   9.7470932e-02
   1.5939535e-02   5.3717225e-03   3.9635465e-02   3.9770653e-02   8.9676009e-02   5.4233781e-02   3.0335445e-04   9.6102329e-02   2.0516721e-03   1.2948394e-01   1.2298140e-01   2.4080904e-02   9.5832851e-02   8.7714422e-02   1.3479571e-01   6.2026257e-02
   1.6496865e-02   1.6353722e-01   6.5397018e-02   6.6666027e-02   2.6733981e-03   8.9441157e-02   1.1507585e-01   4.7337409e-02   5.9425804e-02   4.7676855e-02   6.9879025e-03   6.1586570e-02   8.3918940e-02   8.5408513e-02   8.3005999e-02   5.3644765e-03
   1.6722298e-02   1.9347049e-01   7.9062078e-03   1.3945565e-01   1.3897062e-01   1.1630229e-02   4.3141783e-02   1.1653977e-02   2.9766292e-02   1.1048974e-01   2.3669803e-02   2.3635612e-02   9.4249483e-02   1.1542779e-02   1.2499136e-02   1.3119590e-01
   1.8039396e-02   8.1790757e-03   4.8163241e-02   8.3109138e-02   6.6909213e-02   7.3458948e-03   1.7279455e-02   7.2639181e-02   1.2196900e-01   1.2523797e-01   6.9106965e-03   3.2304992e-03   4.8094760e-02   1.2010251e-01   1.2401784e-01   1.2877213e-01
   1.8094770e-02   3.2868799e-02   9.4658692e-03   7.6971934e-02   1.4983399e-01   1.6187006e-01   1.2401738e-01   1.3275725e-02   1.2230332e-01   9.2505678e-03   1.0561218e-02   2.4404369e-02   4.1492227e-03   6.3722035e-02   1.6217507e-01   1.7035668e-02
   1.8186755e-02   1.1883823e-01   1.0772308e-01   1.7637545e-02   3.1176297e-03   1.6477003e-03   7.9594442e-03   3.9760620e-02   1.2343722e-01   1.2812274e-01   7.9036053e-02   5.1716494e-02   8.1056349e-02   7.1999520e-02   4.6508119e-02   1.0325251e-01
   1.8201197e-02   7.6297285e-03   1.0962230e-01   1.3022767e-02   9.3253597e-02   9.4345737e-03   1.5904234e-02   1.2812118e-01   1.9260964e-02   3.2512937e-02   1.1942796e-01   1.3575115e-01   8.6328316e-03   6.0884230e-02   1.0212814e-01   1.2621221e-01
   1.8578013e-02   2.8639454e-02   1.4755025e-01   8.8053072e-03   2.3857409e-02   9.2981839e-02   1.1713837e-01   1.4044476e-02   1.5153742e-01   4.7302155e-03   1.6394526e-01   3.8374582e-02   3.6062096e-03   4.1111812e-02   2.8797223e-02   1.1630217e-01
   1.8957460e-02   2.6073005e-02   2.9729730e-04   1.4470553e-02   3.2162423e-02   7.9296552e-03   1.5546741e-01   1.3272944e-01   2.4136663e-02   1.7478527e-01   3.6591196e-02   3.1418055e-02   9.0637570e-02   2.0534529e-02   6.7240834e-02   1.6656864e-01
   1.9385410e-02   1.2161902e-02   1.3962561e-01   3.6255885e-02   5.2830185e-02   1.5172899e-01   7.7163688e-02   7.2411253e-03   1.4579017e-02   7.8022593e-02   4.8684338e-02   1.1548634e-02   1.8220451e-01   9.1473956e-03   1.0414681e-01   5.5273901e-02
   1.9396701e-02   1.0579331e-02   6.0762581e-02   1.4324733e-01   3.8061959e-04   5.0291900e-02   2.0556496e-02   1.6441558e-01   1.6859662e-01   6.1232906e-02   3.9937071e-03   5.8304890e-03   1.9539908e-01   2.0882176e-02   3.0377395e-02   4.4057087e-02
   1.9610475e-02   1.2433886e-01   5.9330018e-03   1.3790085e-01   7.7362648e-02   2.5808977e-02   1.2218634e-03   4.4818418e-03   1.6431518e-01   7.0168061e-02   1.6038295e-03   4.1389220e-03   1.6787996e-01   1.3748503e-01   2.3327971e-02   3.4422539e-02
   1.9644900e-02   1.2322120e-04   5.6196555e-02   1.1841648e-01   2.7699673e-03   2.3414958e-02   1.6780453e-01   1.4685666e-02   1.4398248e-03   4.4358365e-02   1.2009143e-01   1.1970549e-01   4.9855539e-02   1.7110966e-01   7.0399983e-02   1.9983423e-02
   2.0064275e-02   1.8949182e-03   1.2091217e-01   2.2016142e-01   1.0933193e-01   2.7710855e-02   1.3547822e-01   1.1853314e-01   7.7799203e-02   1.2725347e-02   6.4220439e-02   6.0992816e-03   6.9189175e-04   8.5397041e-03   6.0671685e-02   1.5165519e-02
   2.0210194e-02   3.3035698e-03   1.3701990e-01   2.5604670e-02   1.4132248e-01   3.2063981e-02   4.6394756e-03   9.6761749e-03   1.3826097e-01   2.8763494e-02   1.4272852e-01   1.4081561e-01   9.4751551e-02   5.2779248e-02   1.6633499e-02   1.1426655e-02
   2.0423745e-02   1.7746444e-01   1.6874327e-01   4.6551684e-02   1.4103119e-03   4.8287208e-02   2.1355761e-02   7.9852071e-02   2.6977927e-02   1.6356982e-03   7.7626291e-02   8.7763490e-02   7.0283389e-02   1.5524745e-01   6.9077135e-03   9.4695520e-03
   2.0489154e-02   2.0901465e-02   7.5850183e-02   1.5391053e-01   5.0615471e-02   6.8133726e-02   6.7236266e-03   2.3508217e-02   2.2740203e-02   1.9746508e-01   1.8340742e-01   6.4035072e-02   2.4223610e-02   3.4600226e-02   3.8646521e-02   1.4749491e-02
   2.0857076e-02   1.6239156e-01   7.1641466e-03   7.0605169e-02   9.8502280e-03   4.7752172e-04   1.9115780e-02   3.2314490e-02   1.2474415e-01   6.2780538e-02   1.3376329e-01   1.0033158e-01   3.9374847e-02   5.5282197e-02   1.5272468e-01   8.2227488e-03
   2.1264711e-02   8.3768157e-02   2.8216267e-02   1.5543723e-01   5.9006156e-02   2.6018056e-02   1.3846906e-02   9.7289700e-02   1.6420718e-01   1.4136354e-01   1.2303700e-02   7.4718054e-02   1.9335186e-03   5.5039318e-02   1.8732855e-02   4.6854646e-02
   2.2323045e-02   4.7826570e-03   3.1879539e-02   1.0584903e-01   1.4384028e-02   2.1179696e-01   1.2641928e-02   9.7473503e-02   2.7758752e-02   3.9404271e-02   1.1781773e-01   1.5981180e-02   1.2278710e-01   4.2909924e-02   6.8590478e-02   6.3619867e-02
   2.3119017e-02   1.2963833e-01   2.9931355e-02   3.2243114e-02   8.3707998e-02   1.1748554e-03   2.0709577e-01   1.5269672e-02   2.3570436e-02   6.7837586e-02   9.1445827e-02   7.7120278e-02   1.3201223e-01   8.8361559e-03   2.7463981e-02   4.9533387e-02
   2.3248852e-02   1.0263946e-01   1.1147867e-01   1.9264849e-02   7.4549801e-02   7.0391695e-03   7.4443560e-02   3.3039160e-02   1.0555095e-02   1.5609081e-01   2.4458078e-03   1.9521331e-02   9.2822328e-02   1.0523301e-01   1.6325664e-01   4.3714606e-03
   2.3399169e-02   9.8514771e-02   1.9946970e-02   3.5899059e-03   1.8434803e-02   4.4054243e-02   1.1959395e-02   1.5497344e-01   1.2696562e-01   9.4762014e-04   5.1677326e-02   1.7654817e-02   5.4037188e-02   7.2419902e-02   1.2914050e-01   1.7228433e-01
   2.3987218e-02   4.6928025e-02   7.4508305e-02   1.0304265e-02   3.9360121e-03   3.8129937e-02   3.3466213e-03   2.8125054e-02   1.0630174e-01   1.3069905e-01   1.3622780e-01   1.1705990e-01   1.3605098e-01   1.3505116e-02   1.2688825e-01   4.0017275e-03
   2.4480265e-02   2.1237247e-02   9.9873179e-03   1.1657110e-02   1.0101135e-01   1.7065664e-01   1.1749017e-02   1.1741463e-03   3.6357896e-02   1.0274969e-01   8.1003505e-02   1.7026277e-01   6.1117164e-02   1.8773099e-02   7.3287919e-03   1.7045399e-01
   2.4661703e-02   6.6765854e-02   1.3965535e-01   1.4325192e-03   9.9110985e-02   8.2422739e-02   6.0193189e-02   4.2422613e-02   2.9392869e-02   1.4493327e-01   1.1511075e-02   1.1412223e-01   2.9234307e-02   2.5560972e-02   1.2089381e-01   7.6865136e-03
   2.4777700e-02   1.1373986e-02   1.5581410e-01   1.6963225e-03   4.4761799e-02   8.4815746e-02   8.9591752e-02   8.0423788e-02   1.4498714e-01   4.5971747e-02   8.3875790e-02   6.3055198e-03   1.2421951e-01   6.9684660e-02   9.2785794e-03   2.2421866e-02
   2.5152484e-02   1.0020657e-01   4.3040637e-03   1.4706631e-02   1.6945413e-01   8.9110049e-03   1.6143747e-01   1.6690688e-01   2.8593356e-02   1.6582618e-02   6.9060763e-02   2.3370781e-02   1.8126236e-02   7.6794676e-03   1.6060482e-01   2.4902724e-02
   2.5829404e-02   8.1581971e-02   1.1839051e-02   5.7010564e-02   1.1304852e-02   2.2955461e-02   1.3974099e-02   8.4730563e-02   2.0598040e-01   5.8576380e-02   1.7244825e-02   5.0088050e-02   9.1007487e-02   1.2669568e-02   1.9466095e-01   6.0546371e-02
   2.5898907e-02   4.5965473e-02   1.4019115e-01   1.3338500e-01   1.9481526e-02   4.3166462e-03   1.9437776e-02   3.4329416e-02   2.3458652e-02   2.0053049e-02   1.0726857e-01   6.0897488e-02   6.7953023e-02   1.0312469e-01   1.7823907e-02   1.7641472e-01
   2.7078199e-02   1.5571869e-02   7.5050823e-02   7.2640301e-03   1.7260057e-02   1.6867616e-02   1.6774169e-01   1.5685372e-01   4.6076966e-03   4.4967883e-02   6.8866039e-02   4.5473768e-02   1.4923951e-01   8.4997685e-02   1.0115895e-01   1.7000460e-02
   2.7203108e-02   1.2235880e-01   1.5585834e-01   5.3705693e-02   1.1415601e-02   7.9793266e-02   6.0108013e-03   1.2416295e-01   7.5906582e-02   2.0332074e-02   1.6332519e-03   1.5420710e-01   2.4392543e-03   7.1038556e-02   6.5813754e-02   2.8120874e-02
   2.7782138e-02   1.4139930e-01   5.6936283e-02   5.2857090e-03   4.5019493e-03   1.2473270e-01   1.3519806e-02   2.3969868e-03   1.2811791e-02   1.6431090e-01   1.0486364e-01   9.4922502e-02   1.9870599e-02   1.6269156e-01   2.6161211e-03   6.1358006e-02
   2.8103414e-02   9.5649280e-03   8.9711285e-03   3.8220421e-03   3.3418778e-02   6.0470625e-02   1.4633235e-01   1.0657658e-02   1.9949332e-02   1.6656845e-01   1.2800933e-01   2.2793639e-02   1.3802891e-01   5.0975970e-03   1.3039052e-01   8.7821303e-02
   2.8436557e-02   7.8999851e-04   4.2820844e-03   4.7806630e-02   7.0884195e-02   7.8513035e-02   3.7007350e-03   1.7991316e-01   1.2025320e-01   1.7415470e-03   1.1333082e-01   1.6382088e-02   1.7118530e-01   3.2479526e-02   1.1161071e-01   1.8690413e-02
   2.8650170e-02   1.7181137e-02   2.4003130e-02   9.6926377e-02   1.1705293e-02   1.1267135e-01   1.4016509e-01   1.4019059e-03   2.0450001e-01   2.5307887e-02   7.0688681e-02   2.1169332e-02   7.8268731e-02   1.2965907e-01   8.7980276e-03   2.8903816e-02
   2.8725198e-02   1.0685224e-01   5.7037274e-03   1.0769714e-01   5.9939959e-02   6.5422663e-03   1.2086478e-01   1.7222547e-01   1.2011221e-02   5.1032150e-03   1.5011186e-01   6.5712410e-03   2.1073823e-02   2.3614885e-02   8.2913998e-02   9.0048977e-02
   2.9020332e-02   1.5241968e-01   1.3370376e-02   6.5007570e-02   1.1374683e-01   9.9399775e-04   2.3620357e-02   3.8884290e-02   7.6417393e-02   2.4651190e-02   4.3462006e-03   1.6755856e-01   1.2297744e-03   4.3275651e-02   7.9859225e-02   1.6559858e-01
   2.9820158e-02   1.0493124e-02   6.7809271e-04   1.3026862e-01   5.4244157e-02   3.9177285e-02   1.1531130e-02   9.4914389e-02   1.3253600e-01   7.2582495e-02   3.6498397e-02   8.1027243e-02   5.4932498e-02   3.1379809e-02   4.0495641e-02   1.7942097e-01
   3.0181833e-02   1.5188757e-02   1.4437664e-01   2.4710948e-03   6.4063399e-02   1.6448220e-01   1.6092245e-01   6.6853358e-02   4.5242966e-02   1.0632291e-01   1.7828496e-02   7.7108394e-02   2.3376267e-02   3.2666304e-02   4.1669056e-02   7.2458736e-03
   3.1136356e-02   5.3222066e-02   1.3362988e-01   2.2062618e-02   7.0395050e-04   2.3417188e-02   6.0934312e-02   1.4961619e-01   1.1801910e-01   1.2945468e-01   4.4351672e-03   3.7565752e-03   5.8680626e-02   1.4571221e-01   6.2246709e-02   2.9723621e-03
   3.1337928e-02   1.1693469e-01   8.5393011e-02   1.0834746e-01   4.1998637e-02   2.6585869e-02   1.8255662e-02   1.2498183e-03   1.2974984e-03   1.2649997e-01   7.8367506e-02   1.1678017e-01   1.8629255e-02   1.4034380e-01   8.1960180e-02   6.0185505e-03
   3.1723169e-02   6.9696659e-02   1.5372089e-01   6.9537486e-02   9.6370413e-02   5.1283111e-03   1.5540830e-01   4.9981438e-02   1.0063020e-01   7.7915036e-02   2.3163693e-02   9.5030062e-03   3.1756438e-03   6.5611355e-02   6.1429657e-02   2.7004743e-02
   3.1823828e-02   4.6777804e-03   1.3730131e-01   1.4399498e-01   1.5584600e-01   1.9886672e-02   1.0662249e-02   5.4623378e-02   3.8053796e-02   4.0257046e-03   5.1562361e-02   3.2305352e-02   4.7967786e-02   7.9331035e-03   1.7249629e-01   8.6839399e-02
   3.2427585e-02   1.8689254e-02   3.3943903e-02   2.2797359e-02   5.0522119e-02   1.3961033e-03   1.8192512e-03   1.3302772e-01   3.9481816e-02   1.2360541e-01   5.7500944e-02   6.3822421e-02   1.4199563e-02   2.9492594e-02   2.1416594e-01   1.6310801e-01
   3.2597360e-02   3.0694662e-02   1.2565692e-02   3.2067353e-03   7.7582490e-02   1.5349468e-01   8.1490883e-02   7.5674872e-03   2.0352584e-02   5.9227521e-02   9.2205129e-02   1.6729079e-01   1.7585251e-01   5.2312450e-02   1.8093270e-03   3.1749687e-02
   3.2848039e-02   4.0268429e-02   7.2940444e-03   5.0987024e-03   4.4998690e-02   1.0928366e-01   5.9031030e-03   4.7921509e-03   6.6991008e-02   1.9956196e-02   1.2167442e-02   1.6693289e-01   1.4589337e-01   4.3483549e-03   1.6559711e-01   1.6762681e-01
   3.3980117e-02   3.0348243e-02   3.1010327e-02   3.1343608e-03   8.6031780e-03   3.5316777e-03   9.5137402e-02   1.8185659e-02   1.6094321e-01   3.5673594e-02   1.5238208e-01   7.9414314e-02   6.2751251e-03   1.2887915e-01   4.2562614e-02   1.6993895e-01
   3.4927489e-02   3.9381193e-02   1.1746171e-02   1.3095707e-01   7.6006205e-02   9.5005097e-02   4.0538212e-03   1.4541536e-01   1.4852635e-01   2.4346794e-02   1.9074245e-02   5.7865456e-02   9.6040276e-03   1.5589996e-01   1.5283976e-02   3.1906788e-02
   3.5077033e-02   1.3855614e-01   2.3956135e-02   2.1735076e-02   3.8673458e-02   1.3777765e-01   9.3096823e-02   1.1363454e-02   4.5513259e-02   1.0870703e-01   4.5916101e-03   1.7688018e-01   8.2236021e-03   1.3663170e-02   2.7023299e-02   1.1516208e-01
   3.5088682e-02   6.1218425e-03   1.2007187e-01   6.1029668e-02   2.3080529e-02   3.5008947e-02   1.2813676e-01   1.3972409e-01   1.3139391e-02   3.1187306e-02   4.3002899e-06   2.0201940e-02   1.0004367e-02   1.4695650e-01   8.8726678e-02   1.4151713e-01
   3.5490863e-02   2.2505864e-01   1.0929199e-02   2.9780304e-03   1.8666133e-01   1.5727346e-01   8.9178521e-02   6.2221257e-03   5.0523565e-02   2.8051821e-02   1.1909832e-02   2.6640464e-02   1.4820845e-02   9.5690905e-02   5.5326978e-02   3.2434251e-03
   3.7109012e-02   2.8742367e-02   1.4190615e-01   7.4694117e-03   1.2478853e-01   7.7142753e-02   1.9763061e-02   1.3956426e-01   2.5009242e-02   1.2444277e-01   1.4253372e-01   1.0317018e-02   3.9691060e-03   4.8331343e-02   1.1146482e-02   5.7764778e-02
   3.7159357e-02   2.2770955e-02   6.0827629e-02   3.8782064e-02   5.5588853e-02   2.7433902e-02   2.9927848e-03   1.8220773e-01   1.3545373e-01   9.5343131e-02   8.2850510e-03   1.6809211e-01   1.7516543e-02   1.2737064e-01   1.0713933e-02   9.4615876e-03
   3.7277387e-02   1.0327700e-01   6.4563007e-02   5.9474738e-02   5.0063256e-03   1.7650766e-02   4.3801651e-02   1.2817765e-01   7.6543669e-02   1.3643213e-01   4.7275700e-02   3.8570582e-03   1.7466797e-03   1.4039099e-01   1.8278488e-02   1.1624676e-01
   3.7548633e-02   1.0698669e-02   4.7081303e-02   9.5492633e-02   3.4028498e-03   5.8023085e-02   1.4639572e-01   8.0979195e-02   5.8109980e-02   9.7008819e-03   1.2682262e-02   1.2273166e-01   1.7477526e-02   1.3276431e-01   1.5257883e-01   1.4332457e-02
   3.8357611e-02   1.1376837e-01   1.4549714e-01   1.5887072e-02   9.2709777e-03   7.6690103e-03   1.2631763e-01   7.1435986e-02   7.5186983e-02   7.3977901e-02   1.4091897e-03   1.7627263e-02   1.8025828e-01   1.7910276e-02   3.1404167e-04   1.0511226e-01
   3.8466090e-02   1.2492944e-01   8.7324198e-02   2.5153504e-02   1.1379869e-01   4.5691591e-02   1.1808850e-01   4.1815608e-02   3.6073273e-03   1.1342550e-01   1.1812743e-01   7.8482420e-03   3.0427362e-02   1.0564631e-01   2.0914829e-02   4.7353901e-03
   3.8781110e-02   1.3569450e-01   9.6226846e-02   1.7792487e-02   2.2226693e-02   1.0027181e-03   1.2328786e-01   2.9388106e-02   2.7383730e-02   1.4971508e-02   3.3574560e-02   1.5859377e-01   1.4867503e-02   1.3580067e-01   1.3847012e-01   1.1937825e-02
   3.8817683e-02   4.7879478e-02   1.6547463e-01   3.3728452e-02   1.2963969e-02   1.7650293e-01   5.8466613e-03   3.6765357e-03   1.7748042e-01   1.3413402e-02   1.7000270e-01   1.8019145e-02   5.3636674e-02   2.6659230e-02   5.5292092e-02   6.0600559e-04
   3.9006470e-02   1.6075305e-01   4.4172892e-02   2.7381991e-02   1.7969362e-02   1.5684169e-01   5.0927631e-02   1.7570272e-02   1.0256509e-02   7.5523879e-02   6.1333383e-02   2.0495345e-02   1.6177041e-01   1.3251410e-02   1.2188807e-01   2.0857639e-02
   3.9826055e-02   3.6080263e-03   1.0101206e-01   3.1043263e-02   2.5353843e-02   2.1483273e-02   1.0232226e-01   1.9102480e-01   5.6091842e-02   8.7079869e-02   6.9745812e-02   5.2391969e-02   2.5955364e-03   1.4012088e-02   4.7520534e-02   1.5488877e-01
   3.9872972e-02   1.4919413e-01   3.0488945e-02   7.1282175e-02   9.3158891e-02   1.0255130e-01   1.7669969e-02   4.9721709e-03   1.9567714e-02   4.3162258e-03   4.9033998e-03   9.1020764e-02   3.2833596e-02   1.8754268e-01   7.3535579e-02   7.7089488e-02
   4.0312896e-02   1.6021970e-01   1.2290844e-01   1.6098265e-02   1.4532581e-01   3.3002386e-02   9.1869946e-03   1.0528282e-01   1.0991167e-02   2.7932302e-02   3.8304982e-02   6.1106945e-02   1.5179865e-01   6.4658190e-02   7.7482996e-03   5.1221649e-03
   4.3010483e-02   1.2313531e-01   1.1214697e-02   1.7883419e-01   7.8057879e-03   1.2957455e-02   5.7153520e-02   1.3555238e-02   1.4121189e-01   3.4652514e-02   1.5709242e-01   3.1993086e-03   1.2159867e-01   9.5426602e-03   3.5302431e-02   4.9733412e-02
   4.4127752e-02   1.0661251e-03   2.3849669e-02   1.2350030e-01   7.0364453e-03   1.6408506e-01   1.5645335e-01   1.2539437e-01   4.5993434e-02   1.6316157e-01   7.7231232e-02   5.2209267e-03   2.7422459e-02   2.1293770e-02   2.3276777e-03   1.1835868e-02
   4.4491218e-02   5.5555041e-02   7.3269542e-03   1.2767216e-01   1.2758893e-01   1.2592586e-01   1.1766996e-01   1.9507816e-02   6.2834993e-03   1.1937585e-03   6.6534933e-02   1.3505359e-02   2.8627419e-02   1.2010126e-01   1.8550246e-02   1.1946558e-01
   4.5184152e-02   1.0319941e-01   4.8629252e-02   1.2189936e-02   1.5506330e-02   8.1052725e-02   8.9039360e-02   1.5149811e-01   1.1260684e-03   1.7276977e-02   4.9854399e-02   1.4142903e-01   8.5683882e-02   1.8879131e-02   1.7084854e-03   1.3774275e-01
   4.6329179e-02   1.6564784e-01   3.5297757e-02   1.0860326e-02   3.7781503e-02   1.3376471e-01   5.4865777e-02   1.4991705e-01   1.1800261e-01   2.8589692e-03   4.9138327e-02   4.2149641e-02   1.8728806e-02   9.3712594e-04   1.2586973e-01   7.8506557e-03
   4.6432201e-02   1.3462156e-01   1.6090267e-01   3.5434330e-02   2.9028220e-02   1.4929880e-02   1.4818899e-01   1.7160272e-01   1.2024303e-02   8.7622429e-02   9.3027095e-03   2.5325049e-02   3.1642185e-02   8.2901688e-02   6.1162923e-03   3.9247817e-03
   4.6512440e-02   2.5600185e-03   1.8170563e-02   1.7628385e-01   1.2985145e-02   5.9098344e-02   1.0782538e-01   6.0146745e-02   6.7192806e-02   1.4969463e-02   1.5812204e-01   9.9233166e-02   1.4686203e-02   1.2451331e-02   1.0734391e-02   1.3902811e-01
   4.6847158e-02   2.9381894e-02   1.1770331e-01   1.6227243e-01   3.2771335e-02   2.8384390e-02   1.3335657e-01   7.2216873e-02   1.2065766e-02   1.0083164e-01   7.5368024e-04   2.0265823e-02   4.8683670e-03   8.4444689e-02   1.3017193e-01   2.3664140e-02
   4.7139994e-02   3.0563694e-03   1.0636679e-01   8.1861308e-02   5.9797610e-03   3.8554201e-03   1.0033409e-03   1.0769640e-01   1.0378163e-02   7.9256166e-02   8.2326448e-02   1.2027775e-02   1.4503764e-01   7.2806434e-03   1.7089666e-01   1.3583712e-01
   4.7346547e-02   1.0737587e-02   3.0331116e-02   1.7187686e-02   1.5994074e-01   6.5674183e-03   1.2425595e-01   1.5546307e-01   2.5741627e-02   5.9120344e-02   3.2938118e-03   5.6696200e-03   2.9724154e-02   1.1990455e-01   5.2789773e-02   1.5192601e-01
   4.7697902e-02   8.9307219e-02   1.2690162e-01   5.8237750e-03   5.4967114e-02   8.2165812e-02   1.2360081e-02   1.5808400e-01   1.2212397e-01   5.0741117e-02   8.9606469e-03   2.1572617e-02   3.6350314e-02   1.2391553e-02   2.0879981e-02   1.4967228e-01
   4.7870996e-02   2.5822864e-02   7.7793307e-02   1.1829260e-01   1.6091638e-01   1.0881742e-02   1.4635606e-01   9.2656798e-03   6.1653253e-03   9.5748514e-02   2.0153007e-02   4.6737867e-03   8.8098740e-02   7.5792969e-04   1.4663911e-01   4.0563955e-02
   4.9680338e-02   6.4750380e-03   4.7920689e-03   7.7398334e-03   3.8894364e-02   1.1547880e-01   1.3305624e-01   4.8371611e-03   7.1804341e-02   2.3879426e-02   7.0102488e-03   4.6753782e-02   1.5777137e-01   8.3554899e-02   1.4851084e-01   9.9761252e-02
   5.1311823e-02   1.4609360e-02   1.1557743e-01   1.5453869e-01   1.3247687e-01   7.3277799e-03   2.9065751e-02   2.7529737e-02   1.5873362e-01   6.3834000e-02   7.8623053e-03   1.2973477e-01   9.9884819e-03   2.7676004e-02   4.8993163e-02   2.0740220e-02
   5.1398296e-02   5.5235959e-02   1.8199978e-01   3.1477603e-02   1.4706855e-02   5.2280083e-03   4.0564570e-02   2.6380920e-02   3.0032167e-02   1.3487881e-01   1.5219974e-01   1.5170833e-02   2.7946786e-03   1.4819753e-02   1.3824951e-01   1.0486252e-01
   5.1441194e-02   7.3467044e-02   1.9207033e-02   1.1156391e-01   1.5362841e-01   4.8126387e-02   2.4882955e-02   1.2328989e-01   4.8726392e-03   1.2077739e-02   2.6739928e-03   2.7350961e-02   1.3165592e-01   3.4991911e-02   1.1477790e-01   6.5992115e-02
   5.2118595e-02   9.9901741e-03   1.5478016e-03   2.9099531e-02   4.3329273e-02   9.3406447e-02   1.3428586e-01   3.7636688e-02   3.1343098e-02   1.7203894e-02   1.4638261e-01   1.5004458e-02   7.6843349e-02   1.2108217e-01   3.5244404e-02   1.5548165e-01
   5.2330172e-02   1.7090408e-01   5.7759259e-02   5.7858529e-02   9.0560102e-03   2.0603287e-02   1.4743957e-02   9.7007572e-02   9.1901171e-02   5.3841707e-02   3.4277988e-03   2.9950254e-02   1.1821435e-02   1.2812335e-01   1.9097006e-01   9.7013640e-03
   5.2988604e-02   1.2735450e-01   1.1537943e-02   7.6996890e-02   4.8800373e-02   1.6821235e-01   1.2046476e-02   5.7640231e-02   1.2711912e-04   4.9776502e-02   1.9176216e-02   1.9744338e-03   1.7883020e-02   6.2793874e-02   1.3678612e-01   1.5590534e-01
   5.3715781e-02   1.0412007e-02   3.3490265e-02   4.9251953e-03   6.6180719e-02   4.1213522e-02   1.1855400e-01   4.5482064e-02   3.9686606e-03   1.8393704e-01   1.5318723e-02   2.8664201e-02   1.6767713e-01   1.2279507e-01   4.2211813e-02   6.1453819e-02
   5.4774871e-02   6.4075061e-02   3.3388569e-03   5.6243986e-02   1.3062808e-01   6.6613200e-03   5.4298041e-03   7.5241210e-02   4.0752920e-02   7.8026641e-02   2.0509268e-02   1.0400093e-01   1.1992220e-01   1.1674413e-01   1.4030096e-02   1.0962063e-01
   5.5552406e-02   1.1372485e-01   1.0429341e-01   1.1832411e-01   3.2846626e-02   7.3538857e-02   1.2004418e-02   1.2673340e-01   2.1666213e-02   5.6287622e-02   1.1021799e-01   7.0589372e-03   9.5216148e-04   6.5175413e-03   8.3991919e-02   7.6289535e-02
   5.6651907e-02   2.3271005e-03   1.5974783e-02   5.5561701e-02   4.1434128e-02   2.0780572e-01   1.4787366e-01   1.1845386e-01   8.5234675e-02   6.1225586e-02   3.0888078e-02   4.2370731e-03   6.8402029e-02   1.9416219e-03   5.3872526e-03   9.6600819e-02
   5.6893803e-02   6.8930372e-02   4.5010224e-03   3.5227016e-02   1.7008428e-01   2.5775945e-02   2.5749774e-02   6.6050389e-02   2.8505287e-02   1.9647408e-02   1.3948286e-01   5.7720917e-03   1.6707120e-01   9.4003223e-03   3.4209071e-02   1.4269916e-01
   5.7704646e-02   6.7138193e-02   9.2595677e-02   1.4892639e-03   1.0569577e-01   2.5965124e-02   1.1782596e-01   5.8193933e-02   6.8616893e-03   1.9658589e-03   1.1452952e-01   3.3116412e-02   9.5116451e-02   1.3156142e-02   1.1327382e-01   9.5371540e-02
   5.8320563e-02   1.2150153e-01   6.1238314e-02   1.9154827e-01   1.5534319e-01   1.1311836e-01   1.8138951e-02   9.8897445e-03   1.9483749e-03   1.5401666e-01   6.8262270e-02   3.6054463e-03   2.7519295e-03   1.0787909e-04   2.5939487e-03   3.7614558e-02
   5.8666001e-02   4.8311732e-02   1.4100800e-01   5.4183818e-02   8.3476163e-03   2.3622182e-02   1.3538468e-01   1.5222493e-01   5.8037257e-04   3.9698997e-02   1.1649831e-01   2.8025754e-02   3.4761115e-03   5.3457329e-02   1.3595724e-01   5.5692429e-04
   5.8844475e-02   2.7704250e-02   2.6092082e-02   9.1292573e-02   1.0034217e-01   6.1672321e-02   2.6310875e-03   1.6571380e-01   4.9853934e-03   2.1942946e-02   2.3390093e-02   9.5911343e-02   6.7898339e-03   1.1813731e-01   1.6169900e-01   3.2851325e-02
   5.9505006e-02   1.1311384e-02   9.6629590e-02   3.3826206e-02   1.2319018e-01   2.7367846e-02   1.7823766e-03   1.4306469e-01   5.7157279e-02   3.2740935e-02   6.0016260e-02   2.0746840e-02   8.3980661e-02   1.4462702e-01   9.5068707e-02   8.9850138e-03
   6.0061598e-02   3.6935973e-02   2.7712513e-03   1.0141278e-01   1.2831004e-01   1.3033483e-01   1.2764712e-01   1.3440594e-01   7.3294589e-04   1.9879146e-02   1.0300048e-01   6.5698151e-02   1.3966853e-02   5.0838262e-02   1.5136758e-02   8.8678766e-03
   6.0803616e-02   8.6179377e-02   3.7170315e-02   2.3313195e-01   7.1152839e-03   7.8620242e-02   7.3351286e-02   2.8570647e-02   2.3644925e-02   6.6618044e-03   9.8213008e-03   1.9933180e-02   6.4760264e-02   1.1438545e-02   1.8095896e-01   7.7838304e-02
   6.1800651e-02   1.6743359e-03   7.2025306e-03   4.3788641e-02   1.3108782e-01   1.6098961e-02   5.1383338e-02   6.5036914e-04   1.6174715e-01   2.5763029e-02   4.3951924e-02   6.3604539e-02   1.0565706e-01   7.6873353e-02   7.3213089e-02   1.3550321e-01
   6.2391453e-02   1.7105934e-01   1.8037116e-01   1.5398291e-01   6.8061334e-02   5.1168927e-02   9.8333515e-02   2.0092182e-02   5.0457735e-03   1.2019564e-02   1.7469622e-02   5.1093887e-02   3.2895890e-02   8.3590937e-03   1.9118227e-02   4.8537122e-02
   6.2808074e-02   4.4652221e-02   9.2706013e-02   2.6125029e-02   1.3914383e-02   8.1488167e-03   1.4997037e-01   8.1505864e-03   1.5705966e-01   1.2460294e-01   6.5786941e-03   4.0090715e-02   1.7801784e-01   2.0080502e-03   6.9390609e-02   1.5775999e-02
   6.3067821e-02   1.1772564e-02   2.2270592e-04   5.3182743e-02   1.3024645e-01   9.5236473e-02   1.1621686e-02   2.8171175e-02   1.4548575e-01   4.7909462e-02   1.4573384e-01   3.1858390e-03   1.3999583e-01   7.5584509e-02   5.9702475e-04   4.7986127e-02
   6.3331835e-02   1.4791688e-02   9.0326203e-03   2.1725195e-02   6.7465192e-04   6.9225365e-02   9.5926541e-03   7.8847391e-02   3.5593721e-02   9.1955511e-02   1.1301074e-01   1.1967618e-01   1.2083635e-01   1.1125512e-01   3.7062453e-02   1.0338853e-01
   6.7192322e-02   1.2856728e-01   1.5303524e-02   1.0736279e-01   2.4823389e-02   9.2227654e-02   6.9784031e-02   2.6813662e-03   8.1922357e-02   1.2608787e-01   1.0481593e-02   4.0998501e-02   9.1218352e-03   2.0071763e-03   9.0181146e-02   1.3125717e-01
   6.9702006e-02   6.9825278e-02   5.8887455e-03   1.5287219e-01   2.1141968e-02   1.4160178e-02   1.3322696e-01   1.4185030e-01   7.3816336e-02   2.5796942e-02   6.9858193e-03   1.2885254e-01   1.1770300e-02   5.7280656e-02   2.4727724e-02   6.2102056e-02
   7.0891901e-02   9.1537837e-02   5.0742993e-02   6.0749756e-03   1.5753552e-01   5.6768479e-03   1.3578770e-01   2.0422966e-02   1.2195084e-01   2.3451609e-03   2.0788745e-02   1.1217493e-01   1.9316842e-02   9.0019201e-02   3.9174502e-02   5.5559040e-02
   7.1795582e-02   1.4406630e-01   1.8672907e-02   1.1989939e-01   8.4329578e-02   1.1184989e-02   5.1467806e-03   5.3880883e-02   1.2741017e-01   1.4872667e-02   1.0579710e-02   9.5391969e-02   7.6638657e-02   2.5268815e-02   1.1468387e-01   2.6177731e-02
   7.4163187e-02   1.2683698e-03   1.6768590e-01   1.3982213e-02   1.0434828e-01   4.7146685e-03   1.5802130e-01   3.3336425e-03   1.0017577e-02   3.1760061e-02   6.6896903e-02   9.4032294e-02   2.0461102e-03   1.4492951e-01   1.0263505e-01   2.0164939e-02
   7.5029775e-02   4.4086963e-03   7.2965817e-02   4.9085777e-02   2.4124050e-02   1.0198408e-01   3.8415103e-02   2.9028639e-02   2.0451691e-01   3.0004920e-02   3.6985972e-02   6.8029510e-02   1.3117666e-01   6.2258397e-03   9.1460212e-02   3.6558039e-02
   7.5149000e-02   1.9188100e-03   3.9817018e-02   9.4978219e-02   2.2839928e-02   7.3029561e-03   6.0059653e-03   1.2649310e-03   1.7785388e-01   3.6990086e-02   1.2589396e-01   1.4570194e-01   6.8160984e-03   1.7370480e-01   8.0446019e-02   3.3163819e-03
   7.5632788e-02   1.5872291e-02   1.3235909e-01   1.3597318e-02   2.1383577e-02   2.2894829e-02   1.2474118e-02   1.2593913e-01   1.3906756e-01   8.5191159e-02   5.3952006e-02   2.9734234e-02   4.5584718e-03   1.2392099e-02   1.5047276e-01   1.0447857e-01
   7.6201088e-02   1.1743383e-01   2.5326622e-02   3.3795483e-03   1.2321661e-01   1.3033411e-01   1.3966706e-02   4.9467264e-02   1.2063145e-01   3.5798241e-02   1.2752755e-02   4.3514005e-02   2.8427292e-02   7.1093938e-02   3.8318073e-02   1.1013846e-01
   7.6864970e-02   1.7205395e-02   3.8188466e-02   2.1788823e-02   1.4583703e-01   1.5962601e-01   7.0054017e-02   2.0111557e-06   7.3957886e-02   1.5388281e-01   5.8777653e-02   2.2389422e-02   8.2989966e-02   1.2279499e-02   8.3374649e-03   5.7818575e-02
   7.9006051e-02   1.6976884e-01   7.1914787e-02   8.7106412e-03   3.7706590e-02   1.8761934e-01   4.6454724e-02   1.1733091e-01   3.1067478e-02   7.0369383e-03   3.0066968e-02   5.2427060e-02   1.2608732e-03   3.6659105e-02   3.5188089e-02   8.7781609e-02
   7.9726452e-02   3.9958845e-03   7.7440979e-02   2.8960630e-02   2.3524446e-02   2.4806294e-02   7.3997894e-02   1.1483501e-01   2.5216214e-04   1.2976453e-01   1.7835346e-02   9.9004798e-02   1.5550516e-01   1.0963967e-02   1.4104900e-01   1.8337456e-02
   8.1597372e-02   2.5086372e-02   1.3031658e-01   6.0448390e-02   7.1917819e-02   5.2894991e-03   1.1172231e-02   4.6204614e-02   1.0308681e-01   5.7120931e-02   7.5190124e-03   1.0143695e-01   1.3375957e-02   1.1534789e-01   4.2906226e-02   1.2717334e-01
   8.2212543e-02   6.9606996e-02   1.5839087e-03   5.1752520e-03   1.2514191e-01   6.2486111e-03   1.3716629e-01   1.1939936e-01   1.4747864e-01   3.9525028e-02   4.4502295e-02   9.8575904e-03   5.0557580e-02   4.8220056e-03   2.8555067e-03   1.5386648e-01
   8.2926711e-02   5.2997527e-02   1.0530500e-01   8.4514407e-02   1.3741518e-02   4.6988816e-02   1.0715161e-01   1.3482587e-01   6.5152665e-02   4.4414123e-03   9.2559497e-02   1.3312143e-02   1.2583143e-01   2.2250064e-02   3.0607049e-03   4.4940617e-02
   8.3617237e-02   8.1649924e-03   2.7480597e-02   6.3146796e-02   2.2863259e-03   8.2018266e-02   7.7431862e-02   1.3375103e-01   1.1768376e-01   9.9392980e-03   9.3756123e-02   1.1490988e-01   3.1100566e-02   1.1420530e-01   8.3479515e-03   3.2160018e-02
   8.4081414e-02   5.0182486e-03   1.2468978e-01   2.0471246e-01   5.1099909e-02   8.9817102e-03   4.2721029e-02   4.4983548e-02   6.6255924e-03   4.6286532e-02   6.2868400e-02   3.5142754e-02   1.9377875e-01   6.3572744e-02   2.5075376e-02   3.6174793e-04
   8.4210729e-02   9.7847276e-02   1.1698647e-01   2.9603867e-02   2.2785011e-03   3.7735951e-02   1.2367749e-02   4.3839320e-02   1.2392483e-01   6.9937622e-03   1.5293394e-01   1.3949978e-01   8.8323018e-04   1.2589680e-01   1.8055769e-02   6.9420279e-03
   8.4596353e-02   1.9709992e-01   1.0695667e-02   5.0129907e-02   1.3812893e-01   1.0957342e-02   3.0102815e-02   8.0795878e-03   1.4587000e-02   5.7490200e-02   4.0515688e-02   1.8921790e-02   6.0079172e-03   3.3978126e-02   1.6739367e-01   1.3131508e-01
   8.5691862e-02   7.5612657e-02   2.7045772e-03   5.4001711e-02   7.8069577e-03   1.9465992e-02   1.4026130e-01   3.2964993e-02   1.8540663e-02   1.5064452e-02   1.9439849e-01   1.4428628e-01   1.3472523e-01   5.8883714e-02   4.2950093e-04   1.5161620e-02
   8.7869196e-02   9.8719446e-02   7.2090410e-03   1.3631124e-01   4.7626063e-03   1.4030590e-01   1.3942998e-01   8.5073217e-03   7.4548772e-02   1.8408816e-02   1.2553778e-01   4.0181530e-02   2.0447689e-02   5.9989223e-02   1.0566996e-02   2.7204471e-02
   8.8971967e-02   9.8961437e-02   1.0774516e-01   3.6422502e-03   7.5966175e-02   1.1409006e-01   6.5302866e-02   4.6756662e-03   1.2155300e-01   1.8197037e-02   7.1302954e-02   5.0733037e-02   6.0771213e-02   1.1525421e-01   1.5867519e-03   1.2462136e-03
   8.9131367e-02   1.0655117e-01   9.5773659e-03   8.6255972e-02   1.4859135e-02   4.0878921e-03   1.7003642e-01   7.8297926e-03   2.4688694e-02   7.3298822e-03   5.1759002e-02   1.5258028e-01   1.3464988e-01   3.6652988e-03   1.1948102e-01   1.7516831e-02
   8.9869117e-02   6.2375067e-02   6.0428388e-02   1.5466725e-01   6.3621644e-02   1.8485494e-02   6.2582373e-03   9.4507298e-03   2.9273843e-02   1.2651481e-01   1.2839072e-01   3.3512170e-02   3.6009085e-02   3.1599832e-03   1.6828513e-01   9.6983288e-03
   9.0488059e-02   1.9299281e-02   4.7795294e-02   5.7274758e-02   1.7205574e-01   2.9384874e-03   6.4519566e-02   1.6858456e-01   8.1498556e-03   1.8502996e-02   4.8200582e-03   1.6486876e-01   1.6269277e-01   1.2340238e-03   4.3800598e-03   1.2395737e-02
   9.0684439e-02   6.6276448e-03   3.3231182e-02   1.2238048e-03   9.1345157e-02   6.2774998e-02   1.2414561e-01   1.2438147e-02   7.4817478e-02   1.4625231e-02   3.2624634e-02   1.4442552e-01   1.2097691e-01   1.4601920e-02   1.3962197e-03   1.7406110e-01
   9.0811107e-02   4.9386207e-02   4.8280835e-02   1.8178173e-01   2.1203289e-02   3.1960811e-02   3.6987837e-03   2.4423969e-02   1.3335293e-01   2.8665303e-02   3.0252752e-02   3.8568766e-02   1.5373784e-01   6.1704317e-02   1.4657942e-03   1.0070556e-01
   9.3639575e-02   1.6080506e-02   8.8881412e-02   8.7109659e-03   1.2535478e-02   8.3173592e-02   2.1285305e-02   6.3922366e-02   7.6666685e-02   1.2523018e-01   6.6103073e-03   7.9791154e-02   1.7344564e-01   1.4402273e-01   4.0277944e-03   1.9763036e-03
   9.4243494e-02   5.7320746e-02   1.1968227e-01   4.4061524e-02   8.2689374e-04   1.4919537e-01   1.3659834e-02   4.0444896e-02   1.4934199e-01   1.1163925e-03   2.3994747e-02   1.9325352e-02   1.9126403e-02   6.3059957e-02   1.0403582e-01   1.0056432e-01
   9.5437457e-02   1.3153838e-01   8.5285717e-03   6.0493459e-03   9.6959513e-02   9.9520647e-02   8.8761293e-02   2.8669818e-02   4.7511699e-03   3.7201917e-02   2.6403365e-02   4.1089163e-02   1.2048353e-01   2.5604657e-04   7.8382351e-02   1.3596743e-01
   9.6998399e-02   1.3105460e-01   9.7426505e-03   1.3153018e-02   1.1814576e-01   9.8677568e-02   8.5338224e-02   1.3095177e-01   2.6352514e-02   8.5420006e-02   1.6979739e-02   3.8108342e-02   4.7511966e-02   4.4840252e-02   2.0911652e-03   5.4634028e-02
   1.0061109e-01   1.3123434e-02   1.2992332e-02   5.9510506e-02   3.3084068e-02   8.1529583e-03   1.9204249e-01   1.1181180e-03   6.1243692e-02   3.7020563e-02   7.4985513e-02   3.1376594e-02   1.7276469e-01   4.8047865e-02   1.0537520e-01   4.8550888e-02
   1.0142588e-01   5.7480917e-02   2.8787735e-02   8.7778782e-02   3.0286238e-02   9.7271356e-03   5.2777894e-02   9.5179239e-03   8.5410534e-03   1.6202173e-02   5.0625461e-02   1.4795190e-01   1.3512499e-01   1.0566595e-01   3.5536372e-03   1.5455233e-01
   1.0348086e-01   1.1163457e-01   1.8831263e-02   1.5568617e-01   1.0542873e-02   7.2142950e-02   3.7229500e-02   1.6853977e-02   5.3096487e-02   1.9569513e-02   3.0220767e-03   1.5025777e-01   2.4486897e-02   3.7321737e-02   6.7424951e-02   1.1841840e-01
   1.0401380e-01   3.5242387e-02   2.8395366e-02   7.9191932e-02   2.4612614e-02   4.1792025e-02   1.0153339e-01   3.0673295e-02   1.3129497e-01   1.1318121e-01   8.1459742e-02   4.6356414e-03   1.0652690e-01   5.6586899e-02   1.8129340e-02   4.2730494e-02
   1.0431868e-01   5.9712370e-02   6.6056434e-02   4.3215674e-02   1.6399342e-01   1.7274765e-01   4.7865903e-03   1.3328604e-01   7.3156004e-02   1.2671916e-02   6.6350442e-02   3.6123846e-03   5.4028190e-04   6.8726753e-02   2.5192515e-02   1.6328408e-03
   1.0434307e-01   2.2008377e-02   2.6215756e-03   2.1404759e-02   1.0799379e-01   1.7004404e-01   4.3878041e-02   9.3098900e-02   1.6773027e-02   2.0462316e-01   1.5255410e-01   4.4723851e-03   4.5823330e-04   1.7612446e-03   8.1883993e-03   4.5776891e-02
   1.0533231e-01   1.2762958e-01   1.0191026e-01   9.8263481e-03   1.1513711e-01   1.8168379e-03   3.2755590e-02   1.2711099e-01   4.8498919e-02   1.1587620e-01   3.0569890e-02   8.9863512e-03   2.5467522e-03   4.6061091e-02   1.0897096e-01   1.6970808e-02
   1.0612579e-01   2.0354327e-02   3.4248410e-02   4.2664159e-02   1.2449111e-01   5.6944326e-03   9.7120018e-03   1.8205229e-02   3.0365169e-02   5.1616120e-03   2.0690300e-02   9.5997202e-02   8.1198960e-02   1.3220462e-01   1.3602634e-01   1.3686033e-01
   1.0809575e-01   8.2122874e-02   1.5606692e-02   8.7966470e-02   5.4332217e-03   3.8868261e-03   2.9230173e-03   9.4027612e-03   1.2662454e-01   6.2959905e-03   5.2951415e-02   1.4087151e-01   3.3868067e-02   1.6913746e-01   4.2886610e-03   1.5052474e-01
   1.0977402e-01   8.1780970e-02   3.9395650e-02   1.0467514e-03   2.3148419e-03   1.2442428e-01   2.6529409e-02   1.6799728e-02   1.2663468e-01   2.4234664e-03   1.4152064e-01   1.5741809e-02   1.2186672e-01   1.0002857e-02   1.1970472e-01   6.0039443e-02
   1.0994187e-01   3.2413361e-03   1.4266564e-02   8.5093491e-02   6.3512056e-02   9.9478590e-02   6.9810949e-03   1.0709675e-01   2.4366676e-02   1.3960828e-01   2.9386490e-02   8.1758651e-03   1.2321078e-01   1.0501244e-02   2.8038931e-02   1.4709999e-01
   1.1085445e-01   2.3675557e-03   5.2155810e-03   7.4420573e-02   1.8975591e-01   1.3263692e-02   1.6939057e-02   3.0925367e-02   4.2841465e-02   5.9412075e-02   1.1157478e-02   4.2091514e-02   1.0209050e-01   1.0276466e-01   1.9025860e-01   5.6415232e-03
   1.1120681e-01   2.0114615e-04   1.5372746e-01   1.1174772e-03   1.4272900e-01   1.0640485e-01   2.2382638e-02   4.0556072e-03   8.2059218e-02   1.3265833e-02   1.8803050e-02   1.0278319e-01   5.7717818e-02   2.2725230e-02   5.2663674e-02   1.0815699e-01
   1.1183681e-01   4.0158959e-02   1.0305437e-01   1.1014453e-01   4.7487911e-02   1.4983801e-01   9.0046297e-03   4.5292877e-05   1.2164988e-02   1.6141541e-02   7.4580906e-02   1.3114163e-01   2.6846741e-02   1.9645879e-02   1.9146592e-02   1.2876121e-01
   1.1215173e-01   2.8672563e-02   1.5806492e-03   2.7629195e-03   1.1790091e-02   8.4949663e-02   2.5341110e-02   6.2263509e-02   1.8474640e-01   7.8459732e-02   1.6657705e-01   2.9252980e-02   1.3311283e-02   8.2553056e-03   1.7744891e-01   1.2436108e-02
   1.1230583e-01   1.7397693e-02   7.1606473e-02   4.7426809e-02   1.7456885e-01   4.4725511e-02   2.9050462e-03   5.3860300e-02   1.7168177e-01   9.9673273e-03   1.0216178e-02   3.1571478e-02   1.0918737e-01   9.2019079e-03   8.7660580e-02   4.5716869e-02
   1.1310584e-01   1.0862923e-01   5.1665374e-02   2.0366241e-02   4.2824121e-03   1.4370846e-01   1.7311628e-02   1.2349940e-01   1.6462192e-02   7.0594063e-02   1.2996503e-02   2.8932936e-02   3.1068755e-02   1.2135756e-01   1.2490975e-01   1.1109658e-02
   1.1443914e-01   1.2009452e-01   5.0895877e-03   1.0083792e-01   7.1369620e-03   9.0233749e-02   1.0863401e-02   9.5605782e-02   1.2213969e-01   1.1044342e-01   9.7862494e-02   1.7718201e-02   2.2789128e-02   2.3220273e-02   2.5502393e-02   3.6023331e-02
   1.1484736e-01   1.2259954e-01   9.0812445e-02   1.5560379e-01   1.4772639e-02   3.5029670e-02   3.8573318e-02   1.2776377e-02   1.4691638e-01   4.0080041e-02   1.6656471e-02   5.4081256e-03   3.1631409e-02   6.5539110e-02   9.2378503e-02   1.6374824e-02
   1.1605920e-01   5.5635892e-02   1.9137703e-01   1.9551011e-03   2.6899114e-02   9.9697190e-03   2.0687003e-01   1.3932295e-02   1.9839379e-01   3.0064372e-02   3.6047915e-02   2.5908958e-02   4.0234792e-02   2.6987014e-02   6.1989164e-03   1.3465865e-02
   1.1682558e-01   4.3811293e-02   2.4765960e-02   4.6167750e-03   1.2633497e-01   4.6268765e-02   1.0893065e-01   1.1446063e-01   4.2407730e-05   4.4598876e-02   5.4243930e-02   8.9211515e-02   1.1367556e-02   1.3834253e-01   5.3930011e-02   2.2248550e-02
   1.1685378e-01   7.0115685e-03   7.4751846e-02   1.3140729e-01   1.1982270e-01   2.9634469e-02   1.0664566e-01   1.1387302e-02   2.4786322e-02   4.8023419e-02   5.3957306e-02   1.0765673e-01   1.7045959e-02   1.1232625e-01   2.1427798e-02   1.7261582e-02
   1.1703638e-01   1.7031697e-02   1.6629308e-01   7.6035308e-02   1.8001452e-02   5.1816417e-02   3.6932475e-02   4.7305835e-03   6.1840061e-03   5.4490255e-02   1.2411470e-01   1.0776494e-01   1.6867598e-01   2.0198954e-02   1.8062381e-02   1.2631390e-02
   1.1725441e-01   4.9026411e-02   1.3649233e-01   1.1350092e-01   7.0584869e-02   4.4241582e-03   4.5539449e-02   1.3835803e-01   9.4315420e-02   9.6372488e-02   3.1458471e-02   1.3523954e-02   3.3179391e-02   2.0849980e-02   1.9438402e-02   1.5681311e-02
   1.1727634e-01   2.9207050e-02   7.9631868e-03   1.7479054e-02   2.4783365e-03   5.9881861e-02   4.2728168e-02   2.4899115e-02   1.3911570e-01   9.0053811e-02   1.5702051e-01   9.7180219e-03   5.6733617e-02   1.7023472e-01   3.2104150e-02   4.3106358e-02
   1.1825426e-01   1.0401620e-01   1.3319512e-01   2.1662464e-02   1.7720354e-02   2.8786078e-02   2.9138796e-02   1.4499983e-01   2.2071944e-02   2.4169216e-02   1.1229372e-01   1.1330379e-01   1.2735700e-02   6.0697120e-02   9.8846551e-03   4.7070760e-02
   1.2270066e-01   3.4618970e-02   5.3820708e-02   3.9169850e-02   1.6647107e-02   1.5687743e-01   1.0599856e-01   3.1717308e-02   1.1479474e-02   1.0688464e-03   4.4450836e-02   7.4131518e-02   7.8658936e-03   1.1483938e-01   2.9228759e-02   1.5538471e-01
   1.2392913e-01   7.7797898e-02   7.4025885e-02   8.6012980e-02   1.6079633e-02   1.4006153e-01   1.5234068e-01   6.8356146e-02   1.7443887e-02   7.8977167e-03   2.7790479e-02   1.0698597e-01   1.4949371e-02   8.3238319e-03   7.6513459e-02   1.4914103e-03
   1.2399122e-01   4.8979302e-03   5.1108963e-02   4.2838079e-02   3.2162805e-02   1.5022728e-01   6.0858175e-02   9.9771889e-03   9.6351101e-02   5.1381976e-02   5.8746221e-02   4.6253667e-04   1.9522853e-01   5.2526918e-02   5.6183049e-04   6.8679252e-02
   1.2547722e-01   8.4886338e-02   4.3589246e-04   5.0562072e-02   8.7951294e-03   4.2026727e-02   8.0609278e-02   3.7205726e-02   9.9118355e-02   3.1208703e-02   3.9157074e-02   7.7333565e-04   4.6111970e-03   1.8913326e-01   1.6396622e-01   4.2033470e-02
   1.2561778e-01   2.4399747e-02   1.3659495e-02   5.0226727e-02   1.3083118e-01   2.7895551e-02   1.2761613e-01   9.7310879e-04   7.3762830e-02   1.9268416e-02   6.0880844e-03   3.3233761e-02   9.3571359e-02   1.2817635e-01   8.9443180e-02   5.5236304e-02
   1.2619470e-01   1.9113786e-02   1.4392405e-01   3.6695476e-02   2.0185391e-01   2.4638880e-02   8.3072227e-02   4.7266278e-03   1.8843858e-01   9.5342267e-03   1.4808604e-02   8.3789245e-02   1.9330794e-02   1.7928975e-03   4.4870317e-03   3.7598969e-02
   1.2681659e-01   8.2563144e-02   4.9071022e-03   4.8238893e-02   3.9001932e-02   4.5794396e-02   9.5345599e-02   1.3136919e-03   4.3637082e-02   1.4770187e-01   1.6951182e-02   7.2024498e-02   1.1005848e-01   3.1226574e-02   5.5504320e-03   1.2886854e-01
   1.2708711e-01   2.4154680e-03   4.1403250e-03   1.0809181e-01   1.4826066e-01   7.3574626e-02   1.1603241e-02   1.6347776e-03   7.3264631e-02   5.5831785e-02   1.0041090e-01   1.5839514e-01   3.1146000e-02   2.7802456e-02   4.9356237e-02   2.6984828e-02
   1.2788665e-01   2.5602801e-02   6.4576722e-03   1.1508508e-01   4.5565611e-02   1.1057188e-01   1.4412759e-01   1.4504700e-01   1.1758944e-02   1.8617305e-03   7.1057231e-03   6.6393077e-03   6.4722691e-04   1.5257002e-01   7.4002986e-02   2.5069787e-02
   1.2802869e-01   5.3299108e-02   1.1101102e-01   5.2140451e-02   8.0007917e-02   6.0260384e-03   1.2220353e-01   5.0076062e-04   1.1483910e-01   3.9566536e-02   1.3231075e-01   8.5590965e-02   1.2589055e-02   6.8791528e-03   3.7472699e-02   1.7534235e-02
   1.2824792e-01   8.7686907e-05   1.4979780e-01   3.2069710e-02   1.4558818e-02   6.4746683e-02   1.3824992e-01   1.0052766e-02   2.6058098e-02   8.8576947e-02   1.4836954e-01   6.5603723e-03   4.8968946e-02   2.3730387e-02   6.4983825e-02   5.4940572e-02
   1.2855348e-01   1.3394647e-01   6.2318313e-02   1.0603999e-01   1.2526379e-02   7.6125542e-02   1.2191975e-01   3.7401953e-02   7.2621302e-03   1.4166417e-01   3.0895107e-03   5.5200465e-02   7.1504342e-02   1.2713024e-02   2.5015039e-02   4.7194413e-03
   1.2907355e-01   2.4239488e-02   1.8873442e-02   2.2189636e-01   8.3025777e-03   2.1679736e-02   7.3614476e-03   2.1125020e-01   1.1099550e-01   4.5326597e-02   2.1421485e-02   2.0426595e-02   1.4633923e-03   8.0657058e-02   7.6737417e-02   2.9515772e-04
   1.2951580e-01   5.4813321e-03   1.5388466e-01   1.8461472e-03   4.3192784e-02   4.4412689e-02   1.1590633e-03   9.2459345e-02   2.1332576e-01   6.3670861e-02   3.2029024e-03   2.8346587e-02   1.2605307e-01   3.7345523e-02   3.4413003e-04   5.5759346e-02
   1.2957313e-01   8.6302993e-02   1.4586457e-02   2.0975140e-02   1.0770501e-01   9.1511785e-02   6.9569737e-02   1.0169912e-03   1.3986988e-01   1.1994795e-02   1.1809564e-01   1.5112591e-03   3.7864535e-02   6.1306651e-04   1.5767707e-02   1.5304188e-01
   1.3020088e-01   2.8552993e-02   7.5435202e-03   1.4088914e-01   1.7560093e-03   4.4427661e-03   6.4842417e-02   5.7518776e-02   1.5311911e-02   1.2649931e-01   5.2561599e-02   8.9005258e-02   1.8175794e-03   4.9474842e-02   9.3929509e-02   1.3565348e-01
   1.3169402e-01   1.3050544e-02   1.8253558e-02   1.5851784e-03   1.7776547e-02   1.5975129e-02   1.5789718e-02   8.9761820e-02   7.5016499e-04   6.4623180e-02   1.4523926e-01   7.5379920e-02   1.2993685e-01   3.0958100e-03   1.2156509e-01   1.5552321e-01
   1.3206486e-01   6.6238339e-04   1.5494477e-01   5.6440795e-03   1.4589943e-02   2.0683589e-03   2.3406394e-02   4.3819394e-02   1.6305317e-01   1.5901036e-01   5.2544587e-03   7.0574165e-03   1.0406012e-01   3.7771966e-02   1.3163189e-01   1.4960440e-02
   1.3242128e-01   1.0719559e-02   1.5498458e-01   5.7525911e-02   1.4552235e-01   2.7056054e-02   2.7374927e-02   1.2103782e-02   6.6247526e-03   9.3055623e-02   1.3565145e-02   1.4904762e-02   8.9504314e-02   1.3092186e-01   5.6492547e-02   2.7222556e-02
   1.3313642e-01   8.1142912e-02   7.6163562e-02   3.1864733e-04   1.2062173e-02   1.2653321e-01   2.6264976e-02   7.2095625e-03   2.4455583e-02   6.7622700e-02   5.1101109e-04   1.4162843e-01   8.2163140e-02   1.3374150e-01   6.7313929e-02   1.9732245e-02
   1.3378328e-01   5.4410606e-03   7.9997371e-02   2.0454371e-02   1.1005367e-02   4.1434761e-03   2.2963353e-02   3.9367138e-02   6.3665384e-02   4.1061754e-02   2.6200676e-02   2.0034628e-01   1.0879053e-01   5.5884807e-02   8.1973451e-02   1.0492170e-01
   1.3399531e-01   7.5818029e-02   1.5286577e-03   4.1955230e-02   3.2143059e-02   1.5620919e-02   4.7954270e-03   1.7300646e-02   1.2194274e-02   1.7584421e-01   1.4179615e-01   1.6026809e-01   1.1275221e-02   5.3551405e-02   9.2378940e-03   1.1267548e-01
   1.3402941e-01   1.6641861e-01   1.1776679e-01   3.7320390e-02   1.3997819e-01   3.0428458e-02   2.2077680e-02   4.5107864e-03   6.7427334e-02   1.1558234e-02   1.1950947e-01   1.0850947e-02   1.3422845e-02   9.7861387e-02   8.5759819e-03   1.8263490e-02
   1.3405040e-01   9.6475068e-02   2.3875360e-02   9.0775985e-05   1.4458640e-01   1.4162480e-02   6.1443853e-02   1.1491110e-02   9.0479936e-02   1.4617461e-01   8.1036754e-03   8.5946537e-03   4.4926674e-02   1.1806028e-01   3.7898758e-02   5.9585972e-02
   1.3501528e-01   2.0381979e-02   7.9252146e-03   1.4438104e-02   1.1077357e-01   7.1211442e-04   1.3147297e-01   4.6386961e-02   1.4325233e-01   5.0945831e-02   1.6733287e-02   7.1520990e-02   1.2578265e-02   1.2854972e-02   1.3211314e-01   9.2894989e-02
   1.3719613e-01   1.2953962e-01   1.2406896e-02   1.1203379e-01   1.4014317e-01   1.6946697e-02   1.4015836e-02   1.9490564e-02   1.5035552e-02   2.2469497e-03   1.6014792e-02   1.3452383e-01   3.9445923e-02   1.0779279e-01   7.3921349e-02   2.9246120e-02
   1.3725779e-01   1.0011925e-01   8.0297977e-02   1.4857706e-01   1.5366428e-01   5.7802344e-03   1.2467087e-02   7.3625673e-02   1.3130173e-02   8.3438005e-02   5.5543317e-03   2.5172328e-02   6.1924553e-02   6.2385758e-02   4.0555132e-03   3.2549980e-02
   1.3778447e-01   4.9274424e-02   5.5361619e-02   5.1523512e-03   1.4565206e-01   8.3934956e-03   7.3493235e-02   2.2137345e-04   1.0925548e-02   3.0792449e-02   3.4182462e-02   1.2243397e-01   1.1664391e-01   1.9464749e-01   1.4860155e-03   1.3555134e-02
   1.3799094e-01   1.0465815e-01   4.3385444e-02   7.3312441e-02   7.9598109e-02   3.3467202e-03   1.3228580e-02   8.8368061e-04   8.0989967e-03   6.0194320e-02   1.5283414e-02   1.2112744e-01   8.9466288e-02   9.1175775e-03   1.3357986e-01   1.0672804e-01
   1.4034343e-01   1.3682473e-01   5.6078610e-02   5.0882549e-02   6.4813657e-03   4.7253630e-02   3.4045971e-02   7.3591089e-02   1.9808831e-02   4.3519292e-02   5.3975707e-02   9.9490115e-02   1.3999908e-01   1.7307826e-02   2.8202822e-02   5.2194948e-02
   1.4171495e-01   5.5409705e-03   7.3285043e-02   7.7884755e-02   1.4428056e-01   2.6830922e-02   8.1116325e-02   8.1138271e-02   7.2495529e-02   1.6639793e-02   7.2880639e-02   8.0314189e-03   1.6359306e-03   5.7060574e-02   1.0369193e-02   1.2909512e-01
   1.4187792e-01   1.1374319e-02   8.9296157e-03   1.3022363e-01   2.0045809e-03   5.7677394e-02   1.6422519e-02   6.9811257e-02   9.7953364e-03   3.4710896e-02   1.7891102e-02   7.3816284e-02   1.3562807e-01   1.3182088e-01   1.1358868e-01   4.4427516e-02
   1.4252019e-01   3.8626149e-03   7.4601051e-03   1.8838664e-02   1.4615326e-01   1.6601751e-01   5.8431754e-02   2.3639487e-02   2.1464688e-02   3.2284179e-02   1.7417674e-02   1.8664918e-02   1.0031263e-01   7.0125868e-02   1.3798411e-02   1.5900805e-01
   1.4392299e-01   1.0792858e-01   1.4746818e-01   7.5631502e-02   6.2329281e-02   1.2577789e-02   2.1938065e-02   8.0308797e-03   9.9809187e-02   2.6013145e-03   4.1465990e-02   2.7937742e-02   1.3847106e-02   1.5004008e-02   1.0529380e-01   1.1421360e-01
   1.4431361e-01   4.7493293e-02   9.8282279e-02   6.2876443e-03   5.2169060e-02   1.3079156e-01   4.7219562e-02   1.3530644e-01   8.0244463e-02   4.9927954e-02   3.0036053e-02   1.1752188e-01   4.9467183e-03   2.8437322e-03   1.7831326e-02   3.4784426e-02
   1.4451285e-01   1.2649466e-01   3.5744670e-02   8.2060439e-03   1.2324776e-02   5.1033955e-02   1.6947592e-01   2.9545667e-02   9.2160425e-02   1.9250064e-02   1.4457839e-01   2.8287170e-02   9.2074437e-02   1.7787000e-02   3.3294495e-03   2.5194533e-02
   1.4553471e-01   1.6578903e-01   1.1978346e-01   6.1068701e-03   4.9043784e-02   7.1888792e-02   3.1625670e-02   9.4747551e-03   4.9890130e-02   1.5484818e-01   2.9742022e-02   4.2768512e-03   5.4454732e-02   5.1962744e-02   1.9342446e-02   3.6235824e-02
   1.4607244e-01   5.6662523e-02   1.3504244e-01   1.4970081e-02   5.8791956e-03   1.0905944e-01   7.5619099e-02   6.7823191e-03   2.4640895e-02   9.2132216e-02   4.3263357e-02   1.4085705e-04   1.2859211e-02   6.2870525e-02   2.0840063e-01   5.6047772e-03
   1.4672045e-01   1.4298702e-01   5.9879180e-05   1.6742093e-02   3.3445569e-02   6.9217894e-02   2.2498002e-03   1.5493246e-01   1.0972245e-02   3.5651704e-02   4.5181813e-02   9.6705732e-02   1.4317392e-02   6.9604415e-02   1.3650385e-03   1.5984648e-01
   1.4699732e-01   1.7767191e-02   2.6992644e-02   5.4005954e-02   1.5894420e-01   6.7834927e-03   7.7332356e-02   8.0190532e-02   2.3841150e-02   1.2830799e-01   4.1295897e-02   3.2885205e-02   3.0142788e-02   2.6390017e-02   1.3041055e-01   1.7712708e-02
   1.4726995e-01   6.0451894e-02   2.0206991e-01   1.6092566e-02   9.7598016e-03   7.9397444e-03   3.9959652e-03   2.1256840e-02   7.5902585e-02   1.3565031e-02   1.7281001e-02   9.6071612e-02   8.2400950e-02   1.0283010e-01   1.2308159e-01   2.0030451e-02
   1.4899909e-01   1.2855911e-02   6.8330555e-03   6.9520753e-02   1.2793244e-02   4.1415696e-02   1.6116963e-01   2.8271649e-03   6.0877937e-02   5.3421527e-02   1.2817058e-01   8.5106440e-02   1.0063867e-02   9.8031324e-02   1.9551261e-02   8.8362523e-02
   1.5073952e-01   6.2888111e-03   4.4121919e-02   5.2028597e-03   4.0685435e-02   3.7857475e-03   4.0054776e-02   1.5116963e-01   2.6245047e-02   1.3779800e-02   9.1935570e-02   6.0215014e-02   2.0664408e-02   1.2841799e-01   1.6868815e-01   4.8005318e-02
   1.5120839e-01   1.1046522e-01   1.7552805e-02   1.1075695e-01   9.5078972e-03   2.3397535e-03   7.7284060e-02   3.4268682e-02   1.1415588e-01   3.4476642e-03   3.6021587e-02   1.7061508e-02   1.4612048e-01   1.9408628e-02   1.4033226e-01   1.0068250e-02
   1.5169846e-01   1.3406522e-03   9.0748854e-02   3.7179547e-03   3.2084734e-02   9.3806873e-02   2.6182680e-03   4.2710192e-02   4.2987121e-02   6.5471968e-02   1.4564350e-01   3.1391754e-02   8.4968279e-03   3.7492486e-02   9.0434395e-02   1.5935595e-01
   1.5180054e-01   1.5764539e-01   2.4714793e-02   1.8371851e-01   2.3379004e-02   4.4037582e-03   6.6788634e-04   8.1168234e-03   4.3313191e-02   6.2034067e-02   5.0776781e-02   6.8375300e-03   1.6619906e-01   8.0489946e-02   1.9828639e-02   1.6074087e-02
   1.5870334e-01   1.5915332e-01   1.5499950e-01   1.4457320e-02   9.9843006e-03   1.2986300e-02   5.0121195e-03   1.4344932e-01   4.5424408e-02   4.3489180e-02   3.0694390e-03   1.8346214e-02   6.4808923e-02   4.3959966e-03   3.0719821e-02   1.3100049e-01
   1.6091452e-01   3.4570947e-02   1.5654988e-02   2.9534944e-02   3.6311993e-03   1.2483441e-02   1.3397752e-01   1.6565211e-01   5.2657569e-02   1.0115659e-03   1.5080686e-02   8.6109142e-02   1.0198946e-01   7.8305548e-03   1.4416683e-01   3.4734517e-02
   1.6386872e-01   1.3844074e-01   2.2867799e-02   1.1826484e-02   8.1553502e-02   5.9138052e-04   1.2964809e-01   9.5620110e-03   1.6334177e-02   3.2652640e-02   1.2205572e-01   1.0186099e-01   3.3889798e-02   9.2349547e-02   2.9240946e-02   1.3257460e-02
   1.6471270e-01   3.6516665e-03   8.3506934e-02   8.0319074e-04   1.6295177e-01   1.2781535e-01   6.2124143e-02   5.0537167e-02   1.2333602e-02   9.1068058e-02   4.4492983e-03   3.0189682e-04   9.9256816e-02   8.5134024e-03   1.2736130e-01   6.1269639e-04
   1.6781183e-01   6.3578710e-02   1.2924227e-02   6.1066794e-02   7.0430885e-03   2.1167463e-02   3.0801600e-02   3.8735413e-02   1.3445494e-01   1.5432127e-01   4.5644108e-03   9.8595069e-02   4.7899787e-02   2.1615532e-03   9.0251125e-02   6.4622719e-02
   1.6885833e-01   1.2714024e-02   6.7197806e-02   1.3210996e-01   1.0081214e-02   3.4952616e-02   1.1386254e-01   1.0937693e-02   1.1419784e-01   3.1080060e-02   2.7885588e-02   1.3243333e-03   4.2912290e-02   7.1815456e-03   9.2829703e-02   1.3187446e-01
   1.6895686e-01   1.3898798e-01   4.0430490e-02   1.0100965e-01   1.9876213e-03   2.8895912e-02   1.6119543e-01   2.0409472e-02   1.4387032e-01   7.5083374e-02   6.1991339e-03   2.3954372e-03   1.5401256e-02   1.7761176e-03   1.9760716e-02   7.3640227e-02
   1.7197340e-01   2.2591329e-02   4.6749629e-02   6.6141775e-03   1.4054231e-02   1.2838975e-02   2.6508382e-02   1.2997935e-02   1.5114566e-01   2.4329089e-02   5.7433171e-02   3.2102677e-03   1.7573180e-01   2.5827054e-02   1.4739545e-01   1.0059945e-01
   1.7979194e-01   2.5315753e-02   3.5931483e-02   4.3597172e-03   1.1164613e-01   5.8402486e-02   1.3184481e-02   1.2135960e-02   9.2658845e-04   1.3733067e-01   1.1900367e-01   1.0703427e-04   5.7475344e-02   1.6380810e-01   5.0909537e-02   2.9671105e-02
   1.9484722e-01   2.3105615e-02   2.0526342e-02   1.4004908e-01   1.2535988e-02   1.9443193e-01   4.3497444e-02   3.2944909e-02   3.2713790e-02   7.5721929e-02   2.0578477e-02   3.8612203e-02   4.2235409e-02   3.7258044e-02   1.3481156e-02   7.7460466e-02
   2.0116071e-01   1.1547777e-02   4.3987150e-02   1.0202636e-02   3.0422741e-03   4.2868422e-02   1.3536168e-01   1.1524531e-01   5.1567983e-02   1.1549319e-01   8.2643518e-03   1.2761934e-01   2.5879122e-02   7.8490023e-02   1.3209041e-02   1.6060986e-02
   1.0000000e+00   0.0000000e+00   0.0000000e+00   0.0000000e+00   0.0000000e+00   0.0000000e+00   0.0000000e+00   0.0000000e+00   0.0000000e+00   0.0000000e+00   0.0000000e+00   0.0000000e+00   0.0000000e+00   0.0000000e+00   0.0000000e+00   0.0000000e+00
