   0.0000000e+00   0.0000000e+00   0.0000000e+00   0.0000000e+00   0.0000000e+00   0.0000000e+00   0.0000000e+00   0.0000000e+00   0.0000000e+00   0.0000000e+00   0.0000000e+00   0.0000000e+00   0.0000000e+00   0.0000000e+00   0.0000000e+00   0.0000000e+00   1.0000000e+00
   0.0000000e+00   0.0000000e+00   0.0000000e+00   0.0000000e+00   0.0000000e+00   0.0000000e+00   0.0000000e+00   0.0000000e+00   0.0000000e+00   0.0000000e+00   0.0000000e+00   0.0000000e+00   0.0000000e+00   0.0000000e+00   0.0000000e+00   1.0000000e+00   0.0000000e+00
   0.0000000e+00   0.0000000e+00   0.0000000e+00   0.0000000e+00   0.0000000e+00   0.0000000e+00   0.0000000e+00   0.0000000e+00   0.0000000e+00   0.0000000e+00   0.0000000e+00   0.0000000e+00   0.0000000e+00   0.0000000e+00   1.0000000e+00   0.0000000e+00   0.0000000e+00
   0.0000000e+00   0.0000000e+00   0.0000000e+00   0.0000000e+00   0.0000000e+00   0.0000000e+00   0.0000000e+00   0.0000000e+00   0.0000000e+00   0.0000000e+00   0.0000000e+00   0.0000000e+00   0.0000000e+00   1.0000000e+00   0.0000000e+00   0.0000000e+00   0.0000000e+00
   0.0000000e+00   0.0000000e+00   0.0000000e+00   0.0000000e+00   0.0000000e+00   0.0000000e+00   0.0000000e+00   0.0000000e+00   0.0000000e+00   0.0000000e+00   0.0000000e+00   0.0000000e+00   1.0000000e+00   0.0000000e+00   0.0000000e+00   0.0000000e+00   0.0000000e+00
   0.0000000e+00   0.0000000e+00   0.0000000e+00   0.0000000e+00   0.0000000e+00   0.0000000e+00   0.0000000e+00   0.0000000e+00   0.0000000e+00   0.0000000e+00   0.0000000e+00   1.0000000e+00   0.0000000e+00   0.0000000e+00   0.0000000e+00   0.0000000e+00   0.0000000e+00
   0.0000000e+00   0.0000000e+00   0.0000000e+00   0.0000000e+00   0.0000000e+00   0.0000000e+00   0.0000000e+00   0.0000000e+00   0.0000000e+00   0.0000000e+00   1.0000000e+00   0.0000000e+00   0.0000000e+00   0.0000000e+00   0.0000000e+00   0.0000000e+00   0.0000000e+00
   0.0000000e+00   0.0000000e+00   0.0000000e+00   0.0000000e+00   0.0000000e+00   0.0000000e+00   0.0000000e+00   0.0000000e+00   0.0000000e+00   1.0000000e+00   0.0000000e+00   0.0000000e+00   0.0000000e+00   0.0000000e+00   0.0000000e+00   0.0000000e+00   0.0000000e+00
   0.0000000e+00   0.0000000e+00   0.0000000e+00   0.0000000e+00   0.0000000e+00   0.0000000e+00   0.0000000e+00   0.0000000e+00   1.0000000e+00   0.0000000e+00   0.0000000e+00   0.0000000e+00   0.0000000e+00   0.0000000e+00   0.0000000e+00   0.0000000e+00   0.0000000e+00
   0.0000000e+00   0.0000000e+00   0.0000000e+00   0.0000000e+00   0.0000000e+00   0.0000000e+00   0.0000000e+00   1.0000000e+00   0.0000000e+00   0.0000000e+00   0.0000000e+00   0.0000000e+00   0.0000000e+00   0.0000000e+00   0.0000000e+00   0.0000000e+00   0.0000000e+00
   0.0000000e+00   0.0000000e+00   0.0000000e+00   0.0000000e+00   0.0000000e+00   0.0000000e+00   1.0000000e+00   0.0000000e+00   0.0000000e+00   0.0000000e+00   0.0000000e+00   0.0000000e+00   0.0000000e+00   0.0000000e+00   0.0000000e+00   0.0000000e+00   0.0000000e+00
   0.0000000e+00   0.0000000e+00   0.0000000e+00   0.0000000e+00   0.0000000e+00   1.0000000e+00   0.0000000e+00   0.0000000e+00   0.0000000e+00   0.0000000e+00   0.0000000e+00   0.0000000e+00   0.0000000e+00   0.0000000e+00   0.0000000e+00   0.0000000e+00   0.0000000e+00
   0.0000000e+00   0.0000000e+00   0.0000000e+00   0.0000000e+00   1.0000000e+00   0.0000000e+00   0.0000000e+00   0.0000000e+00   0.0000000e+00   0.0000000e+00   0.0000000e+00   0.0000000e+00   0.0000000e+00   0.0000000e+00   0.0000000e+00   0.0000000e+00   0.0000000e+00
   0.0000000e+00   0.0000000e+00   0.0000000e+00   1.0000000e+00   0.0000000e+00   0.0000000e+00   0.0000000e+00   0.0000000e+00   0.0000000e+00   0.0000000e+00   0.0000000e+00   0.0000000e+00   0.0000000e+00   0.0000000e+00   0.0000000e+00   0.0000000e+00   0.0000000e+00
   0.0000000e+00   0.0000000e+00   1.0000000e+00   0.0000000e+00   0.0000000e+00   0.0000000e+00   0.0000000e+00   0.0000000e+00   0.0000000e+00   0.0000000e+00   0.0000000e+00   0.0000000e+00   0.0000000e+00   0.0000000e+00   0.0000000e+00   0.0000000e+00   0.0000000e+00
   0.0000000e+00   1.0000000e+00   0.0000000e+00   0.0000000e+00   0.0000000e+00   0.0000000e+00   0.0000000e+00   0.0000000e+00   0.0000000e+00   0.0000000e+00   0.0000000e+00   0.0000000e+00   0.0000000e+00   0.0000000e+00   0.0000000e+00   0.0000000e+00   0.0000000e+00
   4.0488803e-04   8.5392807e-02   4.4735063e-02   3.8588495e-02   5.4126869e-03   1.3472764e-01   1.5793619e-01   2.8887433e-02   6.2735462e-04   3.4465154e-02   1.6386836e-01   8.1887925e-02   1.3078971e-01   1.7572467e-02   2.4142552e-02   3.1365154e-02   1.9196113e-02
   4.3265088e-04   1.8033484e-01   6.8008355e-04   7.3126207e-02   2.8794669e-02   9.3461835e-03   4.1576459e-02   9.5194467e-02   1.4946850e-02   3.7503248e-03   7.6029009e-03   1.8304557e-01   3.0959029e-02   1.0941309e-01   7.4667265e-02   2.6636695e-02   1.1949271e-01
   4.3873641e-04   7.8864801e-02   4.5401182e-02   8.6366409e-02   3.3304668e-02   8.7986629e-02   1.5379065e-03   6.5827161e-02   4.7704963e-02   1.4050200e-02   5.3476146e-02   2.0113185e-02   4.7878609e-02   1.6903286e-01   3.5511821e-02   1.4688556e-01   6.5619163e-02
   6.1627040e-04   1.3396853e-01   3.0594283e-02   4.3619880e-02   1.5716495e-01   5.4276373e-02   1.1000360e-02   1.0900622e-01   7.6940386e-02   1.0989414e-02   1.4834127e-01   2.0163127e-02   7.1415090e-02   3.3377723e-03   2.7547235e-02   1.2175246e-02   8.8843599e-02
   6.2162767e-04   4.8396798e-02   1.5183284e-01   6.6054299e-03   2.1953823e-02   2.2398180e-03   1.0786421e-01   2.1827693e-02   4.0449012e-02   1.7893554e-02   3.8654262e-02   1.3739934e-01   8.7927003e-02   2.8221940e-02   1.4014124e-01   1.1177830e-01   3.6193109e-02
   8.2299511e-04   2.6186891e-02   6.2989632e-02   1.2181006e-01   2.7684804e-02   1.2870989e-01   2.5026035e-03   6.7710662e-02   9.9814115e-02   1.2375729e-02   1.4512413e-01   1.4839192e-01   1.2683506e-02   7.6142399e-04   1.0728904e-01   2.2722502e-02   1.2420101e-02
   8.2376866e-04   1.2148111e-01   5.8211379e-02   1.3174019e-01   1.6168781e-02   4.2546487e-03   5.8500673e-02   1.1397836e-01   1.8161302e-02   2.2848358e-02   4.7937890e-02   8.5704691e-02   5.0782305e-02   3.0575647e-02   1.1079752e-01   5.9401645e-03   1.2209322e-01
   1.0198003e-03   5.2719046e-02   4.1649714e-03   1.5966990e-02   2.2739209e-03   5.4297440e-02   1.0869584e-01   2.8697906e-03   1.4800149e-01   1.3949089e-01   3.8459680e-02   1.1114620e-01   1.3117267e-02   4.5086007e-02   7.3655112e-02   1.4546767e-01   4.3567876e-02
   1.1644595e-03   1.5980326e-01   1.0719785e-01   5.1289594e-02   1.1798978e-01   1.4685220e-04   1.3933037e-01   6.8677104e-02   1.4255086e-02   3.4646336e-02   5.9695012e-03   1.4826285e-01   2.4127752e-02   2.5000644e-02   2.2946487e-02   6.3281730e-03   7.2863907e-02
   1.2897200e-03   1.4907506e-01   1.2876101e-01   6.8595930e-03   7.0486759e-02   1.2044188e-01   3.1969306e-02   1.6652258e-02   2.9841327e-02   2.9645839e-02   7.5092490e-03   1.0770203e-01   5.1712094e-02   1.3393692e-01   5.3945008e-02   3.6668931e-02   2.3503015e-02
   1.4456177e-03   1.0514331e-02   6.8686312e-03   1.4677245e-01   4.8104971e-02   9.4846108e-02   1.5050960e-01   1.7852184e-02   1.7807307e-01   1.3393014e-01   4.8804044e-02   3.7991999e-02   1.5214814e-02   1.9578015e-02   2.5748502e-02   4.6611242e-02   1.7134285e-02
   1.7007580e-03   5.6338619e-02   1.1723975e-02   4.7522813e-02   1.3338426e-01   1.4618023e-01   4.6088742e-02   1.4902611e-01   1.4336937e-02   9.0170512e-02   6.3460278e-02   2.0821622e-02   2.7896020e-02   4.3834819e-02   1.6449612e-02   1.8901449e-02   1.1216324e-01
   1.7296305e-03   4.3318698e-02   1.0076993e-01   1.5835689e-04   2.4676290e-03   5.8472267e-02   2.8112978e-02   1.0075161e-01   5.1401948e-03   1.9798775e-01   6.3988898e-02   2.0404470e-04   1.7723019e-02   8.6458420e-02   7.8735263e-03   1.1560653e-01   1.6923653e-01
   1.9977266e-03   7.6945048e-04   1.5008288e-01   1.1252923e-01   5.9191556e-02   3.2396100e-02   2.4071796e-02   3.6233275e-02   1.1431426e-04   1.2905325e-01   6.1216400e-02   1.1607869e-01   7.0795139e-02   1.1894805e-01   3.2017559e-02   3.5568245e-02   1.8936345e-02
   2.0244476e-03   3.8259663e-02   2.2292325e-02   1.6422425e-01   1.2464799e-01   4.0292181e-03   4.6099582e-02   1.2881556e-04   1.3450656e-01   7.6581271e-02   5.8420912e-03   3.2874962e-02   1.0442098e-01   6.2065259e-02   5.6114058e-02   4.8157467e-02   7.7731061e-02
   2.0704721e-03   1.3899495e-02   5.4491667e-03   7.5085565e-02   1.7099687e-02   1.2706829e-02   2.7518768e-02   1.2569046e-01   5.4911095e-02   1.4431056e-01   6.3207157e-02   1.1154073e-02   1.4051553e-01   1.1777795e-01   1.6633373e-02   1.3673010e-01   3.5239722e-02
   2.5638224e-03   3.2522955e-02   3.0959310e-02   1.7073495e-01   1.5223165e-02   1.0520291e-01   7.1845367e-02   1.3669583e-02   9.1708366e-02   9.5531194e-02   3.2530189e-03   2.9362742e-04   1.8371215e-02   1.2974496e-01   6.5727228e-02   1.5128813e-01   1.3601947e-03
   2.9973919e-03   1.2522645e-02   9.5802716e-03   1.2415423e-02   1.4480344e-01   9.5267519e-02   1.4045511e-01   4.3327547e-02   2.9783368e-02   8.5455778e-02   1.5085218e-01   3.1652683e-02   7.2403504e-02   2.7192054e-03   6.2217494e-03   3.1861635e-02   1.2768055e-01
   3.0730359e-03   3.1045542e-02   7.6484888e-02   1.4280767e-01   8.2879373e-02   7.7460627e-03   2.7310151e-02   2.0098582e-02   1.2141862e-01   2.6394702e-02   1.3813568e-01   2.3504169e-03   1.1278687e-01   1.1565025e-02   1.4197365e-01   1.5799242e-02   3.8130490e-02
   3.1183228e-03   2.5869904e-03   1.5075164e-01   8.9924115e-03   1.0781650e-02   1.2223125e-01   1.4762892e-01   7.7099473e-03   2.8852875e-02   1.3225796e-02   7.0452734e-03   5.7445813e-02   1.5210385e-01   3.2966263e-02   9.6893015e-02   1.3523624e-01   2.2429742e-02
   3.3152563e-03   3.5191074e-03   7.5950528e-02   8.0488896e-03   1.6295567e-03   1.5956466e-01   3.6635252e-02   1.2986269e-01   1.8927359e-02   1.2101057e-01   1.8727015e-02   1.3975767e-01   2.6831843e-02   4.6116375e-02   1.4920495e-01   2.6080468e-02   3.4817817e-02
   3.4078891e-03   1.3175558e-03   3.6868567e-02   1.2810058e-01   3.1298879e-02   8.7505632e-02   5.5122287e-02   5.3908724e-02   5.0723354e-03   1.0613353e-01   8.5178819e-02   9.7862478e-02   1.0748596e-01   3.1495770e-03   1.0909608e-01   7.6074526e-02   1.2416581e-02
   3.5447755e-03   6.1089127e-02   7.6062454e-02   1.3759831e-05   1.4661345e-01   2.0391694e-02   4.7389648e-02   1.1641972e-02   1.3969259e-01   6.5590210e-02   5.2750535e-02   8.4742170e-05   6.6945978e-02   1.6462579e-01   2.5596038e-03   8.9943921e-02   5.1059746e-02
   3.5609861e-03   1.2704644e-01   1.8863394e-02   1.3861763e-01   6.0277436e-02   3.6151417e-02   1.2977315e-01   3.2634401e-02   2.9510058e-03   4.0539299e-02   3.2866823e-02   8.1410876e-03   1.3008649e-01   4.3952691e-02   3.5100739e-02   9.1920821e-02   6.7516187e-02
   3.6799080e-03   1.3820755e-01   1.2707676e-02   3.4563484e-02   3.3810116e-02   7.5282443e-02   4.7711709e-02   2.3139292e-03   1.0368085e-01   1.3590711e-01   5.0735531e-03   3.7610869e-03   5.7698144e-02   1.1391982e-02   9.0717442e-02   1.3714491e-01   1.0634811e-01
   3.7182941e-03   8.5946788e-02   1.2729126e-01   1.1016506e-01   2.6292798e-02   1.7867948e-02   2.8257679e-02   1.1829946e-01   2.0213537e-02   3.8032387e-02   6.3209076e-03   2.0235844e-02   1.2320258e-01   1.4373400e-01   6.6377855e-02   6.0144326e-02   3.8992773e-03
   3.7405783e-03   2.5742761e-03   9.2248929e-02   9.4153672e-03   1.6010969e-03   3.2792166e-03   1.4661556e-01   9.8661031e-02   1.5691420e-02   8.7641417e-02   1.0726627e-01   1.4904007e-01   1.4475014e-01   2.4780154e-02   1.2707714e-02   9.3248715e-02   6.7380407e-03
   3.8697202e-03   1.1231474e-01   1.4205122e-03   3.2188079e-02   3.2205659e-02   3.6691952e-02   5.0602413e-03   1.4108932e-01   1.4708338e-01   4.3060366e-02   1.4704822e-01   8.5765532e-02   1.0695930e-02   3.1045896e-02   3.2417654e-02   3.2592791e-03   1.3478351e-01
   3.9381549e-03   1.3424816e-01   3.5858875e-02   1.1772489e-01   1.5507480e-01   1.2155504e-02   9.6356244e-03   5.2771403e-02   9.0213925e-03   1.4175441e-01   7.6900383e-03   2.0754655e-02   8.6285095e-02   4.5012411e-02   6.2723757e-02   1.0334260e-01   2.0082186e-03
   4.4507364e-03   8.1791911e-02   1.3510103e-01   6.8534048e-04   1.1432644e-01   6.5787930e-02   1.4691118e-02   1.4082656e-01   7.4009731e-02   1.1104360e-01   2.1216572e-03   5.3421121e-02   2.2412564e-03   1.5319892e-01   1.6641494e-02   6.1017492e-03   2.3559417e-02
   4.8661860e-03   5.5968997e-02   2.5201159e-02   5.2798886e-03   1.8159013e-02   1.6196714e-02   7.1562475e-02   7.5092922e-02   9.3339882e-03   1.2478509e-01   2.6001773e-02   8.5426078e-02   6.3531615e-02   1.5530952e-01   5.7139967e-03   1.1159628e-01   1.4597431e-01
   4.9020286e-03   2.1579150e-02   1.4474411e-02   1.1097666e-01   9.7006785e-02   8.0428931e-02   7.4042246e-02   9.8027866e-02   2.7805485e-02   1.1891565e-02   2.6452919e-03   1.0662232e-01   5.5745504e-02   1.3719898e-01   6.7954036e-03   1.3147757e-01   1.8379798e-02
   5.1437944e-03   1.2493011e-01   8.8119558e-02   1.5045214e-02   6.3296339e-02   4.9879994e-02   1.2422449e-01   4.8570089e-02   3.5635882e-02   4.5889031e-03   1.3164627e-01   1.2698497e-02   9.6293801e-03   9.8332617e-02   1.3855092e-01   4.1100803e-02   8.6071362e-03
   5.2761147e-03   5.5421299e-02   6.3513500e-02   6.6248232e-02   5.6266249e-02   1.8224096e-01   1.7985365e-02   1.5096990e-01   3.8687901e-02   1.1449051e-01   5.2590463e-02   2.4810133e-02   2.6768327e-03   4.7948337e-03   7.9361158e-03   1.4590292e-01   1.0188659e-02
   5.3435006e-03   1.0136946e-01   2.1117358e-02   2.7630230e-02   1.3988946e-01   4.1835557e-02   1.0681329e-02   1.7761295e-02   7.7230424e-02   4.9213922e-02   1.2421931e-01   1.3726601e-01   1.7887653e-02   9.4337808e-03   1.5670954e-01   5.8362389e-02   4.0487813e-03
   5.4797201e-03   2.9559770e-04   3.1748475e-02   4.5142893e-03   5.1918463e-02   1.2127264e-02   1.2150333e-01   8.4999467e-02   1.2547577e-01   6.4940709e-02   4.5221261e-02   1.1395095e-01   2.9331885e-02   1.5141965e-01   4.5693980e-03   1.3686365e-01   1.5640125e-02
   5.6548419e-03   1.8550526e-02   2.4434532e-02   1.3229625e-01   8.5357059e-02   9.5522829e-02   7.2427888e-03   7.4767298e-02   2.7077270e-03   4.0152986e-02   5.4731900e-02   3.1814891e-03   5.6346354e-02   1.3339078e-01   9.2319750e-02   3.6749797e-02   1.3659310e-01
   5.7332051e-03   6.7072044e-03   9.5433384e-04   3.9412166e-02   6.5700476e-02   6.7227084e-02   2.7283278e-02   7.1194309e-02   2.2206843e-01   1.2620399e-01   3.4130272e-02   2.0087838e-02   3.7122754e-04   2.1684139e-02   5.2184611e-02   1.6829049e-01   7.0766957e-02
   6.0334909e-03   8.9598359e-02   2.2927106e-02   1.3954178e-01   7.5016666e-02   5.3695776e-02   5.0886705e-02   1.4590013e-01   7.3270708e-02   9.1771273e-02   3.1110461e-02   3.2035528e-02   6.8777342e-02   3.7941278e-02   2.1187470e-02   4.2807652e-02   1.7498270e-02
   6.4073188e-03   2.9083172e-02   4.4133146e-02   1.6740689e-02   6.6915741e-02   1.8203155e-01   1.1772434e-02   6.0938297e-02   6.1368639e-02   4.2499826e-02   2.4946226e-03   3.6847378e-02   3.5875840e-02   1.0809957e-01   1.2729221e-01   1.5932612e-01   8.1734542e-03
   6.4925107e-03   3.3793203e-02   8.5557081e-03   9.0581945e-03   5.7538048e-02   3.7703188e-02   1.1842736e-01   7.5884330e-02   1.8263303e-02   7.6756038e-02   1.2735315e-01   4.4553654e-02   4.9729107e-02   3.6766250e-02   1.1461876e-01   1.0465621e-01   7.9850990e-02
   6.5560596e-03   2.7245383e-02   2.9450825e-02   1.7090105e-01   1.5811596e-01   8.3719999e-02   6.7222024e-02   4.1375004e-02   5.2350430e-02   1.8642726e-02   1.1301222e-01   1.7500784e-02   1.4009631e-01   2.2646992e-03   4.8843391e-02   1.1028734e-02   1.1674408e-02
   6.7018494e-03   4.8475170e-02   1.6874783e-02   8.2896956e-02   1.1695660e-01   1.3660113e-01   1.2403842e-01   2.6424773e-02   7.1308545e-04   9.6150797e-04   5.6979935e-02   1.0935993e-02   9.2367893e-02   1.6894750e-02   6.4808732e-02   7.2180527e-02   1.2518790e-01
   6.8725162e-03   4.6466172e-02   7.5743794e-02   3.0981536e-02   7.8463930e-03   1.5553634e-01   1.2003125e-01   5.1493571e-02   3.2395186e-02   2.9564393e-03   1.3237947e-01   4.3684927e-03   5.5389182e-02   3.0765654e-02   1.1146775e-01   7.4383248e-02   6.0923010e-02
   6.8855200e-03   7.0262762e-03   4.7774099e-02   1.5939312e-03   3.2143993e-02   9.6328470e-02   1.0943486e-01   4.5074512e-03   7.4275322e-02   1.2603189e-01   9.2606846e-02   2.0461269e-02   4.6428744e-02   9.4451187e-02   6.0394231e-03   1.1080916e-01   1.2320156e-01
   6.9718103e-03   5.6301922e-02   2.1528692e-02   1.2557253e-01   3.0915443e-02   9.6999440e-04   3.7322383e-02   1.5729474e-02   1.0620363e-01   4.5411200e-03   2.2119252e-02   4.5193537e-02   1.5605445e-01   8.7612031e-02   8.4874948e-02   1.7818081e-01   1.9907972e-02
   7.5937958e-03   3.4554891e-02   9.5072934e-02   9.0390552e-02   2.4703506e-02   3.7598566e-02   2.8855014e-02   8.8021137e-02   1.5545638e-02   3.5603292e-02   1.3669965e-01   1.3287883e-01   3.4754096e-03   3.6540466e-02   8.1335603e-03   1.0254183e-01   1.2179093e-01
   7.8116343e-03   6.6060267e-02   9.5846836e-02   2.8638963e-03   5.4281396e-02   1.3223043e-03   1.0233105e-01   2.4126107e-02   1.3862435e-01   5.2640660e-02   6.5320423e-03   5.3309763e-02   7.9162488e-02   7.0275804e-02   4.4377076e-03   9.8413602e-02   1.4196009e-01
   7.8909897e-03   4.5976565e-03   3.6241533e-02   3.5937656e-02   1.0493034e-01   8.0764698e-02   8.6383536e-02   1.0682251e-01   7.3256829e-02   4.8866194e-03   1.0078055e-01   8.4251111e-02   6.8828069e-02   1.1083721e-01   3.9278246e-03   7.4300303e-04   8.8919865e-02
   8.0892380e-03   3.3557913e-02   4.9791091e-02   5.9366266e-03   1.1465561e-01   2.5415859e-02   1.5819406e-03   2.4574362e-02   6.1405441e-02   1.2329815e-02   2.2958181e-02   6.5894197e-02   1.0930859e-01   1.3029134e-01   1.1881388e-01   8.3851585e-02   1.3154432e-01
   8.1879557e-03   4.5052789e-02   1.6081021e-01   6.6088351e-02   2.1376422e-02   5.6372826e-02   2.7834848e-03   3.4766005e-02   1.6026078e-02   4.1032516e-02   1.9232059e-01   4.3064493e-02   2.0165821e-02   1.5699704e-02   1.5698754e-01   1.1463485e-01   4.6303597e-03
   8.2054969e-03   9.2093710e-02   1.3570035e-01   9.3768188e-02   4.1826987e-03   1.0970526e-01   2.9672528e-02   1.0618017e-01   2.1392695e-03   5.8105149e-02   1.0303262e-01   2.5091729e-02   3.6532222e-02   7.7234999e-02   6.4956824e-02   4.5035433e-02   8.3633429e-03
   8.2986204e-03   6.3991611e-02   1.1428418e-01   1.1618714e-02   3.7958298e-03   7.4371575e-02   1.2355923e-01   5.2249504e-02   1.6615602e-01   2.3082903e-02   6.7618021e-02   2.6524938e-04   4.0275199e-02   2.3387984e-02   1.6645498e-01   2.6237548e-02   3.4352830e-02
   8.3485924e-03   3.6312375e-02   1.2781917e-02   3.6719771e-02   1.7297789e-02   2.4696203e-02   1.5809291e-01   1.4451935e-01   3.0620344e-02   1.8296861e-03   6.1047303e-03   3.0980889e-03   1.2233892e-01   1.2871359e-02   7.4068789e-02   1.5798766e-01   1.5231152e-01
   8.4285125e-03   1.2924414e-01   1.1115147e-01   2.8235388e-03   3.5410122e-02   1.2271142e-01   1.6677863e-02   3.3831469e-02   1.4123265e-01   8.2024625e-03   1.8412350e-02   2.0289354e-02   1.2763999e-01   1.8408880e-02   3.7758458e-02   2.6098978e-02   1.4167836e-01
   8.5487518e-03   3.1075289e-02   6.8993020e-02   3.4595470e-02   1.3945518e-01   3.4003932e-02   1.5931161e-02   1.4344699e-01   8.1700667e-02   2.1028758e-03   7.0026573e-02   5.9636167e-02   3.7780842e-02   2.9032571e-02   1.6398343e-01   4.3461383e-02   3.6225701e-02
   8.5706098e-03   9.9773556e-02   1.6969988e-02   1.1196953e-02   1.1468325e-01   5.5560252e-02   8.0973765e-02   1.0502082e-02   2.2012293e-03   1.1535616e-01   9.1136645e-02   3.8313373e-03   3.7097390e-02   1.2139968e-01   9.4592285e-02   1.1662537e-02   1.2449227e-01
   8.6811829e-03   1.2387992e-01   7.8027611e-02   4.8084254e-02   1.1197840e-01   2.9682400e-02   1.6194727e-02   1.5099048e-01   1.0041758e-02   7.9309763e-02   1.4527193e-02   1.6954097e-02   1.2176922e-02   1.4245332e-01   3.2325600e-03   2.1006582e-03   1.5168476e-01
   8.8652150e-03   1.3499821e-01   5.5059121e-02   8.0271027e-02   2.3303360e-02   6.2700482e-02   1.2646014e-01   9.9584994e-02   4.4927447e-02   3.5550389e-02   1.0879097e-02   1.1990361e-01   3.7650649e-02   2.8059866e-02   1.6043129e-02   1.0991772e-01   5.8255404e-03
   9.5584164e-03   1.4534493e-02   1.0373840e-02   6.3343719e-02   9.6250814e-02   8.6687481e-03   6.7922551e-02   4.4476818e-02   1.2134105e-01   1.0953670e-01   8.4216590e-02   1.1204552e-01   9.7866752e-02   1.4999255e-02   3.8900893e-02   6.8792198e-02   3.7171651e-02
   1.0157965e-02   1.6549796e-01   3.8632666e-03   4.0515490e-03   1.3468313e-01   7.9974063e-02   1.8393271e-02   1.2489745e-01   8.9577585e-03   6.8348960e-02   4.3026840e-02   6.0792781e-02   1.5063443e-01   1.3367617e-02   3.8959899e-02   1.2585659e-03   7.3134508e-02
   1.0279071e-02   3.8459338e-02   1.0831951e-01   1.0079468e-01   1.1304045e-01   6.3578282e-02   2.8517590e-02   4.6457220e-02   5.2541080e-02   2.9381009e-02   1.1108155e-02   5.3218401e-02   1.1838864e-01   8.8931294e-04   1.4981262e-03   1.1042749e-01   1.1310163e-01
   1.0350370e-02   6.3934216e-02   2.5427089e-02   2.3138806e-02   1.2627502e-01   9.4177034e-04   1.2405622e-01   1.9861382e-03   1.3274131e-01   2.0906453e-02   1.2937665e-01   5.7565969e-03   1.1775802e-01   8.9201977e-02   2.9341440e-03   6.0792355e-03   1.1913599e-01
   1.0413505e-02   1.1669136e-01   1.5471522e-01   3.4962740e-02   9.6046888e-02   1.0215066e-01   1.6299825e-02   1.1919307e-01   4.2167196e-02   7.3577048e-02   4.6676730e-03   1.7488800e-02   6.8880848e-03   1.1168494e-02   5.9478707e-02   9.5470640e-02   3.8620082e-02
   1.0543176e-02   1.8461201e-02   1.2056331e-01   4.1861945e-02   1.5378094e-02   2.3118897e-02   1.2141381e-01   2.7962273e-02   9.9779373e-03   2.9755873e-02   1.5861380e-01   7.7713987e-02   3.7295912e-02   3.6076997e-03   1.5764342e-01   1.3673605e-03   1.4472131e-01
   1.0694063e-02   5.9976574e-03   1.6679720e-02   1.3872761e-02   2.0375362e-02   1.8922214e-01   8.3854661e-02   1.8267468e-01   2.4909634e-02   1.2293858e-01   1.7395650e-01   3.6412362e-02   3.5295828e-02   1.6277181e-02   2.6726550e-04   7.0023669e-03   5.9569244e-02
   1.0752006e-02   3.8928033e-02   9.2845865e-02   5.1774941e-04   8.6302844e-02   1.2404314e-01   9.1218459e-03   3.4095186e-02   5.3607063e-02   1.5563565e-01   7.9405289e-02   3.9722622e-02   7.6814561e-02   1.3395214e-01   3.8151947e-02   5.5950496e-03   2.0509021e-02
   1.1524566e-02   1.1886474e-01   1.7100959e-02   1.1606995e-01   1.8983685e-02   2.4412585e-03   5.7740208e-02   2.4941053e-02   6.7393424e-03   6.4151424e-03   4.0299272e-02   1.3517710e-01   1.4140037e-01   9.9221144e-03   6.3664926e-02   1.8595831e-01   4.2756998e-02
   1.1543983e-02   8.6176635e-03   1.2649940e-01   3.4783432e-02   4.0519509e-02   1.2177473e-01   1.4132802e-01   2.0596198e-02   1.3105970e-01   3.8399718e-02   5.6527226e-02   2.6813221e-02   1.6262049e-03   1.1303522e-01   1.3812364e-02   9.8790481e-02   1.4272923e-02
   1.1825527e-02   1.8369962e-01   4.5338734e-03   2.3793076e-02   1.7683996e-02   6.1276511e-02   5.4384654e-02   1.7006443e-01   5.9889687e-03   7.2822843e-02   8.9158199e-02   5.2514970e-02   7.2548346e-02   5.5441015e-02   7.2147568e-02   2.1898749e-02   3.0217653e-02
   1.1832023e-02   7.9368105e-02   2.2538759e-02   8.3694576e-03   3.4307020e-02   1.6371212e-01   7.0047604e-03   1.6628863e-01   1.5559577e-01   3.7545239e-02   2.0132086e-02   3.8318230e-02   8.3912281e-02   2.4021883e-02   5.6780738e-02   8.0514122e-03   8.2221487e-02
   1.1965241e-02   2.7484191e-03   6.5298593e-02   1.0980496e-01   7.4548468e-03   1.1124687e-02   1.2751010e-01   2.5753302e-02   4.5933723e-02   3.0496511e-03   1.0827194e-01   1.1850500e-01   1.1658751e-01   5.9129172e-02   2.9397279e-02   5.1444533e-02   1.0602104e-01
   1.2249898e-02   1.2977879e-01   2.6980643e-02   5.2218325e-02   9.9560034e-02   8.6424299e-02   2.1506625e-02   4.0277857e-02   4.9735405e-02   2.6645750e-03   4.5109510e-03   1.1004672e-01   7.7628351e-03   2.7850832e-02   1.3753030e-01   5.6258166e-02   1.3464374e-01
   1.2345257e-02   1.1246474e-01   1.9734356e-02   5.0955533e-04   3.9909156e-02   1.0678984e-01   1.7467536e-02   2.3103980e-02   9.8627315e-02   1.2333321e-01   2.7630422e-02   1.4724557e-01   4.6406197e-04   3.8180452e-02   6.3508401e-02   2.5188076e-02   1.4349807e-01
   1.2352164e-02   1.3463220e-01   9.9284707e-02   1.6292606e-02   6.7783582e-02   4.5228581e-02   1.3423871e-01   9.5978317e-02   3.6486139e-03   8.5927054e-02   1.2358199e-01   7.2102898e-02   2.1923627e-02   4.0439963e-02   3.0150437e-05   4.1842187e-02   4.7126524e-03
   1.2470389e-02   7.7756745e-02   1.0056074e-02   4.0036261e-02   2.9033640e-03   1.0685755e-02   9.5300659e-02   1.4633005e-01   1.6517658e-02   1.5367047e-03   1.2325540e-02   1.5267944e-01   6.0854818e-02   9.7193703e-03   9.5485775e-02   1.0496942e-01   1.5037198e-01
   1.2824069e-02   1.3070883e-02   1.1330276e-02   1.4040583e-01   8.9239882e-03   3.4374597e-02   4.4765310e-02   1.1053336e-02   3.9254575e-02   1.0908565e-01   6.8583525e-02   1.3389395e-01   1.2711830e-01   1.3508543e-01   3.3438616e-02   3.5800172e-03   7.3211652e-02
   1.2841643e-02   1.4178891e-01   4.7051364e-03   2.9969539e-02   1.1418844e-01   1.6367827e-02   1.4524603e-01   1.1276759e-01   1.9876390e-03   1.0420832e-02   8.2909066e-02   8.3978363e-02   1.3268596e-02   1.5060285e-01   8.3583744e-03   6.3954729e-02   6.6444463e-03
   1.3815170e-02   1.1511626e-01   7.0297684e-03   1.2567007e-01   1.3446667e-01   7.5493508e-02   9.7786015e-03   6.8744790e-02   1.2696063e-01   3.5110782e-02   1.6155869e-02   1.1230073e-01   7.3238076e-03   1.3244301e-02   1.0535542e-01   1.6473662e-02   1.6959959e-02
   1.3981053e-02   1.7981963e-02   2.4065759e-02   2.6344922e-02   3.1046466e-02   4.8464728e-02   2.6459941e-02   4.6956995e-02   1.6491861e-01   1.6879716e-02   1.3309221e-01   1.0625695e-01   5.3894358e-02   9.3038305e-02   1.3282098e-01   3.2327519e-02   3.1469522e-02
   1.4335955e-02   1.7724208e-01   8.2287211e-02   1.3581699e-01   6.4377281e-02   1.9568228e-02   4.4665899e-04   2.4273904e-02   9.7005306e-02   1.3622119e-02   5.6915346e-03   5.1192890e-02   6.4722057e-02   4.7466034e-03   4.6880505e-02   1.6675994e-01   3.1030735e-02
   1.5013192e-02   6.4915817e-02   1.0615631e-01   8.0881873e-03   4.6245278e-02   9.2405806e-02   3.8458595e-02   4.3601561e-03   4.0630742e-03   4.4693327e-02   1.7302688e-02   2.3595931e-02   6.9317262e-02   1.6517473e-01   3.4989748e-02   1.0467115e-01   1.6054875e-01
   1.5500340e-02   2.2529343e-02   3.0636128e-02   4.7769181e-02   1.7353432e-02   6.5589244e-02   9.4657660e-02   7.7281064e-02   7.3150513e-03   1.3310857e-01   1.2073760e-01   2.5075586e-02   1.4474454e-01   1.1546731e-01   2.7176831e-02   3.0668445e-03   5.1991280e-02
   1.5572462e-02   4.8364637e-02   1.2318883e-03   1.0172477e-01   2.9416494e-02   7.0660563e-02   5.6610039e-02   1.6527556e-01   2.5195542e-02   2.0185134e-01   3.0068631e-02   1.6781190e-02   3.8278019e-02   4.3457812e-02   1.1445045e-01   2.2364183e-04   4.0836962e-02
   1.5757429e-02   7.1481903e-03   6.8838412e-02   9.6299812e-02   1.1283621e-02   7.9695045e-02   1.0442430e-01   1.9630026e-02   1.5052614e-01   3.4370415e-02   2.9888716e-02   8.2526260e-02   1.0031958e-02   2.4552120e-02   1.0200374e-01   3.9869059e-02   1.2315475e-01
   1.5794264e-02   1.2100274e-02   1.8582349e-02   1.3737172e-01   1.0702225e-01   1.2253365e-02   1.1015032e-01   1.0238409e-01   1.7398364e-02   3.3856841e-02   1.2353205e-01   1.1317800e-01   2.3919835e-03   5.0371836e-03   7.1114062e-02   1.1644191e-01   1.3909687e-03
   1.6092920e-02   1.6192163e-02   1.1395811e-03   4.4120170e-04   1.5586868e-01   2.9382587e-02   6.1513263e-02   4.5829846e-02   5.0882243e-03   1.3727647e-01   2.7847591e-03   1.5146348e-01   3.6701298e-02   4.9336414e-03   1.3490133e-01   6.5873242e-02   1.3451731e-01
   1.6516591e-02   4.0576482e-02   1.7849345e-02   9.2260540e-02   1.3382113e-03   1.5749240e-02   2.5324288e-02   1.8233634e-02   2.9723535e-02   1.3246982e-01   9.1534282e-02   2.0138671e-03   1.3759354e-01   3.5692406e-02   7.4087154e-02   1.1454829e-01   1.5448877e-01
   1.6521159e-02   3.4886428e-02   8.8395694e-02   1.6592628e-01   4.5078405e-02   1.3260816e-02   6.1001034e-03   1.1035041e-01   3.3990329e-03   1.3840245e-01   1.2532370e-02   2.8547497e-04   4.8332979e-02   1.5911146e-01   2.8360701e-02   4.1480482e-02   8.7575744e-02
   1.6635386e-02   9.7756817e-03   1.5978863e-01   1.7813240e-02   7.5175527e-03   9.2750784e-03   3.3945192e-02   1.8026582e-02   6.7543051e-02   1.3165178e-01   1.1819260e-01   6.4012509e-02   9.6908765e-03   9.6044087e-02   2.0886085e-01   2.4183286e-02   7.0436167e-03
   1.6789516e-02   1.2556496e-01   6.2341384e-02   1.1570440e-01   3.5393653e-02   1.0232990e-01   2.3811554e-03   3.2052409e-02   3.1177678e-02   8.2607988e-02   1.2962343e-02   6.8593766e-02   9.8514543e-02   9.6955383e-02   8.6441731e-04   1.1871720e-02   1.0389479e-01
   1.6859015e-02   2.6316568e-02   3.8492460e-02   1.6590376e-01   3.2110140e-02   4.9524224e-04   6.9458363e-03   1.2396325e-01   1.4452919e-01   8.4931313e-03   7.9583735e-02   2.8824028e-03   1.2634042e-01   9.0007826e-02   1.6513026e-02   4.6741008e-02   7.3822983e-02
   1.8183831e-02   1.1561629e-01   1.6483117e-01   6.5720410e-03   8.1303768e-02   3.0863721e-02   1.3482824e-01   6.4413963e-02   2.8431559e-03   4.2859811e-02   4.8418254e-02   4.0196252e-02   1.2307616e-01   8.6245497e-03   1.0923217e-01   7.7217227e-03   4.1491182e-04
   1.8305575e-02   9.8431546e-03   9.7805266e-02   1.3728988e-01   8.9974827e-02   1.1304261e-01   2.0517648e-03   1.0381009e-01   6.2445991e-02   3.0241407e-02   3.2207596e-02   2.9724081e-02   5.5452297e-02   1.5275403e-01   1.5992939e-02   3.9520134e-02   9.5383726e-03
   1.8551801e-02   1.1373580e-02   5.9869769e-02   5.9936501e-02   9.3319853e-03   1.5569744e-01   1.6661276e-01   1.3170781e-01   6.8577205e-02   1.2359613e-02   1.6671039e-01   8.6075801e-03   2.7526841e-02   5.3637621e-02   1.7903803e-03   4.1862538e-02   5.8461755e-03
   1.9151142e-02   4.4427638e-02   1.4752176e-01   3.2864731e-02   2.8181517e-02   4.8993924e-02   4.2190594e-02   2.5463302e-02   5.7778797e-03   4.1982322e-02   1.0640571e-01   1.5791092e-02   1.4423029e-01   3.5094860e-02   2.5431842e-02   2.1631057e-01   2.0180821e-02
   1.9614214e-02   6.1331484e-02   5.8985725e-02   5.5342971e-02   3.1166843e-04   1.0629902e-01   3.6670214e-02   9.2484413e-03   1.0862294e-01   1.8449450e-03   1.0725517e-01   9.0007326e-02   5.4328351e-02   7.7515381e-04   1.2473793e-01   1.1919286e-01   4.5431593e-02
   1.9617169e-02   7.7857921e-02   7.6064013e-03   9.8178018e-03   1.1992880e-03   1.4920364e-01   6.9616020e-03   7.7559207e-02   3.2922299e-02   7.1082992e-02   7.8550802e-02   1.3513812e-01   2.0255082e-02   5.8479309e-04   1.3355478e-02   1.5017491e-01   1.4811249e-01
   1.9943134e-02   5.7813671e-02   1.3815726e-01   3.2745344e-02   5.2730902e-02   4.8112663e-03   1.2054137e-02   1.0373948e-01   1.4376861e-01   1.4604801e-02   1.4435742e-01   1.4875700e-02   7.2032713e-02   1.7773467e-02   3.7449133e-02   1.3139377e-01   1.7491948e-03
   2.0057745e-02   6.5322922e-03   4.0706662e-02   1.3638471e-01   3.4548474e-02   5.3812254e-02   9.6907169e-02   1.2215340e-02   9.7273308e-02   5.1810503e-02   1.4266773e-01   1.3103452e-01   5.3937197e-03   1.2441944e-01   2.5879512e-02   1.2847769e-03   1.9071845e-02
   2.0079683e-02   5.3579978e-02   5.4989926e-02   1.1919579e-01   5.7059043e-03   3.9168736e-02   5.5576655e-02   1.1196364e-01   1.9665651e-02   4.4733842e-02   1.5336263e-03   4.4789837e-02   1.5330601e-01   4.1252823e-02   4.0858935e-02   6.1015692e-02   1.3258328e-01
   2.0633919e-02   6.3501235e-02   1.1558536e-01   2.6418114e-02   4.5058712e-02   7.9575752e-02   1.8770817e-01   1.8237735e-02   1.2961801e-02   3.4712945e-02   3.4709794e-02   1.3271276e-02   5.2762805e-02   5.3731952e-02   6.0634358e-04   1.8183122e-01   5.8692870e-02
   2.0746299e-02   1.0062327e-03   1.7213024e-01   6.2674730e-02   1.0463035e-01   1.1648552e-01   2.4424792e-02   6.2360148e-02   5.3002431e-03   1.9755290e-02   4.0434151e-03   4.0659443e-02   1.2397658e-01   1.1429629e-03   1.5545256e-01   6.9502644e-02   1.5708553e-02
   2.1016064e-02   4.1600191e-02   1.2512593e-01   1.0082702e-01   2.6395865e-02   7.1813517e-03   4.5653338e-02   1.3237290e-01   1.2253778e-01   3.6134727e-02   1.2355020e-01   2.8368545e-02   5.4025004e-03   1.3056483e-02   1.2565124e-01   9.5889268e-03   3.5536944e-02
   2.1427209e-02   7.2208282e-02   1.4944056e-02   1.4250287e-02   1.0840580e-01   1.2175329e-02   3.6602161e-02   2.7103463e-03   2.6901794e-02   1.2734637e-01   3.1786906e-02   1.3303515e-01   1.3155666e-01   1.3699225e-01   5.4768898e-02   5.6828636e-02   1.8059867e-02
   2.1699615e-02   1.2036059e-02   9.5843098e-02   1.1003070e-01   1.0022482e-01   7.7405712e-02   3.5262819e-03   1.7969001e-02   1.0303139e-02   3.2541810e-02   8.7562704e-03   1.2155482e-01   1.1248552e-01   1.2415260e-01   1.2543819e-01   1.8609961e-03   2.4171380e-02
   2.2061957e-02   8.5197038e-02   7.8364188e-02   3.6165263e-02   1.3693788e-01   9.3729197e-02   9.6376826e-02   2.4236112e-02   2.9988808e-02   1.1117645e-01   7.7713347e-02   3.3053876e-02   3.3626262e-03   6.3826481e-04   1.4667808e-01   1.3884139e-02   1.0435948e-02
   2.2937277e-02   8.5290935e-02   7.7764384e-02   1.1982298e-01   3.1872283e-02   1.8272802e-02   1.0045896e-02   1.4967025e-02   5.7545902e-02   1.3618424e-01   1.6172207e-03   5.3608677e-02   3.7381748e-02   4.0961245e-02   1.2483408e-01   1.3064368e-01   3.6249625e-02
   2.3170878e-02   1.4840896e-01   5.2804990e-03   1.1516165e-01   3.7737144e-03   1.1532738e-01   5.4141363e-02   3.4378985e-02   1.5690781e-02   1.3150202e-01   1.7362620e-02   2.2999790e-02   1.4314759e-01   9.3626116e-03   6.8591428e-02   8.1942157e-02   9.7575689e-03
   2.3195755e-02   4.3138780e-02   6.5952284e-02   9.2953489e-02   6.1912578e-03   1.1473457e-01   9.8469677e-02   7.8008889e-02   3.2085953e-02   8.4682733e-02   1.3143285e-02   3.3881456e-03   8.0188388e-02   1.1067171e-02   1.2406600e-01   5.1107953e-03   1.2362283e-01
   2.4099582e-02   9.3962123e-02   4.3404795e-02   8.6101814e-03   1.6077233e-01   2.1632956e-02   8.3058301e-02   2.6350348e-02   1.0968350e-02   1.2766764e-01   1.3255114e-01   1.1697981e-01   1.2988834e-03   3.9477699e-03   1.7715236e-03   1.1681919e-01   2.6105084e-02
   2.4306949e-02   6.6018694e-02   1.2588749e-02   1.8086439e-01   1.0791605e-02   1.5055943e-01   2.8017312e-02   2.0290774e-02   6.9960987e-02   7.0837716e-02   9.7846651e-02   2.7166211e-02   3.1877484e-02   3.7648761e-03   2.1550827e-02   2.4624834e-02   1.5893251e-01
   2.4880265e-02   1.6851729e-02   1.5186253e-01   1.6351980e-02   1.5162674e-01   5.8565231e-02   2.4146876e-02   8.2503390e-03   6.5727651e-02   4.5514200e-02   1.4551100e-01   1.8305674e-03   3.9388375e-02   2.7702801e-02   1.4716335e-01   3.6814501e-03   7.0944906e-02
   2.5762517e-02   2.0341447e-02   1.5058349e-01   2.3112058e-02   5.0423179e-02   1.1007289e-01   9.9491992e-02   1.4443480e-01   7.7973923e-02   3.3313928e-03   1.0231668e-03   2.3728605e-03   8.0103226e-02   8.1259243e-02   2.3285515e-04   2.7081474e-03   1.2677281e-01
   2.6102370e-02   1.2504641e-01   3.6923559e-02   7.8733768e-02   8.8508100e-02   5.6571927e-03   9.9471808e-02   5.7124304e-03   4.5305069e-02   1.4068481e-02   8.6453590e-02   8.3762276e-02   2.1202831e-02   5.9499949e-04   1.1156483e-01   1.6560112e-01   5.2911697e-03
   2.6502965e-02   7.9949028e-02   1.0293327e-01   9.1598125e-02   2.2007886e-03   7.0847296e-03   1.3683393e-01   4.1472702e-02   7.6915225e-02   8.0041229e-02   1.8322620e-01   1.4960699e-02   2.8055836e-02   5.3345275e-02   1.9983191e-02   1.4737323e-02   4.0159489e-02
   2.7357514e-02   4.9151516e-02   1.6550409e-02   6.8373050e-03   8.1298456e-03   1.0447174e-01   9.2776923e-02   2.1955276e-02   2.2818776e-02   7.6707804e-02   1.2417537e-01   1.3822506e-01   2.6584178e-02   8.6566043e-02   1.2842585e-01   6.2671311e-02   6.5950864e-03
   2.7993714e-02   1.3571703e-01   9.6702205e-02   4.7382161e-04   1.0001118e-02   6.8149848e-04   1.2162212e-01   2.2774246e-02   5.1740518e-02   9.0846293e-02   1.0319101e-02   1.1649938e-01   1.6151361e-02   6.9435245e-02   6.8427836e-02   1.8401457e-02   1.4221306e-01
   2.8161833e-02   3.3204456e-02   1.4484680e-01   3.0613504e-02   9.9199802e-03   3.0776306e-02   1.2874780e-03   5.9462873e-03   8.2036396e-03   1.1701109e-01   1.3861092e-01   2.3881281e-03   1.8346116e-02   8.5172029e-02   1.0734534e-01   1.2002887e-01   1.1813723e-01
   2.9598328e-02   8.4983107e-03   1.2756668e-01   1.9224696e-02   1.4990511e-01   7.5464887e-02   1.2367661e-01   1.8231181e-03   4.0344697e-03   4.6200567e-02   3.7578878e-02   5.9959860e-04   1.0813141e-01   1.3757401e-01   6.7738134e-02   8.6792869e-04   6.1517261e-02
   3.0068938e-02   1.1083262e-02   6.6927409e-02   1.9655780e-02   1.3212252e-01   4.1867754e-02   1.2419293e-01   9.2289163e-02   1.6235040e-01   8.4263622e-02   4.8477932e-02   3.3445059e-02   2.2424935e-02   6.6975220e-02   8.9385521e-03   5.5143270e-03   4.9402196e-02
   3.0728772e-02   1.2952278e-01   3.9017775e-02   2.7264451e-02   1.1661991e-01   1.8296206e-02   2.4676242e-03   1.1861034e-01   4.2070298e-02   8.4798651e-02   8.0314873e-02   6.6869089e-02   2.4759919e-03   1.2205161e-02   4.2396447e-03   1.1466274e-01   1.0983569e-01
   3.0904222e-02   2.0076159e-03   2.2463611e-02   1.4297771e-01   3.7651012e-02   6.6866384e-02   1.5226981e-01   1.2923760e-02   1.0482464e-01   1.3201387e-02   1.3297285e-01   8.3869657e-03   3.7112462e-02   2.6240947e-02   6.4976174e-03   5.8750393e-02   1.4394861e-01
   3.1476152e-02   3.4845210e-03   1.7379536e-01   2.0578317e-02   1.3757511e-01   5.0499636e-02   3.3395173e-03   9.2821835e-02   1.0022179e-02   4.5344624e-02   6.5210648e-02   4.6397399e-02   1.6082658e-01   2.4876969e-02   4.8612294e-04   1.1357244e-01   1.9692589e-02
   3.2684766e-02   4.1297498e-03   8.1126685e-02   4.2860563e-02   4.0435573e-03   1.6948715e-03   1.1201552e-01   6.0334137e-02   6.9180609e-02   1.4264501e-01   5.3434394e-05   1.0740615e-01   1.3952331e-01   6.0740858e-03   1.4211309e-01   8.8737769e-03   4.5240688e-02
   3.2863463e-02   1.1585971e-01   1.0597028e-01   7.1510065e-02   9.2550534e-03   2.6689229e-02   1.1738526e-03   1.6208067e-02   1.0771764e-01   1.2310987e-01   9.8092863e-02   2.0931851e-02   6.5168486e-02   7.1435717e-02   1.8876125e-04   2.2349709e-02   1.1147539e-01
   3.2936356e-02   1.3494456e-01   4.2041951e-02   5.5752663e-02   2.1167235e-02   1.5562297e-02   1.2637269e-01   2.7844459e-02   1.1169374e-01   1.1756947e-01   1.1720192e-02   4.7630450e-02   4.4648045e-02   1.2297784e-01   6.5970180e-02   1.8732021e-02   2.4358466e-03
   3.3104055e-02   2.6362479e-02   4.5688773e-02   1.3219879e-01   8.7791250e-02   6.2445109e-02   2.7696359e-03   1.1533465e-01   3.4596389e-02   1.0091806e-01   1.2898250e-01   1.3933661e-02   2.1726136e-03   3.1898525e-02   1.1723616e-03   1.4461344e-01   3.6017698e-02
   3.3193959e-02   1.0981945e-01   1.1700293e-01   1.6229741e-03   8.0438774e-03   1.2279787e-03   1.2234142e-01   2.1707453e-02   3.5442826e-02   2.0639371e-02   1.5198147e-01   1.1362946e-01   3.9104431e-02   1.4315735e-01   2.8469435e-02   2.5627565e-02   2.6988052e-02
   3.3407421e-02   1.5007595e-01   2.7527044e-02   1.5259033e-02   1.1287545e-01   3.9547600e-02   6.4319568e-03   1.5019805e-01   7.2515611e-02   2.2687342e-03   4.6618186e-02   3.3078566e-02   1.3123148e-02   1.2687468e-01   5.0067375e-02   9.7446489e-02   2.2684706e-02
   3.3420369e-02   9.3377142e-02   1.6253477e-02   1.2140890e-02   8.5822240e-02   1.3457686e-01   1.0992047e-01   6.3663258e-04   1.5180835e-01   1.9452820e-02   1.0142819e-02   1.1334930e-02   8.9646042e-02   1.5383434e-01   5.9422661e-02   1.3012857e-02   5.1971075e-03
   3.4680644e-02   7.8214038e-02   2.8252351e-02   2.0249180e-02   1.1507317e-02   9.7343376e-02   2.3274050e-02   8.3264940e-02   9.9088266e-02   9.7070424e-04   6.6516369e-02   2.7405261e-02   1.7769556e-01   1.7146268e-03   1.7579454e-01   5.4241315e-02   1.9787463e-02
   3.4693019e-02   7.7154202e-02   1.0523628e-01   2.1224225e-02   4.2364320e-03   3.2751481e-02   1.4884173e-01   4.9056759e-02   3.2945530e-02   4.0403803e-02   1.0803912e-01   2.2106208e-04   1.5092992e-01   4.2654781e-02   1.2773823e-02   6.2897162e-03   1.3254812e-01
   3.6907615e-02   1.1646587e-02   3.7358935e-02   1.1575968e-01   1.1089588e-01   7.9437205e-03   6.5088654e-02   1.4567686e-01   1.5729595e-02   8.9821910e-02   2.3902993e-03   9.0393093e-03   1.4047203e-02   5.2173085e-02   2.0454140e-02   1.3689138e-01   1.2817515e-01
   3.7456128e-02   1.5587683e-01   5.4464677e-03   6.9490876e-03   3.4008552e-02   1.4005652e-01   1.4988356e-02   9.4162513e-04   1.0463228e-04   3.1024234e-02   8.1807122e-02   4.1596927e-02   3.4560566e-02   1.2316573e-01   1.0658852e-01   1.3064589e-01   5.4782805e-02
   3.7671600e-02   2.9477582e-02   1.3845977e-01   1.3116793e-01   5.8752397e-03   7.6141959e-03   6.2645233e-02   4.1589436e-02   7.6606572e-03   9.9878871e-02   1.2502865e-02   1.0100506e-01   1.0725429e-01   1.4474648e-02   2.6774390e-02   1.5945686e-01   1.6491378e-02
   3.8318268e-02   3.8298390e-02   1.9185982e-02   1.3067902e-01   2.2912010e-02   8.8495839e-03   1.3823428e-01   1.3444709e-02   1.5568338e-01   2.6928383e-02   1.3748251e-01   4.0253022e-03   3.5435033e-02   1.0092403e-01   1.0800556e-01   4.4084963e-03   1.7185070e-02
   3.9212151e-02   3.2616413e-02   1.0127231e-02   4.8377243e-03   3.6530024e-02   1.6605740e-02   1.2474017e-01   8.6458798e-02   7.3247689e-02   1.5733459e-01   9.4715213e-02   4.3886209e-02   2.1903637e-02   1.7177724e-01   1.2923181e-02   2.0975994e-02   5.2107987e-02
   3.9443210e-02   1.5333728e-01   2.4072241e-02   6.0645616e-02   1.3203718e-03   1.5504820e-03   1.1725345e-01   9.7245145e-02   1.0124374e-01   6.7718764e-03   9.9338916e-03   2.8596238e-02   3.1315726e-02   8.1215053e-03   5.2449909e-02   1.0745327e-01   1.5924604e-01
   3.9758861e-02   6.8050923e-02   1.5405455e-01   6.0756059e-02   7.1163596e-02   6.9250269e-02   2.8390249e-02   3.3792020e-02   2.0789377e-02   3.4378541e-02   2.8328489e-02   1.4288201e-01   3.1186941e-02   2.0486987e-02   2.2334156e-02   7.2121487e-03   1.6718482e-01
   3.9761541e-02   2.3196877e-02   1.5289553e-01   1.5988448e-02   1.4854283e-01   1.3092659e-01   7.8838325e-02   7.4656427e-02   3.0184388e-02   7.6499615e-03   2.7401727e-02   1.3225330e-01   1.6411121e-03   4.2100365e-02   8.7148850e-02   5.1094649e-03   1.7042553e-03
   4.0360523e-02   1.1238814e-03   1.2410433e-01   7.9281650e-02   2.9668559e-02   1.9012811e-03   5.9331140e-03   6.8066893e-02   1.0623924e-01   1.4391478e-01   3.2401858e-03   8.0893407e-02   1.0301756e-01   2.2736678e-02   4.8648203e-04   7.4848994e-02   1.1418244e-01
   4.1580297e-02   1.0856999e-01   5.1277147e-02   1.8274865e-02   8.8241248e-02   6.3797043e-03   2.6368138e-02   1.1465959e-02   4.7000809e-03   1.5557159e-01   1.5467152e-01   4.3477190e-02   7.7481280e-02   3.3100281e-02   9.8461669e-02   6.8659468e-02   1.1719568e-02
   4.1828148e-02   1.2971580e-01   2.1563568e-03   1.4808729e-01   6.4346397e-02   4.5726710e-02   8.2245120e-03   2.9848026e-02   1.3370254e-01   1.2383600e-02   1.7075784e-01   1.4919667e-02   7.2015921e-02   3.6576511e-03   3.7716177e-03   1.4572638e-02   1.0428528e-01
   4.2421579e-02   1.4905546e-01   1.4998454e-01   8.6884110e-02   1.1112995e-03   2.8129957e-02   5.1347847e-02   2.1181921e-02   4.8490676e-02   1.2601398e-02   1.3035388e-02   7.2499634e-03   1.4275017e-01   1.0445802e-02   1.2423738e-01   1.1031076e-01   7.6174721e-04
   4.2435216e-02   2.5892098e-02   1.0562075e-01   2.7046054e-03   4.6576636e-02   1.0076366e-02   9.3040172e-02   5.2425611e-02   3.2458197e-03   1.3354382e-01   5.5906881e-03   7.9468393e-02   1.3285927e-02   1.4304330e-01   1.3544008e-01   1.0485315e-01   2.7573662e-03
   4.2495995e-02   4.6019307e-02   1.2469661e-01   1.1307385e-01   3.4014262e-02   6.9516695e-02   5.9001233e-03   8.9793820e-02   9.1487647e-02   1.2914276e-01   4.8535581e-03   8.3897754e-03   4.8266945e-02   4.8094067e-02   1.1296400e-01   3.9486047e-03   2.7341978e-02
   4.2633417e-02   2.3367634e-02   1.7093170e-01   1.4240031e-02   6.5528446e-02   2.4104916e-02   2.0492711e-02   2.6512073e-03   8.7329587e-03   4.4704849e-02   7.0416382e-02   4.2814915e-02   1.8664404e-01   1.2120564e-01   1.1837316e-01   2.6572987e-02   1.6585008e-02
   4.3483240e-02   1.1717618e-01   3.0142563e-02   9.5731828e-03   7.8617294e-02   8.0026477e-02   1.2564256e-01   1.4728657e-01   3.5896444e-02   3.7501329e-02   3.6855465e-02   2.3143417e-02   1.1798859e-01   9.8105827e-03   3.0778011e-03   9.7950948e-02   5.8273568e-03
   4.3617300e-02   3.4294286e-02   9.0587429e-02   5.9473147e-03   1.7974271e-01   1.1089054e-02   1.2605892e-01   4.8120116e-03   4.8613045e-02   1.8549175e-02   1.4842738e-01   4.2775552e-02   1.0471661e-01   7.6408919e-04   6.7927131e-02   3.2995402e-03   6.8778446e-02
   4.4580037e-02   1.8553909e-02   1.7368097e-01   9.1423413e-02   1.0885472e-02   4.5294952e-02   3.8370233e-02   3.7881842e-02   6.5196347e-02   2.7439434e-02   6.2006034e-02   4.0594285e-02   3.9096382e-02   9.9178187e-02   6.5391693e-02   2.1296219e-02   1.1913059e-01
   4.5792734e-02   6.4339223e-03   6.7907071e-03   1.4164078e-01   2.9084164e-03   7.8838215e-02   7.9640664e-03   1.5104277e-01   4.2440781e-02   2.8454948e-02   1.3913165e-01   2.4742300e-02   1.1695007e-01   1.3741698e-01   2.1385429e-02   7.6511725e-03   4.0415065e-02
   4.7753836e-02   1.4491899e-01   7.3285612e-02   1.2728431e-01   1.2835578e-01   2.8978269e-02   8.5953589e-03   5.2934490e-03   1.3543806e-02   8.4156416e-02   1.5132384e-01   3.6060690e-03   1.0046044e-03   3.2389868e-02   3.5914590e-02   7.1172439e-02   4.2422768e-02
   4.8445029e-02   9.1517633e-02   1.8332742e-04   1.0437443e-01   1.3975410e-01   2.1140244e-02   4.1027033e-02   5.7160909e-03   1.5770717e-02   3.6120369e-02   1.1341244e-01   8.7786610e-03   1.3007975e-01   1.0535119e-01   7.9140108e-02   5.5908043e-02   3.2808345e-03
   4.8904500e-02   4.1101279e-02   1.4001685e-01   3.3932600e-02   5.0912338e-03   1.6612514e-02   4.0205770e-02   1.6074971e-01   3.1646862e-02   1.4955774e-02   1.2581164e-02   1.0711361e-01   9.6418382e-02   4.2773782e-02   1.4554736e-01   5.8094903e-02   4.2537126e-03
   4.8956252e-02   1.8328062e-01   9.8343227e-02   6.7595325e-02   6.2507876e-02   3.2915243e-02   4.8806432e-02   4.4856767e-03   7.0062711e-03   2.1925825e-02   5.4392640e-02   1.0090054e-02   8.4784066e-04   6.4014197e-02   9.0842975e-02   3.2036744e-02   1.7195280e-01
   4.9467973e-02   8.1149521e-02   1.3985887e-01   1.3159500e-01   1.5071850e-02   2.8361035e-02   1.2582698e-01   6.9101629e-03   1.5876279e-01   3.9141096e-02   1.2740419e-02   2.2776849e-02   1.6171643e-02   1.3510008e-01   1.6421730e-02   1.2277333e-02   8.3666773e-03
   4.9698828e-02   1.4476910e-02   2.9620397e-04   7.1005958e-02   6.0407158e-03   3.1359189e-02   3.8521402e-02   1.0405040e-01   9.6914435e-02   7.8279000e-02   5.8386052e-02   1.5729915e-01   4.8941135e-03   2.0233499e-02   1.1617012e-01   1.5214286e-01   2.3116082e-04
   5.0174292e-02   1.6088577e-01   6.6251337e-03   2.4864146e-02   1.2917831e-01   1.3083453e-02   6.4237175e-02   4.1243505e-02   1.1876541e-01   8.7314611e-02   8.0576526e-02   5.5247587e-02   6.5662001e-02   1.6989996e-02   1.7578061e-02   6.3452523e-02   4.1214952e-03
   5.1360575e-02   1.2023876e-02   4.2923167e-02   8.9401519e-02   1.7734543e-01   1.5786455e-02   4.8080688e-02   2.1073217e-02   2.3177398e-02   6.1542924e-03   4.5424393e-02   1.5119314e-01   9.8369645e-02   4.4925950e-03   4.4224626e-02   3.7574497e-02   1.3139450e-01
   5.1492221e-02   3.2989408e-02   1.7243152e-01   1.0958037e-01   4.2112113e-02   1.4805754e-01   2.5869513e-02   1.5550765e-01   4.1336504e-03   3.3200676e-03   4.0112860e-02   3.4797087e-02   9.0860923e-02   1.6291928e-02   2.7214436e-03   1.5306050e-02   5.4415664e-02
   5.1939913e-02   1.3915367e-01   2.7165550e-02   3.7107293e-02   4.8489325e-03   5.4503222e-02   3.6414531e-02   1.3366138e-01   2.9860275e-02   1.0911566e-01   5.7981406e-03   6.9276915e-02   3.9767392e-03   7.6419245e-02   1.7175581e-01   6.9203855e-03   4.2082342e-02
   5.1971896e-02   8.0391848e-02   1.3959284e-04   3.3302488e-02   8.3189004e-02   5.6952377e-02   2.9339954e-02   2.1995684e-02   1.1319203e-01   5.5891106e-02   8.4823512e-03   7.2849005e-02   8.5722008e-02   2.5165514e-02   2.9816732e-02   2.3209859e-01   1.9499816e-02
   5.2103405e-02   5.4868528e-02   2.2494099e-02   1.8345686e-03   1.0435283e-01   1.3465830e-01   1.0391571e-02   5.7662326e-02   2.4508246e-02   3.8387287e-02   1.4964430e-01   8.2165305e-02   3.8550710e-02   1.5209348e-03   1.6010336e-02   1.9232103e-01   1.8526223e-02
   5.2472118e-02   1.2945258e-01   1.5001052e-02   5.8712542e-03   2.0167020e-02   1.0171385e-01   3.3014155e-03   1.6025036e-02   1.5894014e-02   1.4151955e-01   1.0338971e-01   1.7371235e-02   1.5948631e-01   1.0131352e-01   1.3645315e-02   8.6717087e-02   1.6658943e-02
   5.2574657e-02   8.4829267e-03   3.2254651e-02   1.3530665e-01   2.9207539e-03   1.0423891e-02   5.7391150e-04   1.2261871e-02   1.2724042e-01   1.4892544e-01   1.5705673e-01   7.6452356e-03   8.6690455e-02   5.5052970e-02   4.4342958e-02   3.1319505e-02   8.6926971e-02
   5.3133926e-02   1.4401674e-01   2.1850974e-02   6.7877255e-03   7.4263030e-02   4.1821958e-02   2.9277297e-02   5.8493703e-03   9.7781397e-02   7.1790365e-04   6.7908167e-02   9.7915547e-02   1.3497769e-01   7.1084381e-03   2.6871543e-03   1.1321043e-01   1.0069224e-01
   5.5277195e-02   2.4416028e-03   2.6983598e-02   3.4357859e-03   1.4551775e-01   8.8247341e-02   1.3455889e-02   1.1345240e-03   2.0765524e-02   3.0013079e-02   1.5904989e-01   3.8741817e-02   3.2375735e-02   1.5897323e-01   7.6600764e-02   3.8217616e-02   1.0876866e-01
   5.6292405e-02   1.0782495e-01   2.1625414e-03   6.6584528e-02   4.9772341e-02   1.6716279e-02   2.1151709e-02   1.3913613e-01   4.4994920e-02   5.2159178e-02   8.7289826e-03   1.3058671e-01   1.5768582e-01   1.8510693e-02   1.0877170e-01   1.8464293e-03   1.7074683e-02
   5.6721762e-02   5.3895440e-02   2.7968385e-02   1.4073621e-02   1.4696770e-03   1.5233253e-01   9.1154432e-02   1.5823265e-02   1.2959186e-01   1.1453498e-02   1.6002277e-02   1.4584782e-02   1.7685571e-01   2.7613709e-02   1.2456348e-02   1.9336252e-01   4.6401792e-03
   5.6900623e-02   6.3209835e-02   9.6293676e-04   1.3695120e-02   8.0347654e-02   2.1389442e-02   1.6203489e-01   1.2173064e-03   5.3234843e-02   5.6663566e-02   5.2819272e-02   1.0759777e-02   1.6364064e-01   4.8527842e-02   7.2568382e-02   1.0652520e-01   3.5502668e-02
   5.7959414e-02   6.0014218e-02   4.0429211e-02   1.3154054e-02   1.2599850e-01   1.4562319e-01   1.3995459e-01   5.2735818e-02   8.5967812e-03   5.5245364e-02   1.1618188e-04   3.4674147e-02   4.8640155e-02   9.7518972e-02   6.6140887e-03   1.1255702e-01   1.6829749e-04
   5.8087178e-02   5.7696431e-03   1.6775040e-02   1.5626034e-03   6.9528549e-02   5.8440026e-02   1.7500216e-03   8.5330034e-02   3.7863903e-02   1.1591735e-01   2.4679032e-02   1.2701423e-02   1.5988935e-01   3.4945532e-02   1.5224465e-01   3.9745952e-03   1.6054106e-01
   5.8447920e-02   6.1821116e-02   1.0763587e-01   2.0889766e-02   1.1592815e-01   5.8228656e-03   9.8372156e-02   1.4958741e-01   5.1734757e-03   6.3842978e-02   1.3220977e-03   1.4754505e-01   3.6743857e-02   3.3264437e-02   1.0091118e-02   7.6561831e-02   6.9499089e-03
   5.9018833e-02   3.1037703e-04   8.1329457e-02   6.1682775e-03   4.4004449e-02   4.9049969e-02   6.3901573e-03   1.0449208e-01   1.2713696e-02   8.6430808e-02   1.2878408e-01   1.9191117e-02   6.2087745e-02   1.3699168e-01   1.1483773e-01   2.4388728e-02   6.3810827e-02
   5.9023945e-02   5.2740343e-03   1.2842482e-01   7.6970591e-04   7.4085113e-02   1.2335729e-02   3.2995212e-03   3.2688388e-02   1.0161566e-01   7.6377029e-03   1.3260890e-01   3.3831098e-02   1.2066730e-01   2.1031026e-02   4.5405103e-02   9.6085901e-02   1.2521604e-01
   5.9384007e-02   6.5308759e-02   3.3954974e-02   6.9579242e-02   3.9721681e-02   1.3201696e-02   1.4096783e-02   1.4437351e-01   8.1570577e-02   1.5968056e-01   6.9817759e-02   4.9568896e-03   3.8884270e-02   1.3587401e-02   4.3420227e-03   2.7598470e-02   1.5994141e-01
   5.9408587e-02   5.0142460e-03   6.0933550e-02   5.1036041e-02   1.2786634e-01   3.7040996e-02   1.1526843e-01   2.0205898e-02   1.3201409e-02   3.2683404e-02   1.4035319e-01   1.5498783e-01   6.4875283e-02   1.9661223e-02   1.3026394e-02   8.2499088e-02   1.9380997e-03
   5.9713151e-02   7.9655399e-03   6.3587799e-03   1.0732812e-01   1.4171856e-01   1.3720968e-01   4.5557490e-03   8.9402730e-02   2.0910890e-02   9.1341406e-02   1.2884373e-02   7.1307063e-03   5.6378522e-02   9.8388021e-03   1.3910225e-02   1.1867340e-01   1.1467936e-01
   6.1565503e-02   1.7843184e-01   1.9512665e-02   3.9235922e-02   3.0268789e-02   1.1415865e-01   1.1161459e-02   5.3639096e-02   1.4822878e-01   3.6615601e-02   6.9032117e-02   1.7268058e-03   1.2486161e-02   1.0508613e-02   2.5575740e-02   3.1949483e-02   1.5590277e-01
   6.1734399e-02   1.5553494e-03   6.1271509e-02   6.7408515e-04   3.3950353e-03   3.2574463e-02   8.5784536e-03   8.2870419e-02   2.3833146e-02   4.5378011e-02   1.0103731e-01   1.3539724e-01   1.4951199e-01   7.2125882e-02   4.9120035e-02   1.2898315e-01   4.1959521e-02
   6.2107756e-02   7.6388119e-03   1.7380650e-02   7.0595005e-02   1.6807304e-02   3.2067889e-02   1.2258504e-01   1.5053096e-02   4.2640738e-02   1.1626460e-01   2.3299820e-03   6.8397957e-02   1.7162540e-01   1.6951036e-01   6.2794886e-02   9.3029369e-03   1.2897593e-02
   6.3515502e-02   1.5338731e-02   1.1956862e-01   1.4222595e-02   1.1559109e-01   1.3510926e-01   1.2483164e-01   1.9588158e-03   2.7888678e-02   7.4083363e-02   1.3835162e-01   4.8003395e-02   6.9045660e-03   1.3072788e-02   2.6802711e-02   6.8612557e-02   6.1440734e-03
   6.4394132e-02   1.1840168e-01   5.2464306e-02   1.6853657e-01   3.8375556e-03   7.8125035e-02   1.1764500e-03   1.5268300e-02   3.2377735e-02   1.1694707e-02   6.1939396e-02   7.8768898e-04   8.8791701e-04   7.8011802e-02   8.1363126e-02   1.2367378e-01   1.0705982e-01
   6.6657156e-02   6.1543820e-03   4.6840922e-02   1.2298924e-03   1.2834035e-01   1.2580946e-01   5.7129358e-02   6.2023591e-02   2.8402071e-02   6.3244319e-02   1.7025311e-02   7.8318066e-02   5.7241617e-02   2.4266064e-02   1.2780803e-01   7.1565024e-03   1.0235291e-01
   6.6822232e-02   2.5491901e-02   1.3615263e-01   1.2578746e-01   1.4779340e-02   5.6097103e-02   2.1681502e-02   6.0502711e-02   2.0294502e-02   2.7620253e-02   1.5510913e-03   1.7927214e-02   1.1297707e-02   6.7963768e-02   2.7144693e-02   1.5747654e-01   1.6140935e-01
   6.7577722e-02   1.4778741e-03   7.1915070e-02   1.8628004e-02   6.4205381e-02   1.4921337e-01   8.9315668e-02   2.6369567e-02   6.9325805e-03   7.3569879e-03   1.1767453e-01   1.4904939e-01   8.0765651e-02   1.7163742e-03   5.4296101e-02   6.1004951e-03   8.7405234e-02
   6.7756085e-02   2.1334011e-02   1.8868417e-02   1.3752168e-02   1.2700367e-01   1.1582979e-01   6.6025815e-02   1.0450267e-02   6.4761529e-02   1.9256309e-01   2.7336989e-02   1.0046979e-02   2.1935082e-02   7.3051127e-02   1.3839771e-02   1.4259128e-01   1.2853934e-02
   6.7922528e-02   5.6234731e-02   5.9072594e-02   1.6269815e-01   1.5665999e-03   6.3254635e-03   8.2873769e-02   1.3588212e-02   3.1443155e-02   1.7467333e-01   7.2027415e-02   3.7483400e-02   8.6404278e-02   1.1260075e-01   1.7028369e-02   1.4500657e-02   3.5566007e-03
   6.8073687e-02   1.3694705e-02   1.1687326e-01   5.2643575e-03   1.5295727e-02   9.7450464e-04   8.5769946e-03   2.1536947e-03   1.1354207e-01   7.9158097e-02   1.1462368e-01   1.2760940e-01   9.2603322e-03   1.1577029e-01   2.2168347e-02   9.5288860e-02   9.1671997e-02
   6.8228981e-02   6.1261092e-02   1.1407263e-01   1.2305661e-01   7.2484535e-02   4.0899793e-03   2.1854588e-03   3.7536199e-02   1.4253512e-02   4.1283949e-02   1.7089805e-02   1.5940473e-01   3.6594119e-02   3.6581388e-02   1.7161680e-01   3.6260837e-02   3.9993697e-03
   7.4995288e-02   7.4822488e-02   2.7484331e-02   3.7944821e-03   1.1415232e-02   1.4175850e-01   1.4765815e-02   1.3556960e-01   7.3838929e-02   3.8901204e-02   1.7368862e-01   6.4297902e-04   1.0601939e-02   1.3633225e-01   2.1276210e-02   5.5927315e-03   5.4519410e-02
   7.5109781e-02   1.3469760e-01   1.6042075e-01   6.4940492e-04   5.0714118e-02   2.7495798e-03   7.8669886e-03   6.7851011e-02   1.4781769e-01   3.0803824e-02   4.3361104e-02   9.0546956e-02   1.2562293e-01   3.7740089e-03   4.6998561e-02   5.9918079e-03   5.0238824e-03
   7.6431192e-02   9.8652071e-02   6.1600684e-02   1.4215940e-02   2.7080234e-02   1.1511150e-01   2.9115010e-03   6.2036475e-03   1.4323839e-01   1.7468186e-02   4.9417146e-02   7.5699166e-04   5.9731300e-02   2.4942358e-02   1.0976589e-02   1.5378314e-01   1.3747913e-01
   7.7656193e-02   6.3436460e-03   1.0681034e-01   2.4461014e-02   7.7387478e-02   8.5854418e-02   2.9954926e-03   4.7780554e-03   1.2759864e-01   5.3402875e-02   5.6398902e-02   3.6285119e-02   9.4099562e-02   7.8061553e-03   1.0584833e-01   1.2784455e-01   4.4292332e-03
   7.7732519e-02   7.0377278e-02   4.7390141e-02   3.3949346e-02   4.5136230e-02   1.0753929e-01   6.1392694e-03   1.2567197e-01   1.3594491e-02   1.3103806e-02   9.2841707e-02   1.1138622e-01   1.0275190e-01   3.7585243e-02   5.9215649e-02   1.6894470e-02   3.8690481e-02
   7.7942929e-02   1.1737629e-01   6.5748347e-02   1.8695755e-02   9.5873573e-02   9.5469183e-02   5.4559718e-02   2.1607714e-02   4.5802746e-03   6.3145695e-03   1.4641393e-02   3.7225101e-03   1.3848002e-01   2.3084570e-02   3.7353948e-02   1.2736533e-01   9.7183884e-02
   7.8484664e-02   1.9485668e-02   1.2868795e-01   1.5863641e-01   6.2968675e-03   1.8002332e-02   2.3901958e-03   1.1603883e-01   1.2085474e-02   7.3841468e-02   1.0671880e-01   2.4335757e-02   1.6249683e-01   3.4595238e-02   4.2284406e-02   1.3818825e-02   1.8002879e-03
   8.0775068e-02   3.6362058e-03   5.6713980e-02   7.7772007e-02   3.7986690e-04   8.6585700e-02   2.2412554e-02   1.5307825e-01   1.3495897e-01   3.1971477e-03   2.8311076e-02   6.9690136e-02   4.0906300e-03   1.1697462e-01   1.8293625e-02   4.5859752e-02   9.7270416e-02
   8.0817026e-02   9.0762242e-03   2.5947758e-03   1.3094218e-01   1.1394889e-01   4.5125194e-02   1.2964384e-01   1.3962254e-01   2.4055371e-03   1.0426200e-03   3.2209506e-02   8.8898018e-02   7.4070355e-02   1.6036841e-02   8.0464639e-02   2.5300202e-02   2.7801608e-02
   8.2105797e-02   2.0589573e-01   4.3893482e-02   9.2558054e-02   7.3537706e-03   2.1294884e-02   3.3405516e-02   9.7654135e-03   9.0331803e-03   6.2431977e-02   2.7829925e-02   1.9936912e-01   8.1579553e-03   2.0113281e-02   9.3721093e-02   1.3054538e-02   7.0016288e-02
   8.2749804e-02   1.5679014e-01   1.8242933e-02   1.0129610e-02   5.1057963e-02   1.7318658e-02   8.4788475e-02   1.8557774e-02   2.1489110e-02   9.5542436e-02   7.8635179e-02   2.1291667e-02   5.8555342e-02   6.5514378e-02   1.7275861e-01   6.3790396e-03   4.0198882e-02
   8.3191357e-02   1.3259670e-01   9.9453360e-02   1.7046161e-02   1.0992658e-01   4.7473098e-02   2.0250166e-02   1.3709545e-02   6.6531793e-02   1.1689020e-01   4.5319141e-02   9.6243628e-05   9.1273614e-03   1.3122743e-01   3.4847377e-02   2.5473213e-02   4.6840281e-02
   8.3863392e-02   2.1280253e-01   2.3206970e-02   5.6708759e-02   1.2351043e-01   4.4649621e-02   2.0108358e-02   7.8278423e-03   3.7391142e-02   1.0711172e-01   1.8047263e-02   1.3779806e-01   2.0455361e-02   1.8384755e-02   3.8694063e-03   5.9381836e-02   2.4882561e-02
   8.5965998e-02   2.5791105e-03   3.1260752e-02   1.2504241e-01   3.8843616e-03   8.5453682e-03   4.3662680e-03   1.0718158e-01   7.4176272e-02   1.2685715e-01   7.0546979e-02   2.2802178e-02   1.3462899e-01   6.9832079e-04   1.1782677e-01   8.1681768e-02   1.9557105e-03
   8.8133137e-02   1.5486336e-02   2.4265723e-03   1.9157263e-03   1.3160454e-02   1.3744512e-01   2.8458867e-02   4.4167139e-02   1.2949500e-01   3.4683520e-02   5.3835915e-02   2.0591564e-02   8.6964802e-02   1.3292494e-01   1.0602455e-02   1.0810543e-01   9.1603024e-02
   8.8542703e-02   1.3338443e-01   3.1695301e-02   4.4899927e-02   7.7909145e-03   7.0888488e-02   4.1372269e-02   6.4265012e-02   4.8875438e-03   9.3228166e-02   1.3208884e-01   6.4371205e-02   4.9710866e-02   1.1167688e-02   1.3476117e-02   3.0822238e-02   1.1740829e-01
   8.8888379e-02   2.9954417e-03   5.5599295e-03   6.2486352e-04   2.7547651e-02   6.0915801e-02   3.3660805e-02   3.9013240e-04   1.1358175e-01   1.3230785e-01   1.1701172e-01   3.9869569e-02   4.7575875e-02   1.2270261e-01   9.3411790e-02   2.2325158e-02   9.0630671e-02
   8.9572221e-02   5.3947127e-03   1.5570006e-01   7.8375858e-02   1.2023434e-01   9.6100921e-03   8.3909047e-02   1.5296181e-01   2.4037296e-02   3.8800797e-03   2.0313718e-02   5.2789968e-02   1.6656900e-03   2.4679124e-02   1.5195543e-01   4.1913611e-03   2.0729196e-02
   8.9681417e-02   1.6564709e-02   5.0331561e-03   1.0292560e-01   1.6747434e-02   2.4780730e-02   1.3454080e-01   1.9452393e-03   7.7534765e-02   1.4093752e-01   1.7695779e-02   7.1651108e-03   2.3585443e-02   2.9227518e-02   1.0986105e-01   7.6417004e-02   1.2535673e-01
   8.9749043e-02   1.1301753e-01   8.9410616e-03   4.9802957e-02   9.8934098e-02   8.3844555e-02   3.4076694e-02   1.0931782e-01   8.5316128e-03   3.1493117e-02   8.9735218e-02   2.0135814e-03   1.5322444e-02   1.0940664e-01   6.2818796e-02   4.5678230e-03   8.8427018e-02
   9.1204564e-02   1.2093248e-01   2.7079804e-02   2.1516219e-02   1.6500141e-02   1.0046930e-02   4.5478472e-02   1.1455085e-01   1.0536895e-01   5.2326011e-03   5.0374899e-02   2.8307316e-02   1.2051065e-01   9.6904201e-02   5.5767718e-02   2.1990067e-02   6.8234134e-02
   9.1449505e-02   1.1989580e-01   1.0831345e-01   1.0644770e-01   3.7709497e-03   3.1107878e-02   1.3544824e-02   9.9233004e-02   1.0709516e-01   2.9048962e-02   4.9377538e-03   5.2832384e-02   2.3076381e-02   1.3055125e-01   2.3438955e-02   4.9256592e-02   5.9994487e-03
   9.1684418e-02   1.6818259e-01   1.5855141e-01   4.5930319e-03   2.9354767e-02   5.4763625e-02   1.9243897e-02   1.3365032e-01   2.6519899e-02   8.7236003e-02   5.5099579e-03   6.2109199e-02   2.2446452e-02   6.9123847e-03   8.6640310e-05   1.9794767e-02   1.0936064e-01
   9.1830710e-02   9.3516541e-02   6.9793637e-03   4.2159335e-02   1.5421324e-01   2.1768144e-02   2.8654743e-03   1.1151520e-03   6.6293462e-03   7.4383760e-03   1.3671314e-01   3.6050264e-02   1.2594475e-01   3.6867721e-03   4.8507441e-02   6.5485148e-02   1.5509680e-01
   9.1863241e-02   7.4358887e-03   5.5908670e-02   3.4279405e-03   9.7916929e-02   9.9664597e-02   3.0091290e-02   1.1907309e-02   9.9886746e-02   5.5461159e-04   1.7769060e-01   1.7377344e-01   1.1869831e-02   9.2740598e-02   2.4946567e-04   2.1828702e-02   2.3190136e-02
   9.2120575e-02   3.1989135e-03   4.0800476e-02   1.9561492e-02   5.2742955e-02   1.1529836e-01   1.3492583e-01   1.7439300e-02   9.1819760e-02   1.3103221e-01   4.9592970e-02   6.3950840e-03   5.1251926e-03   6.4762002e-02   1.6046983e-01   9.3592243e-03   5.3558240e-03
   9.3690408e-02   1.0238039e-01   1.4507446e-02   4.9786371e-02   1.4062697e-04   1.1918540e-01   1.1519154e-01   4.2771556e-02   1.0070816e-01   1.7997236e-03   1.1275498e-01   2.5530372e-02   8.5002908e-02   3.7979478e-03   3.6865093e-02   9.3888210e-02   1.9988625e-03
   9.5873684e-02   1.2797869e-01   5.5902537e-03   1.5771789e-02   8.5059410e-02   8.7636262e-02   3.2385108e-02   1.2204800e-01   9.7812206e-02   1.1334975e-01   1.3881749e-02   2.5546668e-03   7.0803549e-02   7.4246217e-02   4.5167868e-03   3.1811803e-02   1.8680068e-02
   9.7494195e-02   5.7056508e-02   1.0211061e-01   2.8341442e-02   8.2305979e-03   1.1003299e-01   3.1475851e-02   1.7439353e-02   1.9153380e-02   9.9881731e-02   3.2263999e-02   9.0283521e-02   6.3285586e-02   2.6031930e-03   6.0827420e-02   6.7967358e-02   1.1155227e-01
   9.7613431e-02   6.8053306e-02   1.2449306e-02   1.5279366e-02   7.1779950e-02   4.3981923e-02   7.6950877e-02   2.9599642e-02   1.3656546e-01   1.5931148e-01   2.3642757e-02   2.8317866e-02   1.2976431e-01   5.0764453e-04   3.7693079e-02   2.4240810e-02   4.4248795e-02
   9.8081852e-02   2.7123000e-03   4.3647298e-02   5.3941511e-02   1.0755373e-01   1.0343846e-01   1.2152364e-01   1.9412016e-02   1.0802306e-01   9.2321752e-04   5.5925630e-02   1.9111785e-02   3.9738698e-02   6.6281576e-02   1.8372888e-02   2.6350033e-02   1.1496231e-01
   9.8484352e-02   2.9207723e-02   6.7918773e-02   4.3964004e-03   3.2994907e-02   1.4285154e-01   1.2895968e-02   1.4392256e-01   5.9303282e-02   1.1302075e-01   1.2049215e-02   2.4262453e-02   3.4552131e-02   3.7211926e-02   3.5979910e-02   3.0018304e-02   1.2092980e-01
   9.9107988e-02   1.3115949e-01   1.3059622e-01   2.6560911e-02   6.0120331e-02   4.1494995e-03   6.7727656e-02   2.0811638e-02   3.6698194e-03   9.6249500e-02   1.6737425e-04   1.9331965e-02   1.0768753e-01   4.1794374e-02   5.3463730e-02   1.9483959e-02   1.1791802e-01
   9.9923904e-02   1.0079949e-02   1.7335504e-02   6.3953309e-02   5.1356671e-02   1.8627195e-03   1.1337873e-01   2.2191346e-02   4.8508061e-03   1.7079876e-01   1.6786915e-01   5.0572232e-03   1.0448432e-02   4.7554335e-02   8.8758707e-02   1.8704301e-02   1.0587615e-01
   1.0053117e-01   3.1779687e-02   7.7740449e-06   1.0643147e-01   2.1477515e-02   9.3988985e-02   6.5410568e-02   3.2952027e-02   1.2058105e-02   1.6490652e-01   7.0490814e-03   6.8044863e-02   2.4330046e-03   1.5454599e-01   7.3803604e-03   1.1436848e-01   1.6634401e-02
   1.0079344e-01   2.9846854e-02   1.3780417e-01   4.0434452e-02   4.2231836e-04   3.1892480e-02   1.0954481e-01   1.3316886e-01   1.0132614e-02   1.4923558e-02   1.3409360e-01   1.7491502e-02   2.6178554e-03   6.0551330e-02   1.2854141e-01   2.5479179e-02   2.2261575e-02
   1.0395190e-01   2.9708215e-02   3.7571560e-02   1.1700552e-01   1.1486198e-01   5.4195119e-02   8.8652828e-02   6.2614288e-03   1.1458502e-02   1.0982406e-01   1.1397690e-02   6.2770420e-03   1.5386376e-02   1.3995023e-01   1.3430688e-01   1.7736550e-02   1.4541166e-03
   1.0498087e-01   9.1541355e-02   4.9131012e-02   2.6201883e-02   2.2715866e-03   1.3671623e-02   1.1037017e-01   1.0631564e-01   6.7663081e-02   1.0118396e-01   6.6322635e-02   9.1739534e-02   1.1675980e-02   1.1612741e-02   1.0503862e-01   3.8069910e-02   2.2093883e-03
   1.0618916e-01   7.8835594e-02   1.0347278e-01   5.2578402e-02   8.0471380e-02   6.6020586e-03   1.2498152e-01   8.6428263e-03   3.5223008e-02   6.9624998e-03   8.4793800e-02   1.2558769e-01   3.5493772e-02   1.0328001e-02   1.2976180e-01   5.6283313e-03   4.4473739e-03
   1.0622637e-01   1.2870139e-02   1.4791456e-01   9.3576060e-02   1.6533302e-02   1.3324052e-02   1.3884459e-01   1.3771860e-01   2.8237905e-03   8.5758370e-04   3.7253439e-02   8.7558361e-03   8.4642953e-02   1.9907510e-02   3.8639536e-03   3.2214384e-02   1.4267287e-01
   1.0625157e-01   2.3054091e-02   3.2885956e-02   1.2072373e-01   2.9165658e-02   2.0386748e-02   1.2979182e-01   9.4718321e-03   1.1331544e-03   4.8924541e-03   9.7383206e-03   8.7989278e-02   1.0472208e-01   1.0648833e-01   4.7347928e-02   1.4304004e-02   1.5165304e-01
   1.0716704e-01   1.2821417e-01   4.3847661e-04   1.2422946e-01   1.3887261e-01   1.2112842e-01   1.3381916e-01   5.5127907e-03   5.8250263e-02   5.3372285e-02   1.3846617e-02   1.3074451e-02   2.4715150e-02   1.6382330e-02   1.2644471e-02   4.7221534e-02   1.1107770e-03
   1.0914204e-01   3.4455795e-02   1.1639125e-01   4.3065700e-03   1.0879322e-02   6.1689227e-04   8.0031627e-02   6.8179056e-03   6.4287610e-02   9.9695225e-02   1.0446084e-01   3.4762842e-02   9.2467222e-02   1.1125014e-01   7.9222885e-02   3.9334279e-02   1.1877550e-02
   1.0936118e-01   2.7838456e-03   1.2583964e-02   9.1947080e-02   3.6883912e-02   6.7194171e-02   1.8539193e-02   3.4021844e-02   6.7759706e-02   4.7134134e-02   1.3220699e-01   9.4890690e-03   1.8534613e-02   2.6044931e-02   9.7146865e-02   1.2047147e-01   1.0789704e-01
   1.0957223e-01   1.3116102e-01   2.9623974e-02   1.0184656e-02   1.2800678e-01   2.4974221e-02   1.5847396e-02   2.6909909e-02   7.8128562e-02   4.2358998e-03   2.8576418e-02   2.0369157e-02   7.9192254e-02   1.0500932e-01   1.1956755e-01   7.7324759e-02   1.1315903e-02
   1.0996104e-01   8.6621912e-02   6.1879516e-02   1.1562322e-01   1.6450911e-02   8.3265264e-02   2.4320514e-02   6.3441687e-02   1.1572155e-01   1.4820719e-02   2.5237381e-02   5.4496759e-02   1.1954931e-01   1.9096065e-02   1.4845224e-02   2.0115994e-02   5.4552935e-02
   1.1055017e-01   2.9576373e-02   6.1559404e-02   2.7887730e-02   8.2974147e-02   9.6129903e-02   1.8547011e-02   4.9762093e-02   1.0769153e-01   2.4638461e-02   4.8421139e-02   1.0451530e-01   3.8369356e-03   1.0708448e-01   9.9589741e-02   1.4496204e-02   1.2739371e-02
   1.1157970e-01   1.9207972e-02   1.5476971e-01   1.5729906e-02   1.3771728e-03   3.2152461e-02   9.4238746e-03   3.4832043e-02   1.5077995e-02   1.2329882e-01   3.0635432e-02   2.2042307e-02   1.5219694e-01   9.3423281e-02   1.3702842e-03   1.0472282e-01   7.8159280e-02
   1.1213539e-01   3.7908966e-02   3.2941313e-02   2.0634357e-02   1.0146348e-01   1.0905222e-01   9.0422239e-02   9.2776297e-02   5.1286113e-02   6.4682363e-02   3.3775592e-02   1.1130641e-01   2.0634619e-02   1.8294485e-04   2.8286075e-02   7.3188729e-02   1.9322889e-02
   1.1353169e-01   5.5718592e-02   1.6452109e-01   3.7076086e-03   7.1631864e-03   1.9687651e-02   1.1122684e-02   2.0535303e-02   1.1837572e-02   1.8849947e-03   8.3834704e-03   1.0126655e-01   2.6595664e-02   1.6521193e-01   4.9637196e-02   1.2243774e-01   1.1675707e-01
   1.1446034e-01   1.0990182e-01   1.3660808e-01   2.9040807e-02   2.7948082e-02   1.2028386e-01   8.5169189e-02   3.5940246e-02   3.2536224e-02   1.1175364e-03   1.3451085e-02   5.2739439e-03   1.6264763e-02   7.4644262e-02   5.9171887e-02   8.7957040e-02   5.0230832e-02
   1.1646148e-01   3.2564226e-02   7.4735366e-02   1.1640825e-01   3.8295206e-02   1.0499123e-01   1.2958143e-02   1.0106397e-01   2.3184634e-03   8.9902078e-03   3.0064350e-03   9.9841391e-02   3.5295534e-02   2.3610978e-02   7.6428663e-02   9.9474501e-02   5.3555947e-02
   1.1749944e-01   5.7759716e-02   6.8998736e-03   1.0318958e-01   1.0954755e-01   5.0767764e-03   1.6055287e-02   1.1382365e-01   1.1407496e-01   1.2252765e-02   4.0402952e-02   2.8617977e-03   9.2415994e-02   1.1146324e-03   8.3197867e-02   1.5103750e-02   1.0872340e-01
   1.1963949e-01   4.4531304e-02   1.3561984e-02   1.0123516e-01   4.1510219e-02   1.2014477e-02   5.2177438e-02   5.1670086e-03   1.6365011e-01   8.4507491e-02   1.8315254e-02   1.5342197e-01   5.9869021e-02   2.6806076e-02   4.5096527e-02   5.7272766e-02   1.2237074e-03
   1.2312399e-01   3.4590160e-02   2.6094355e-02   2.3061844e-03   1.5850290e-01   2.6030448e-02   7.9932659e-02   1.7665707e-02   9.4288036e-02   1.7740953e-02   1.6087427e-02   1.5791731e-01   7.5713036e-03   4.5962716e-02   5.2287493e-02   9.6594461e-03   1.3023892e-01
   1.2392627e-01   1.5199060e-02   3.8012392e-02   7.2469598e-03   6.2860525e-02   9.4272431e-02   4.3817334e-03   8.4129019e-02   3.2074393e-02   1.2254326e-01   8.8083997e-02   1.9384203e-02   1.0747907e-01   6.0072412e-02   1.0321431e-02   1.2999811e-01   1.4734491e-05
   1.2407900e-01   8.6740281e-02   8.9388537e-02   1.0106611e-01   4.9671613e-03   4.5413908e-02   3.9971177e-02   9.3177345e-03   1.0786992e-02   3.7226596e-02   9.8253625e-02   1.0553499e-01   1.1308648e-01   7.4461489e-02   3.5660904e-02   1.0738375e-02   1.3306642e-02
   1.2411245e-01   5.3356792e-02   7.9442324e-02   5.7972706e-03   8.5092734e-03   2.7564299e-02   2.6152115e-02   1.4383161e-01   1.5187804e-01   3.4776600e-02   8.5940550e-03   3.9974564e-02   1.4552116e-01   2.5703097e-02   1.4092207e-02   9.3759460e-02   1.6934683e-02
   1.2485398e-01   5.8889474e-04   9.9227123e-02   1.4693108e-02   6.6025575e-02   7.8651262e-03   9.1370873e-02   1.5713193e-01   2.8292492e-02   1.1388955e-01   9.5150822e-02   1.1338279e-02   2.7854410e-02   1.9540271e-02   3.8188844e-03   1.3018040e-01   8.1782857e-03
   1.2515333e-01   6.1223773e-02   8.2638789e-04   1.2059657e-02   2.3510765e-02   4.7385571e-03   1.4345448e-01   5.5820525e-02   9.9969155e-02   4.5517011e-03   1.3936498e-02   1.0744753e-01   1.2798580e-01   1.3557589e-01   3.4909148e-02   2.9812445e-02   1.9024348e-02
   1.2532510e-01   5.5342348e-02   6.6791502e-04   7.1498224e-03   1.7697510e-01   3.8887040e-02   3.9652912e-03   2.5088599e-02   6.8181989e-02   1.3895694e-01   1.4777251e-01   4.9754786e-02   1.5310976e-02   1.0121434e-01   3.2559328e-02   5.4146321e-03   7.4332773e-03
   1.2624240e-01   1.4781789e-02   1.3254618e-01   1.2368928e-02   9.7614123e-03   2.2121663e-03   7.4480424e-02   8.2449498e-02   2.4792312e-02   4.3399531e-02   4.0554807e-02   1.3723771e-01   1.5834219e-03   1.4414548e-02   5.7277288e-02   9.2720793e-02   1.3317679e-01
   1.2644607e-01   3.1845403e-05   8.4814110e-02   1.3798399e-01   4.1483612e-02   6.5770346e-02   1.1702514e-01   1.5651911e-03   1.2517311e-01   1.7193687e-02   7.6988140e-03   6.4469163e-02   7.6019525e-02   7.3217618e-02   5.7897597e-02   2.3716768e-03   8.3850335e-04
   1.2719264e-01   6.5108446e-02   1.5536626e-01   1.4016574e-01   2.3262556e-02   6.8723222e-02   6.0239386e-02   3.3808582e-03   1.8581258e-02   1.9577187e-02   1.4747649e-02   1.5273047e-01   3.3456682e-02   4.1533443e-03   2.2019532e-03   1.0949449e-01   1.6178672e-03
   1.2950807e-01   5.0554443e-02   1.0054421e-02   5.6421439e-02   3.7626769e-02   6.2446705e-02   1.0863881e-01   7.1671716e-03   1.2312078e-02   8.8138899e-03   1.3002645e-01   9.2245457e-03   7.7446799e-02   1.3518327e-01   4.5630742e-03   3.2021621e-02   1.2799045e-01
   1.2993348e-01   1.6755039e-02   3.3310303e-02   2.1779669e-02   4.7831672e-02   2.4582650e-02   7.5608951e-03   1.5201952e-01   4.1472555e-02   1.4786046e-01   1.5185501e-02   1.3113134e-01   7.3515830e-02   2.2305795e-02   1.1826996e-01   6.0469210e-03   1.0438417e-02
   1.2993353e-01   1.0072965e-01   2.2854892e-02   7.8580479e-02   3.5021178e-02   2.9131421e-02   1.0933352e-02   6.0389184e-02   1.0478194e-03   6.3979057e-02   3.6257581e-02   1.1218423e-01   2.8187784e-02   1.1615142e-01   1.9493108e-02   5.5813745e-02   9.9311561e-02
   1.3061049e-01   2.5240999e-02   5.6385908e-03   3.1014483e-02   1.8869237e-02   2.7362839e-02   1.0722971e-02   2.3964589e-03   1.4412761e-01   3.0154173e-03   1.3881927e-01   1.2097236e-01   9.4238081e-02   1.2353508e-01   6.8028410e-03   1.0779014e-01   8.8431328e-03
   1.3302399e-01   8.1600830e-03   3.8168177e-04   1.5279168e-01   1.5288265e-02   1.6616148e-03   1.9681140e-02   5.8404479e-02   9.3449503e-02   5.4876626e-02   2.5140471e-03   8.3368381e-03   6.1333261e-02   1.3665131e-01   3.6877572e-02   1.3414962e-01   8.2418287e-02
   1.3450880e-01   4.7149141e-03   1.3572292e-01   8.4765000e-02   6.7363988e-02   1.0721134e-01   1.1659464e-01   9.1420946e-02   2.1135310e-02   3.9975305e-04   4.9061028e-02   5.1610940e-03   5.9111332e-02   8.4040368e-02   4.3576259e-03   9.1199450e-03   2.5310998e-02
   1.3506486e-01   2.3496435e-02   1.3905320e-01   1.3442103e-01   5.8919893e-02   1.8695645e-02   3.4780318e-02   4.7058977e-02   9.6960227e-03   1.4033553e-01   6.8528966e-02   1.1350220e-03   1.3756862e-02   5.5191431e-02   9.9008069e-04   2.4069923e-02   9.4805805e-02
   1.3536400e-01   1.1753698e-01   1.5497550e-02   1.2689384e-01   4.8880388e-02   1.5119279e-03   4.4943871e-03   7.4895363e-03   1.3656266e-02   1.0837616e-01   2.6265214e-02   8.3351872e-02   1.1941222e-01   2.7825425e-03   8.8961564e-02   6.9158474e-03   9.2609698e-02
   1.3655854e-01   2.0174558e-02   1.4271902e-02   1.2847078e-01   2.6409884e-02   1.1765034e-01   2.7857053e-02   7.1155664e-02   6.3983807e-02   9.8619412e-02   7.7686273e-02   5.0513890e-03   4.1372399e-02   2.2724418e-02   1.1344817e-01   3.0234478e-02   4.3309373e-03
   1.3760333e-01   2.4888037e-03   3.9293194e-02   4.1498185e-02   1.3602405e-02   1.1104458e-01   1.4300809e-01   6.5194983e-02   1.6468898e-02   1.4216158e-01   8.1467413e-02   4.6197234e-03   4.9977898e-02   8.0514225e-02   1.4019168e-02   2.5790664e-02   3.1246871e-02
   1.3808992e-01   1.4029699e-01   9.2301679e-03   2.1535845e-02   6.6690314e-02   6.8623184e-03   5.2407002e-02   1.1196739e-02   4.6019647e-02   2.7060100e-02   1.3883580e-01   1.0123222e-01   1.1630448e-01   2.1325684e-02   3.1480467e-02   6.9947445e-02   1.4848658e-03
   1.3810149e-01   1.1842768e-02   1.1659918e-01   1.1183103e-01   1.0918570e-01   3.1582503e-02   1.2530205e-01   1.1491980e-02   4.3416564e-02   1.9534357e-02   5.0906210e-03   2.4061635e-02   4.4093119e-02   1.1728400e-02   1.4263795e-01   5.3061528e-02   4.3912181e-04
   1.3991289e-01   8.1778213e-02   1.4714265e-02   1.3025250e-02   4.7689018e-02   1.3172942e-01   6.7982681e-02   1.6521109e-02   8.6092510e-04   1.1030147e-01   5.4789057e-03   3.1221628e-02   1.3672693e-01   9.8320524e-02   4.1096372e-02   2.2798803e-02   3.9841593e-02
   1.4434383e-01   4.3956762e-02   3.5765111e-02   2.4619771e-02   8.3510969e-03   1.2707948e-01   8.1365424e-02   2.9740833e-03   1.8524145e-01   1.4484153e-01   1.7415537e-02   1.1000118e-03   3.7504831e-02   4.2655426e-02   6.3972963e-02   4.4721320e-03   3.4340548e-02
   1.4475903e-01   1.6779756e-01   2.4474648e-02   3.2607673e-02   3.2668750e-02   9.7717244e-02   8.6995518e-02   8.7019249e-02   1.4130657e-02   7.7781964e-02   2.8878364e-02   6.8239050e-03   3.2881163e-02   7.7066655e-03   2.8687294e-04   1.5682439e-01   6.4635186e-04
   1.4811467e-01   1.0027858e-02   1.6213993e-01   3.2587008e-03   1.4244528e-01   5.9153250e-02   1.0660605e-01   3.2695003e-03   1.4823439e-01   1.4135082e-02   3.1319044e-03   9.6268877e-02   4.0821332e-03   8.4288347e-03   6.2592843e-02   8.9809507e-03   1.9129744e-02
   1.4896909e-01   7.8601934e-03   2.4000875e-02   6.6523508e-03   1.1062754e-01   9.9632952e-03   4.4063640e-03   3.4572778e-02   8.6022971e-02   1.1960315e-01   6.4526006e-02   3.9376279e-02   2.8930165e-02   9.2120947e-03   5.6156500e-02   1.1501962e-01   1.3410073e-01
   1.5024766e-01   1.3255188e-02   2.6990927e-02   1.1018859e-01   1.3333669e-01   1.7693716e-02   1.3607261e-01   6.0931543e-02   6.3556063e-02   1.3596868e-01   6.3872135e-03   2.1806932e-02   3.6969799e-02   1.9838163e-02   1.6956475e-02   4.0616543e-02   9.1832166e-03
   1.5044208e-01   1.9555313e-02   9.6388222e-02   2.2171019e-03   5.7741577e-02   7.2256636e-03   9.3402303e-02   2.8933962e-03   1.1633165e-01   1.4077192e-01   1.6661793e-03   1.2549779e-01   8.5035380e-03   9.6690960e-02   2.1359141e-02   1.1255203e-02   4.8057960e-02
   1.5112599e-01   7.6466980e-02   4.8083310e-02   8.9120177e-02   2.6049515e-02   7.5670027e-02   1.2042882e-01   2.3138656e-02   2.8200690e-02   5.6177829e-02   1.1399562e-02   2.4076602e-02   3.1973562e-03   5.0161014e-04   1.6970838e-03   6.6844530e-02   1.9782127e-01
   1.5125240e-01   3.7079489e-02   4.7839764e-03   1.9336370e-02   1.3192594e-01   1.2719777e-01   2.8163587e-02   3.9397132e-02   9.1050984e-02   3.4408500e-02   8.3292810e-02   2.0972717e-02   8.1000053e-02   5.1630286e-03   1.1999276e-01   3.5503770e-03   2.1432101e-02
   1.5160353e-01   5.9168691e-02   9.2047192e-02   2.2143855e-02   1.1426797e-02   4.1035986e-02   3.4620120e-02   8.7725817e-02   1.0959785e-01   4.2351910e-03   3.9115770e-02   4.2945852e-02   1.3662964e-02   3.0565579e-02   8.7737756e-02   7.7248885e-03   1.6464216e-01
   1.5233715e-01   1.3389306e-01   7.1148335e-02   1.0217679e-01   6.0029682e-02   5.9238869e-03   9.6363645e-02   4.6582239e-02   1.2704826e-01   1.0046910e-03   3.4595541e-02   8.9724359e-04   4.1678644e-02   1.2519523e-04   2.2050938e-02   8.0115513e-02   2.4029183e-02
   1.5255456e-01   1.6228247e-02   1.5026777e-01   1.2029495e-02   3.3382376e-02   4.3884926e-02   1.7353866e-03   1.6249071e-02   1.1950235e-01   5.4719031e-02   1.5488803e-01   2.7308874e-02   2.4098934e-02   1.1058803e-01   1.2541558e-02   2.6319720e-02   4.3701621e-02
   1.6179649e-01   1.2312721e-02   3.9139433e-02   1.9361812e-02   4.5889216e-02   3.2721133e-02   1.0621788e-01   6.4453610e-03   3.3866694e-04   5.1694665e-02   3.2704088e-02   6.7529069e-02   1.2795936e-01   1.4952140e-02   1.5687805e-01   6.4786759e-02   5.9273162e-02
   1.7536306e-01   1.2992893e-01   1.1204864e-03   2.7206384e-02   2.9142137e-02   5.5016237e-02   2.7255115e-02   1.3367139e-02   4.3414128e-02   1.6587910e-03   1.4974897e-02   1.7884962e-01   4.9490061e-02   1.1155615e-02   4.0950281e-02   1.8200869e-01   1.9098433e-02
   1.7820995e-01   9.0805590e-03   1.4911873e-03   4.5591910e-02   1.0673026e-02   4.1275965e-02   5.2024507e-02   9.1995823e-03   1.4521249e-02   6.7573276e-02   6.6040146e-02   1.3462171e-01   1.6922556e-01   7.7036307e-02   2.2056613e-04   1.2305007e-01   1.6442794e-04
   1.8203218e-01   2.5142806e-02   6.0680574e-03   1.6894810e-02   9.6336468e-02   1.1659762e-03   1.3754128e-02   7.3932527e-03   1.4444385e-01   5.7482520e-02   2.8888663e-02   1.0111813e-01   1.3891296e-01   3.6361829e-02   9.6065470e-02   3.3067728e-02   1.4871175e-02
   1.0000000e+00   0.0000000e+00   0.0000000e+00   0.0000000e+00   0.0000000e+00   0.0000000e+00   0.0000000e+00   0.0000000e+00   0.0000000e+00   0.0000000e+00   0.0000000e+00   0.0000000e+00   0.0000000e+00   0.0000000e+00   0.0000000e+00   0.0000000e+00   0.0000000e+00
