   0.0000000e+00   0.0000000e+00   0.0000000e+00   0.0000000e+00   0.0000000e+00   0.0000000e+00   0.0000000e+00   0.0000000e+00   0.0000000e+00   0.0000000e+00   0.0000000e+00   0.0000000e+00   0.0000000e+00   0.0000000e+00   0.0000000e+00   0.0000000e+00   0.0000000e+00   0.0000000e+00   0.0000000e+00   1.0000000e+00
   0.0000000e+00   0.0000000e+00   0.0000000e+00   0.0000000e+00   0.0000000e+00   0.0000000e+00   0.0000000e+00   0.0000000e+00   0.0000000e+00   0.0000000e+00   0.0000000e+00   0.0000000e+00   0.0000000e+00   0.0000000e+00   0.0000000e+00   0.0000000e+00   0.0000000e+00   0.0000000e+00   1.0000000e+00   0.0000000e+00
   0.0000000e+00   0.0000000e+00   0.0000000e+00   0.0000000e+00   0.0000000e+00   0.0000000e+00   0.0000000e+00   0.0000000e+00   0.0000000e+00   0.0000000e+00   0.0000000e+00   0.0000000e+00   0.0000000e+00   0.0000000e+00   0.0000000e+00   0.0000000e+00   0.0000000e+00   1.0000000e+00   0.0000000e+00   0.0000000e+00
   0.0000000e+00   0.0000000e+00   0.0000000e+00   0.0000000e+00   0.0000000e+00   0.0000000e+00   0.0000000e+00   0.0000000e+00   0.0000000e+00   0.0000000e+00   0.0000000e+00   0.0000000e+00   0.0000000e+00   0.0000000e+00   0.0000000e+00   0.0000000e+00   1.0000000e+00   0.0000000e+00   0.0000000e+00   0.0000000e+00
   0.0000000e+00   0.0000000e+00   0.0000000e+00   0.0000000e+00   0.0000000e+00   0.0000000e+00   0.0000000e+00   0.0000000e+00   0.0000000e+00   0.0000000e+00   0.0000000e+00   0.0000000e+00   0.0000000e+00   0.0000000e+00   0.0000000e+00   1.0000000e+00   0.0000000e+00   0.0000000e+00   0.0000000e+00   0.0000000e+00
   0.0000000e+00   0.0000000e+00   0.0000000e+00   0.0000000e+00   0.0000000e+00   0.0000000e+00   0.0000000e+00   0.0000000e+00   0.0000000e+00   0.0000000e+00   0.0000000e+00   0.0000000e+00   0.0000000e+00   0.0000000e+00   1.0000000e+00   0.0000000e+00   0.0000000e+00   0.0000000e+00   0.0000000e+00   0.0000000e+00
   0.0000000e+00   0.0000000e+00   0.0000000e+00   0.0000000e+00   0.0000000e+00   0.0000000e+00   0.0000000e+00   0.0000000e+00   0.0000000e+00   0.0000000e+00   0.0000000e+00   0.0000000e+00   0.0000000e+00   1.0000000e+00   0.0000000e+00   0.0000000e+00   0.0000000e+00   0.0000000e+00   0.0000000e+00   0.0000000e+00
   0.0000000e+00   0.0000000e+00   0.0000000e+00   0.0000000e+00   0.0000000e+00   0.0000000e+00   0.0000000e+00   0.0000000e+00   0.0000000e+00   0.0000000e+00   0.0000000e+00   0.0000000e+00   1.0000000e+00   0.0000000e+00   0.0000000e+00   0.0000000e+00   0.0000000e+00   0.0000000e+00   0.0000000e+00   0.0000000e+00
   0.0000000e+00   0.0000000e+00   0.0000000e+00   0.0000000e+00   0.0000000e+00   0.0000000e+00   0.0000000e+00   0.0000000e+00   0.0000000e+00   0.0000000e+00   0.0000000e+00   1.0000000e+00   0.0000000e+00   0.0000000e+00   0.0000000e+00   0.0000000e+00   0.0000000e+00   0.0000000e+00   0.0000000e+00   0.0000000e+00
   0.0000000e+00   0.0000000e+00   0.0000000e+00   0.0000000e+00   0.0000000e+00   0.0000000e+00   0.0000000e+00   0.0000000e+00   0.0000000e+00   0.0000000e+00   1.0000000e+00   0.0000000e+00   0.0000000e+00   0.0000000e+00   0.0000000e+00   0.0000000e+00   0.0000000e+00   0.0000000e+00   0.0000000e+00   0.0000000e+00
   0.0000000e+00   0.0000000e+00   0.0000000e+00   0.0000000e+00   0.0000000e+00   0.0000000e+00   0.0000000e+00   0.0000000e+00   0.0000000e+00   1.0000000e+00   0.0000000e+00   0.0000000e+00   0.0000000e+00   0.0000000e+00   0.0000000e+00   0.0000000e+00   0.0000000e+00   0.0000000e+00   0.0000000e+00   0.0000000e+00
   0.0000000e+00   0.0000000e+00   0.0000000e+00   0.0000000e+00   0.0000000e+00   0.0000000e+00   0.0000000e+00   0.0000000e+00   1.0000000e+00   0.0000000e+00   0.0000000e+00   0.0000000e+00   0.0000000e+00   0.0000000e+00   0.0000000e+00   0.0000000e+00   0.0000000e+00   0.0000000e+00   0.0000000e+00   0.0000000e+00
   0.0000000e+00   0.0000000e+00   0.0000000e+00   0.0000000e+00   0.0000000e+00   0.0000000e+00   0.0000000e+00   1.0000000e+00   0.0000000e+00   0.0000000e+00   0.0000000e+00   0.0000000e+00   0.0000000e+00   0.0000000e+00   0.0000000e+00   0.0000000e+00   0.0000000e+00   0.0000000e+00   0.0000000e+00   0.0000000e+00
   0.0000000e+00   0.0000000e+00   0.0000000e+00   0.0000000e+00   0.0000000e+00   0.0000000e+00   1.0000000e+00   0.0000000e+00   0.0000000e+00   0.0000000e+00   0.0000000e+00   0.0000000e+00   0.0000000e+00   0.0000000e+00   0.0000000e+00   0.0000000e+00   0.0000000e+00   0.0000000e+00   0.0000000e+00   0.0000000e+00
   0.0000000e+00   0.0000000e+00   0.0000000e+00   0.0000000e+00   0.0000000e+00   1.0000000e+00   0.0000000e+00   0.0000000e+00   0.0000000e+00   0.0000000e+00   0.0000000e+00   0.0000000e+00   0.0000000e+00   0.0000000e+00   0.0000000e+00   0.0000000e+00   0.0000000e+00   0.0000000e+00   0.0000000e+00   0.0000000e+00
   0.0000000e+00   0.0000000e+00   0.0000000e+00   0.0000000e+00   1.0000000e+00   0.0000000e+00   0.0000000e+00   0.0000000e+00   0.0000000e+00   0.0000000e+00   0.0000000e+00   0.0000000e+00   0.0000000e+00   0.0000000e+00   0.0000000e+00   0.0000000e+00   0.0000000e+00   0.0000000e+00   0.0000000e+00   0.0000000e+00
   0.0000000e+00   0.0000000e+00   0.0000000e+00   1.0000000e+00   0.0000000e+00   0.0000000e+00   0.0000000e+00   0.0000000e+00   0.0000000e+00   0.0000000e+00   0.0000000e+00   0.0000000e+00   0.0000000e+00   0.0000000e+00   0.0000000e+00   0.0000000e+00   0.0000000e+00   0.0000000e+00   0.0000000e+00   0.0000000e+00
   0.0000000e+00   0.0000000e+00   1.0000000e+00   0.0000000e+00   0.0000000e+00   0.0000000e+00   0.0000000e+00   0.0000000e+00   0.0000000e+00   0.0000000e+00   0.0000000e+00   0.0000000e+00   0.0000000e+00   0.0000000e+00   0.0000000e+00   0.0000000e+00   0.0000000e+00   0.0000000e+00   0.0000000e+00   0.0000000e+00
   0.0000000e+00   1.0000000e+00   0.0000000e+00   0.0000000e+00   0.0000000e+00   0.0000000e+00   0.0000000e+00   0.0000000e+00   0.0000000e+00   0.0000000e+00   0.0000000e+00   0.0000000e+00   0.0000000e+00   0.0000000e+00   0.0000000e+00   0.0000000e+00   0.0000000e+00   0.0000000e+00   0.0000000e+00   0.0000000e+00
   3.9906754e-04   2.5723802e-03   1.8892359e-02   6.3018267e-02   6.9669286e-02   3.9159913e-03   2.1174590e-02   1.0870372e-01   5.9637927e-02   1.0512675e-01   4.3281240e-03   1.0502975e-01   1.0578819e-01   2.4688955e-02   1.7103201e-02   4.4770504e-03   1.0115354e-01   4.3386744e-02   8.1557624e-02   5.9376482e-02
   8.0956818e-04   1.1635490e-02   1.2363919e-01   2.8994134e-02   3.1497101e-02   6.8143218e-02   1.6513580e-02   2.0675200e-04   1.4364893e-02   5.7000864e-02   9.2131537e-02   6.6226839e-02   2.8524311e-02   1.2193356e-01   4.7051177e-03   1.1977892e-01   5.0701776e-02   9.6042190e-02   5.8587186e-02   8.5637667e-03
   1.4864571e-03   1.2462825e-01   4.9855436e-02   4.6620492e-02   2.2544463e-02   1.1747060e-01   1.4489156e-01   1.7361701e-02   2.7246532e-03   1.9621727e-02   1.0681853e-03   1.4513377e-01   9.0826656e-04   1.9996547e-02   1.2769932e-02   7.6226479e-02   7.1805233e-02   2.4306137e-02   7.7670793e-03   9.2813032e-02
   1.6324798e-03   2.5288496e-02   3.9121061e-02   3.1153748e-02   3.1521979e-03   1.6665853e-03   1.2340743e-01   8.1184745e-02   2.6060347e-02   1.0477145e-02   8.6299565e-02   4.4488143e-02   4.2298740e-02   8.3865992e-02   8.9088389e-02   4.5476453e-02   8.5889723e-02   9.7655524e-02   6.0210283e-03   7.5772204e-02
   1.8672541e-03   8.5927074e-02   1.4000780e-01   3.0242495e-02   7.3697205e-02   1.9788936e-02   2.4688697e-02   2.8120507e-02   2.5438985e-03   5.5298842e-02   9.5122033e-02   9.3331925e-02   2.4593952e-02   1.7783383e-02   2.1847521e-02   1.1315729e-02   9.2727730e-03   1.3679930e-01   2.5219696e-02   1.0253098e-01
   2.0628063e-03   6.4870268e-03   3.3844365e-02   1.7645436e-03   4.8125242e-03   1.0919218e-01   1.5622316e-02   3.8294859e-03   5.1208070e-02   8.2076299e-03   5.6132525e-02   1.0238751e-01   8.4094774e-03   2.1572455e-02   3.2554431e-02   1.1737374e-01   1.0245663e-01   1.1097793e-01   9.7891501e-02   1.1321285e-01
   2.0672018e-03   3.0110379e-02   3.6627525e-02   1.0285019e-02   1.6095980e-03   1.3246832e-01   1.3083672e-01   7.3659528e-02   1.3342964e-02   2.0623028e-04   8.5118267e-02   2.1076717e-02   4.7311268e-02   4.6938660e-04   1.2540405e-01   5.9427258e-02   5.0244590e-03   8.1299290e-02   1.2328812e-02   1.3132700e-01
   2.1748485e-03   1.2243240e-03   3.0847289e-02   9.9476277e-02   7.0816449e-02   6.9388557e-02   1.3016217e-01   8.2991548e-02   1.5316861e-02   1.6390931e-02   2.9984813e-02   1.0533364e-01   1.3883989e-03   9.3778347e-03   1.3199920e-01   3.4038441e-03   1.0711715e-01   3.8991464e-02   2.7039055e-02   2.6575343e-02
   2.3035665e-03   6.2145055e-03   8.8630891e-02   6.8947296e-03   8.9833126e-02   1.2725805e-02   2.5409871e-02   3.3295636e-03   1.2435873e-01   8.0815327e-02   1.5613923e-02   1.3669805e-01   1.5478930e-02   7.6888848e-04   1.2969225e-01   5.5721113e-02   1.2791775e-01   2.5234134e-02   3.3407380e-02   1.8951472e-02
   2.4692134e-03   4.0583100e-03   1.0944269e-01   8.4734913e-03   2.6885151e-02   9.3504661e-02   5.4084528e-02   1.1324892e-02   1.1223804e-01   5.7635533e-02   1.1734151e-01   5.0468068e-02   7.7107155e-02   1.1113579e-02   1.3826233e-02   1.1719778e-01   1.3676644e-02   2.2916504e-04   1.0995687e-01   8.9664965e-03
   2.5307913e-03   2.5380221e-02   1.1629589e-01   7.1802164e-02   2.1668394e-02   1.3584324e-01   5.5436381e-04   8.0430958e-02   4.6759382e-03   1.2203235e-01   1.3989250e-01   1.9041192e-02   8.7276145e-02   9.3036709e-03   1.3810890e-02   3.6877245e-03   2.1596086e-02   3.1960279e-02   5.2182506e-02   4.0034708e-02
   2.6834929e-03   6.0898366e-02   1.8615221e-02   8.8990426e-02   4.0179867e-02   4.3516101e-03   2.3087709e-02   9.3801373e-03   2.7511846e-02   7.7361957e-03   2.1758050e-02   7.7990523e-02   1.3178126e-01   6.1309351e-02   1.1580118e-02   1.3671308e-01   1.1604294e-03   1.4461851e-01   1.1976598e-01   9.8878252e-03
   2.8020361e-03   1.6205109e-02   1.3828048e-01   6.5170691e-02   8.2519965e-02   8.7703731e-02   4.2544249e-02   1.1371597e-01   3.0238640e-02   1.5014244e-02   1.3940130e-01   2.0688367e-02   6.3512819e-03   1.1698501e-01   3.0588895e-03   9.1533181e-03   8.6396115e-03   2.5241676e-02   7.9157521e-03   6.8369682e-02
   2.8419298e-03   6.0631063e-02   5.2427973e-02   7.8490116e-03   6.4582771e-02   2.9135425e-02   4.8341549e-02   5.0351897e-02   4.2976890e-03   1.3131692e-02   8.1205088e-02   8.1645094e-02   2.3448233e-03   1.1272792e-02   1.1040625e-01   7.1807976e-02   8.7116997e-03   9.5306318e-02   9.0955951e-02   1.1275301e-01
   2.8500814e-03   1.2962953e-02   2.1707491e-03   1.4723359e-02   4.2891339e-02   3.6888429e-02   1.3105906e-02   5.2598638e-03   1.1356305e-01   9.7162540e-02   9.7498352e-02   7.0402374e-02   2.8103635e-02   9.5493245e-02   1.6449799e-02   1.4882435e-01   1.3832119e-02   2.1778682e-02   1.3380699e-01   3.2232183e-02
   2.9617892e-03   2.9096504e-03   2.3441495e-02   1.2990159e-01   1.2835816e-02   7.7866519e-02   1.0863721e-01   2.3140782e-02   1.2304214e-01   5.3077012e-02   3.7657721e-02   8.4690112e-02   1.2958734e-03   8.8300954e-02   6.5706857e-06   3.2275111e-03   2.5341992e-02   1.3093245e-01   5.8012177e-02   1.2720642e-02
   3.4509662e-03   1.7250689e-02   2.1390677e-02   1.1130516e-01   8.0323527e-03   7.2807033e-02   9.2151245e-02   4.1492921e-03   9.8074693e-03   3.7796485e-02   1.2161678e-01   4.9326355e-02   1.1496085e-01   7.4460959e-02   2.7443211e-02   7.6161941e-02   8.3231078e-02   6.1594079e-03   9.6219968e-03   5.8876056e-02
   3.4902295e-03   9.6404698e-02   8.0281321e-02   5.4864323e-02   1.1291984e-01   5.3244604e-03   7.6935119e-02   2.4864814e-02   1.7901405e-03   1.1472916e-01   3.5877071e-02   7.2839518e-02   1.0840073e-01   3.5068073e-03   6.7316649e-03   5.9822772e-02   1.0167478e-02   6.4618483e-03   2.3313288e-02   1.0127472e-01
   3.5695163e-03   6.4888708e-02   8.4903496e-03   3.5006757e-02   1.4109788e-01   8.7070702e-02   1.0249611e-02   9.4643176e-02   2.5624028e-02   8.0824048e-03   1.3258204e-02   1.3028735e-02   1.0902323e-01   1.0412789e-01   2.6031973e-02   8.9263405e-02   1.6751230e-02   2.6516407e-03   1.0122128e-02   1.3701843e-01
   3.5793494e-03   1.4738047e-02   9.1498383e-04   7.1075862e-03   8.1024563e-02   1.2084083e-01   1.1162502e-01   7.8966759e-02   2.2739851e-02   2.7271064e-02   9.3044284e-02   8.5303811e-02   3.3202644e-02   9.2441331e-03   6.4122053e-02   5.4303992e-03   4.6798182e-02   1.0077048e-01   7.3803345e-02   1.9472610e-02
   3.6543069e-03   2.3462624e-02   6.4787366e-02   9.1321060e-03   2.8040705e-02   1.1887144e-02   8.3561108e-02   4.6483362e-02   1.1888646e-01   9.3191411e-02   9.3119398e-02   1.3937188e-04   1.2194857e-01   3.9899447e-02   3.4989119e-02   1.1436012e-03   3.9958236e-02   1.2091471e-01   6.1855513e-02   2.9454446e-03
   4.1951043e-03   8.5957724e-02   8.2832911e-02   1.8758725e-02   7.7669196e-02   1.4709080e-01   3.6896934e-02   3.3142368e-03   7.2982575e-03   1.5435048e-02   8.1591820e-02   1.4355190e-02   1.2889568e-02   1.6801572e-02   2.2011460e-02   2.3125242e-03   4.6447538e-02   1.5378760e-01   1.4369720e-02   1.5598407e-01
   4.2696368e-03   5.8011370e-04   1.9422207e-02   1.1753104e-01   6.4044553e-03   1.0869010e-01   1.1077851e-01   5.8429052e-02   4.1907414e-02   1.0121824e-01   6.8871099e-02   1.2437638e-02   6.4044553e-03   5.2210233e-03   2.7520594e-02   2.0884093e-04   2.0095139e-02   8.2306532e-02   1.1128901e-01   9.6414897e-02
   4.3932220e-03   5.4059226e-02   9.6839691e-02   9.2880046e-03   1.5559183e-01   2.3815072e-02   2.8421440e-03   1.3898608e-02   1.5373296e-01   5.9891407e-02   6.3900869e-02   1.1179703e-02   1.3040427e-02   4.9752751e-02   8.8934640e-03   3.7036290e-02   4.7719777e-02   5.2860388e-02   3.2864734e-02   1.0839942e-01
   4.4669832e-03   6.2297044e-02   8.6188690e-03   1.0625240e-01   2.2286282e-02   8.3555657e-03   1.0180427e-01   2.0894240e-03   7.5046762e-02   1.1480731e-01   6.5543702e-02   1.1679578e-01   9.9185347e-03   3.9566606e-02   1.1430382e-01   1.8292206e-02   1.2708073e-02   3.0288108e-03   5.9583359e-04   1.1322173e-01
   4.6358935e-03   7.7274346e-02   1.0006101e-03   2.1835391e-02   1.0327420e-01   5.4312177e-02   9.5180917e-02   3.1607878e-03   4.1845701e-03   1.8511315e-02   1.0044151e-01   5.2940024e-02   4.6101571e-02   4.1471328e-02   4.2896550e-02   1.0122956e-01   1.0172375e-01   8.7209752e-02   8.5873295e-05   4.2529881e-02
   4.6436011e-03   9.5351976e-04   1.1468302e-01   5.2056890e-02   3.3840451e-02   1.0178156e-01   1.2692375e-01   4.2321938e-03   6.1243706e-02   6.2195523e-02   6.3618348e-02   2.0578781e-02   2.1209445e-02   3.9893071e-02   1.7996650e-01   6.5237187e-02   7.3610491e-03   7.9979832e-03   5.8893956e-03   2.5694027e-02
   4.9645222e-03   4.5076792e-03   1.1433628e-01   5.6179307e-03   4.0569752e-02   3.8264795e-02   1.1818432e-01   1.6814862e-02   4.7310348e-02   4.6213281e-02   1.0822914e-01   1.4125535e-02   1.9186932e-02   3.1484248e-02   4.0565006e-02   1.0524414e-01   1.5089952e-01   4.6195809e-02   3.4057671e-02   1.3228240e-02
   4.9732382e-03   1.1194548e-01   2.0620543e-03   8.7898785e-03   9.9477550e-03   6.3495025e-02   5.7977877e-02   8.6183563e-03   1.0763125e-01   1.0359809e-02   1.0346476e-01   3.9391100e-02   4.6989602e-02   9.2123345e-02   2.2478726e-02   1.2593536e-01   3.7322984e-02   7.8702886e-03   1.6222950e-02   1.2240017e-01
   4.9743160e-03   5.3363732e-02   1.0267185e-01   1.5803094e-03   4.6143870e-02   7.0881147e-03   9.5800717e-02   9.3939680e-02   1.3864760e-02   9.2313270e-03   9.6728494e-02   9.8649689e-02   2.8956234e-03   1.6830106e-03   2.6614311e-02   5.9032755e-02   9.4697353e-02   2.1978315e-02   8.2599698e-02   8.6462076e-02
   5.0387180e-03   5.0381949e-03   4.9864040e-02   8.1305743e-02   1.0095858e-01   1.2640213e-02   1.1642298e-02   1.8373885e-03   7.7810788e-03   1.0683560e-01   6.8553089e-02   7.8728727e-02   4.7716097e-03   1.0447423e-01   5.3758312e-02   1.5674137e-02   1.0943255e-01   1.9094486e-03   9.6191787e-02   8.3564260e-02
   5.1443945e-03   2.8078696e-02   1.2236900e-01   3.7576698e-02   1.0630150e-02   1.1474228e-01   9.9806311e-03   6.3194769e-02   5.1178299e-02   3.3330653e-03   4.7240569e-02   1.0251846e-01   5.0852592e-02   6.5762555e-03   1.1856147e-01   2.4235123e-02   9.8690759e-03   1.2139229e-02   5.9446829e-02   1.2233241e-01
   5.1654208e-03   1.1378163e-01   2.6646726e-02   4.9289882e-02   5.4482849e-02   2.9143248e-03   4.0406198e-02   1.2496770e-02   4.8322259e-02   7.4385520e-03   1.2305870e-01   1.1846371e-01   8.3119128e-02   1.2244421e-01   1.4011295e-02   3.2938915e-02   1.1969177e-02   1.5066692e-02   5.4032448e-02   6.3951109e-02
   5.2834542e-03   4.1665278e-02   4.8163061e-03   9.4136398e-02   1.1200398e-01   6.4745640e-02   5.8385195e-02   1.0890080e-01   6.1427882e-02   1.3806879e-01   1.8738472e-02   1.3072205e-02   8.0973037e-02   6.1855643e-02   3.2784149e-03   7.0235782e-02   9.0032664e-03   2.5986181e-03   1.2990209e-02   3.7820631e-02
   5.6327177e-03   5.9024651e-02   1.9825229e-02   8.7924205e-02   6.8683137e-02   5.1175837e-02   1.2734849e-01   1.4774656e-02   8.1582039e-02   8.7469148e-02   1.2025968e-02   1.5697407e-02   6.7997056e-02   1.3383775e-02   1.1672474e-01   1.1416148e-01   2.7620220e-02   1.4211187e-02   6.3206986e-03   8.4173665e-03
   5.9356002e-03   7.8193788e-03   1.8508004e-02   9.0254890e-02   4.1882558e-03   1.8333410e-02   1.1091483e-02   1.2917795e-01   3.3072036e-02   8.0677302e-02   3.8410170e-03   4.1971343e-02   1.0394613e-01   1.1423576e-01   9.2337966e-02   1.1913998e-02   9.0910675e-02   9.7629774e-02   7.1044368e-03   3.7050584e-02
   6.2332652e-03   1.7988153e-02   1.5053104e-03   1.3689264e-01   8.9244388e-02   1.3983784e-01   4.0870938e-03   2.7805889e-02   5.0075626e-02   1.3443733e-01   6.6052172e-03   1.5789371e-02   8.3688553e-02   1.2415623e-02   3.0655022e-02   3.9614478e-02   6.0115896e-02   2.3942865e-02   9.3863896e-02   2.5201547e-02
   6.2568628e-03   4.4535481e-02   7.1906719e-03   2.8843128e-03   1.9310860e-02   3.1216593e-02   5.7954182e-02   9.3394750e-02   1.8261899e-01   9.8312649e-03   2.2386015e-02   1.8601260e-02   8.3412651e-02   1.0311730e-02   9.2064389e-02   1.9928977e-02   5.7188186e-03   3.6280427e-02   1.9712555e-01   5.8976219e-02
   6.3213436e-03   9.7203326e-03   5.3012450e-02   7.2516430e-02   1.2903248e-01   2.0753358e-02   9.5356063e-02   1.5107656e-02   8.4647745e-02   1.4233267e-01   3.1370605e-03   9.6407172e-02   3.7204384e-02   3.5239306e-02   1.9917652e-03   1.3849798e-02   1.1593916e-02   1.0203905e-01   6.5695991e-02   4.0410312e-03
   6.3421962e-03   1.0217233e-01   1.1962561e-01   6.0297378e-02   8.8968224e-02   1.4169210e-01   1.7218926e-02   1.3014590e-01   2.0493383e-02   1.1730926e-02   4.6428666e-02   2.7797957e-02   3.7290876e-02   1.3344370e-02   7.6356172e-02   1.2360950e-02   1.7404452e-02   5.7901244e-02   3.4261529e-03   9.0021890e-03
   6.6554759e-03   4.8510369e-02   1.0602535e-01   1.4122495e-01   1.3298290e-01   1.1210835e-02   2.5439519e-02   2.7849427e-02   1.3495597e-02   1.4543934e-02   1.4399963e-02   1.4615301e-02   6.0361104e-02   1.1502225e-01   3.5798264e-02   8.6777602e-02   6.1494548e-03   2.4789744e-02   1.0103530e-01   1.3112647e-02
   7.0936350e-03   9.8680991e-02   9.2908619e-03   1.2078499e-01   5.0990884e-02   7.3052777e-02   8.8008638e-02   1.7835776e-02   2.2450493e-02   1.3697642e-01   1.0234783e-01   1.3499842e-02   1.0823189e-02   8.4452723e-03   1.6358786e-02   1.2336382e-01   3.2556576e-02   4.0089767e-02   1.8029540e-02   9.3199076e-03
   7.4853774e-03   9.1825606e-02   6.8540635e-02   4.4506938e-04   1.9586241e-02   2.3542061e-03   9.2962056e-04   1.1758227e-01   7.5049595e-03   5.8311690e-02   1.0673043e-01   5.6305130e-02   1.0588341e-01   8.8910359e-04   1.0787232e-01   3.7711623e-03   5.1036657e-03   9.0463003e-02   1.0512492e-02   1.3790361e-01
   7.5762914e-03   1.0098187e-01   8.3683265e-02   1.0677065e-01   2.8520824e-02   1.6910805e-02   8.8008062e-02   6.5409945e-03   6.8663172e-02   3.3814036e-02   6.1882819e-03   4.1081160e-02   1.9700878e-03   8.8570880e-02   1.2302049e-02   9.3960208e-02   9.8942405e-02   4.7376631e-02   4.4402275e-02   2.3736054e-02
   7.7380697e-03   9.7912798e-03   2.5206400e-02   7.5108155e-02   8.8062209e-02   1.2081237e-01   3.9358532e-02   5.8807755e-03   4.2836562e-02   5.0828055e-02   1.0381328e-01   1.9268873e-02   1.8372907e-05   9.9658602e-02   8.8242396e-02   3.2666581e-02   2.6174816e-02   1.0020936e-01   1.2347861e-02   5.1977450e-02
   7.7454319e-03   1.5011270e-02   8.7861493e-02   4.7048103e-02   3.5561844e-02   1.3308714e-01   1.9231692e-02   1.3402235e-01   2.6617428e-03   1.7744952e-03   3.5370006e-02   3.2948060e-02   1.1646923e-01   3.6449091e-03   6.9061436e-03   5.6568030e-02   6.2227231e-02   1.1857944e-01   6.9205314e-02   1.4076063e-02
   8.1266639e-03   3.1362384e-02   2.5244033e-02   2.0690299e-02   6.1790668e-02   1.1192845e-01   1.3777965e-02   1.0999019e-01   7.7063192e-04   6.7115034e-02   1.3918079e-01   9.6539162e-02   3.1946196e-02   1.8681986e-04   1.7000607e-02   1.1823362e-01   8.4489281e-02   3.3627575e-03   1.5435991e-02   4.2828453e-02
   8.2063576e-03   3.3885803e-03   4.8684908e-02   1.9709089e-02   1.2821281e-01   1.5721168e-02   5.5761739e-02   1.2083631e-01   9.2206265e-05   2.9044974e-02   7.3534497e-03   4.0432447e-02   1.2387912e-01   1.3153224e-01   1.1495816e-01   2.6440147e-02   2.8053756e-02   1.4038404e-02   2.4872640e-02   5.8781494e-02
   8.3128953e-03   5.8525881e-02   1.0070995e-01   4.2338970e-03   6.5573770e-03   1.0068414e-03   6.0694462e-02   3.3793727e-02   3.3303214e-03   1.5128437e-02   1.1973667e-01   1.2804957e-02   1.2918549e-01   2.5816445e-02   8.2018846e-02   1.1728411e-01   1.5025171e-02   1.6574158e-02   5.4111269e-02   1.3514909e-01
   8.8924905e-03   1.0420540e-01   4.3567732e-02   1.2114790e-02   8.1613574e-02   6.7258500e-02   1.1532350e-01   3.5443422e-03   3.3006049e-02   1.4361498e-03   2.9462777e-02   1.3845948e-02   3.1996330e-02   1.5476395e-02   3.6888121e-02   1.2841921e-01   3.1881323e-02   5.8311487e-02   5.3916825e-02   1.2883906e-01
   9.3359758e-03   1.5563666e-02   8.6320431e-03   1.0792990e-02   5.9278668e-02   1.2139642e-03   3.7715675e-02   5.7088650e-03   1.4012273e-03   1.2440863e-01   2.9652786e-02   1.0670833e-01   1.0748635e-01   1.1005658e-02   6.7868406e-02   8.4038144e-02   1.2768771e-01   5.4546088e-02   2.4915075e-02   1.1203975e-01
   9.4540949e-03   4.3553087e-02   8.9332018e-02   1.2368343e-02   1.7669061e-03   5.8927465e-02   3.9789807e-02   4.3576034e-02   3.4649717e-03   1.3373414e-01   1.3120999e-01   1.0291654e-01   3.2653342e-02   1.8609881e-02   1.2834163e-01   3.3502375e-03   9.8212442e-03   7.7261984e-02   2.7283783e-02   3.2584502e-02
   9.8016787e-03   1.4649690e-01   7.8633648e-02   1.2144378e-02   1.9081226e-02   8.0203784e-02   3.1764856e-02   1.7036994e-01   3.6812963e-02   3.2265239e-03   4.4860260e-02   6.0015551e-03   2.1620391e-03   4.6287618e-02   1.3053989e-01   4.3402406e-02   5.4876934e-02   2.6252713e-03   6.5187075e-02   1.5521061e-02
   9.8572317e-03   1.0084508e-01   8.3229905e-03   1.2372750e-02   1.2724542e-01   1.8790020e-03   4.2219218e-02   1.0723944e-02   1.1738209e-01   7.4652575e-02   3.4596454e-03   2.7842099e-03   1.0832905e-03   2.8931714e-02   1.0550427e-01   9.6432250e-02   3.6553779e-02   1.2575210e-01   4.2335134e-02   5.1663311e-02
   9.8664880e-03   9.0189862e-02   4.5388051e-03   9.2374352e-02   5.6630068e-03   1.9306285e-02   1.0103411e-01   3.5637826e-02   2.8703231e-03   2.6372106e-02   9.0886314e-02   3.9972188e-02   1.2069123e-02   5.6094678e-02   2.2086742e-02   5.5551933e-02   1.2879838e-01   7.3075459e-02   1.3203211e-01   1.5799093e-03
   9.9872180e-03   4.2331777e-02   1.2598742e-02   4.6992043e-03   1.3326892e-01   1.0663502e-01   9.8540853e-03   1.0263946e-01   2.7400328e-02   1.5517424e-02   1.4456842e-01   1.5887452e-02   3.5250413e-03   2.1311058e-02   6.7832514e-02   1.4363745e-03   9.4115821e-02   4.7198039e-02   1.2405992e-01   1.5133176e-02
   1.0213074e-02   5.9322611e-02   1.0040129e-03   1.0074950e-03   1.2022771e-01   6.4757122e-02   5.0162025e-02   6.4548485e-02   8.5159873e-03   4.2992556e-02   1.0999328e-02   1.0420107e-01   8.7564004e-02   1.4154211e-02   1.7563949e-02   8.4605365e-02   2.5794847e-02   3.0635183e-02   1.0505264e-01   9.6678330e-02
   1.0346620e-02   1.1171590e-01   4.1624951e-02   1.4588233e-01   1.3122613e-02   1.1085137e-01   1.7282380e-02   3.0914854e-02   3.2411778e-02   3.5947164e-02   3.1892640e-02   1.4200251e-02   1.6097741e-01   1.0397560e-01   1.3377246e-02   9.4155746e-03   1.0835094e-01   5.4209585e-03   5.8647000e-05   2.2307587e-03
   1.0360080e-02   1.9071348e-02   3.1631394e-02   7.7666842e-02   7.4299761e-02   1.4121032e-02   1.9642733e-02   8.7244545e-02   8.7460801e-03   4.0073379e-02   1.2903529e-01   4.8796340e-04   3.3413376e-02   1.2821654e-01   2.8787495e-02   8.3875434e-02   1.3370702e-01   9.6705527e-03   8.0858484e-04   6.9140549e-02
   1.0889191e-02   6.7576154e-02   9.5229051e-02   8.0310548e-02   1.2980511e-02   3.6953730e-02   5.1560955e-02   9.0429529e-02   1.2045181e-01   1.5665619e-02   6.4270934e-02   2.5593828e-02   2.7763474e-03   1.5853908e-02   1.0015428e-02   6.9571132e-02   9.6142180e-02   1.2080778e-01   6.6865983e-03   6.2347648e-03
   1.2087901e-02   2.2123520e-02   3.3318124e-02   5.3143071e-03   1.1361383e-02   7.9344892e-02   3.7354146e-02   8.3702847e-02   4.6041137e-03   1.1358846e-01   1.2204147e-01   5.4446179e-02   8.0530677e-02   8.9290382e-02   1.6996713e-02   1.0000365e-02   7.3947151e-02   8.1142279e-02   4.4524601e-02   2.4280495e-02
   1.2246475e-02   1.3811112e-01   2.3186931e-02   4.6621614e-03   2.5480062e-02   1.0282010e-01   2.2316804e-02   2.9240969e-02   3.2046719e-02   1.3033541e-02   2.0949624e-02   7.5217649e-02   1.1899068e-03   1.1380094e-01   6.7786179e-02   6.9724855e-04   9.1717331e-03   1.5676336e-01   6.2677907e-02   8.8600559e-02
   1.2895417e-02   5.5025547e-03   8.0039034e-02   1.1871943e-01   6.8464470e-03   1.9796513e-03   1.3229055e-01   2.3393087e-02   2.7970478e-02   2.1274235e-02   1.0073148e-01   8.2744633e-03   7.2221959e-02   6.8754942e-02   1.1792272e-02   4.3877567e-02   4.3937710e-02   1.1107006e-01   1.0486705e-01   3.5615977e-03
   1.3048812e-02   1.2042365e-02   2.1324863e-02   6.3871393e-03   6.9438907e-02   5.0583260e-03   1.9164914e-02   5.2170197e-02   7.1905535e-02   5.2904236e-02   1.2923094e-01   7.4187744e-03   1.1456626e-01   9.5529059e-04   1.0516408e-01   1.5035848e-02   5.8137083e-02   1.2793375e-01   2.4474366e-02   9.3638318e-02
   1.3309569e-02   6.3785993e-02   1.1123577e-02   1.3472775e-01   1.7724184e-02   5.0800944e-02   2.9939231e-02   5.7109511e-02   1.0873787e-02   2.5790832e-02   1.6801579e-02   9.5810929e-02   2.6437955e-02   6.8271913e-02   6.6774084e-02   1.3128231e-01   1.8476941e-02   1.4994172e-01   2.2694789e-03   8.7477110e-03
   1.3628704e-02   5.2765194e-02   5.7495832e-02   6.9039220e-02   1.0200061e-01   5.2857641e-04   2.4779276e-02   1.0000866e-02   2.8115411e-02   1.7432814e-02   7.4131512e-02   5.6477592e-02   1.1148921e-01   2.4885288e-02   4.2708362e-02   7.3497959e-03   1.6028978e-02   1.0554024e-01   1.0318062e-01   8.2421906e-02
   1.3664980e-02   3.2012783e-02   9.0716641e-02   2.7897897e-02   2.9643084e-02   8.3954274e-02   1.4624983e-02   2.5056962e-02   3.8314479e-02   1.1990932e-02   8.1824232e-02   1.2233878e-02   1.0376634e-02   3.0996802e-02   1.6240775e-01   1.6012527e-03   1.6204873e-01   1.6018920e-01   2.4632448e-04   1.0198180e-02
   1.3781390e-02   6.4324248e-02   6.7482305e-04   6.0957517e-02   8.0930997e-02   1.2093167e-01   9.1354280e-02   6.9786077e-03   2.5136313e-03   1.1943518e-02   2.2261249e-02   9.3161409e-02   1.3765474e-01   1.4769978e-02   6.0150299e-02   3.2361976e-02   7.3979211e-02   3.0189621e-02   3.3913878e-02   4.7166953e-02
   1.3793312e-02   1.2044232e-01   1.2522558e-03   1.1745608e-01   1.1263420e-01   1.3804668e-02   4.2482048e-03   7.5447230e-02   1.4876902e-02   1.1254560e-01   6.1293246e-02   9.8713959e-02   1.9219724e-02   1.4676521e-03   1.2200910e-02   7.8142892e-02   5.0242365e-03   4.3111641e-02   3.1673096e-02   6.2651868e-02
   1.4085218e-02   9.7465587e-02   1.4115003e-02   3.6429034e-02   6.6858424e-02   4.7486028e-03   1.1797468e-03   1.1299036e-01   1.1198721e-01   7.8321268e-02   9.8538647e-02   7.6921079e-02   1.0985834e-01   4.1065435e-03   1.6400905e-02   2.9781678e-03   1.4140900e-02   1.5225410e-02   1.1017429e-01   1.3475259e-02
   1.4311606e-02   9.7122897e-02   1.0796169e-02   8.4397810e-03   9.0959394e-02   1.2527167e-01   1.1486691e-01   1.0628285e-01   4.2877837e-03   2.3980456e-02   1.0765189e-02   1.4575819e-02   8.2587582e-02   7.3860368e-02   4.2534717e-03   9.0963333e-03   2.4097825e-02   5.8249611e-02   1.1812141e-01   8.0728811e-03
   1.4389014e-02   1.8384412e-02   9.6458136e-02   5.5815002e-02   8.1613056e-02   8.1935264e-02   9.4299102e-02   5.3096616e-02   5.1289099e-02   9.7276785e-02   1.4534993e-02   2.1015769e-03   1.3512946e-03   5.8442137e-02   9.7895689e-02   2.3311193e-02   1.0618296e-01   4.0620688e-02   6.4178428e-03   4.5851436e-03
   1.4453727e-02   1.0754339e-01   1.1601629e-01   1.0437742e-01   1.6006427e-02   1.2581324e-01   9.2260996e-02   3.5794669e-02   1.1411061e-02   1.2211041e-02   8.8073407e-03   4.2485281e-03   2.8216151e-02   4.3659729e-02   1.3289509e-01   1.5275787e-02   9.6082927e-02   2.7745222e-02   4.3845954e-03   2.7963674e-03
   1.4597814e-02   7.7439136e-03   7.4334314e-03   1.4914820e-01   4.7541191e-04   1.5406259e-01   1.2064365e-01   3.8514524e-02   5.5252597e-02   5.2844496e-02   2.8386424e-02   2.3811838e-02   6.2431754e-02   8.0828335e-02   7.5774799e-02   1.8043162e-03   4.6530804e-02   7.1849230e-03   6.5270971e-02   7.2592112e-03
   1.4904518e-02   1.6860736e-02   4.9371216e-02   1.1457848e-02   5.5270921e-03   5.2755783e-02   4.2260519e-02   1.5804999e-01   4.6390312e-02   6.5517777e-03   1.0159913e-01   3.2914144e-03   1.6643378e-02   2.9312219e-02   1.4727527e-01   8.1167521e-02   5.5860891e-02   5.6202453e-03   4.7942866e-02   1.0715727e-01
   1.5153688e-02   4.7033447e-02   9.6009290e-02   8.5391115e-03   1.3935306e-02   4.7335736e-02   1.2725959e-01   1.2843283e-03   1.3715193e-01   2.5775489e-02   7.5676299e-03   1.1415486e-02   8.5501411e-02   5.6848767e-02   8.3847971e-03   6.5442346e-02   7.7675584e-02   1.5555986e-02   1.3290105e-01   1.9229028e-02
   1.5223672e-02   8.0196930e-02   2.3683934e-02   1.1403961e-01   1.3278660e-01   5.3164370e-04   2.2453998e-02   3.9560743e-02   1.1949972e-01   3.5556434e-03   1.1419348e-01   4.4805553e-03   5.9360957e-03   6.3697592e-02   1.1716061e-01   6.5022241e-03   2.5923846e-02   8.5813622e-02   1.5927169e-02   8.8323137e-03
   1.5454820e-02   9.4709463e-03   1.9334985e-02   1.1771568e-01   2.4931792e-02   4.7444504e-02   1.0980951e-01   2.0464155e-02   6.2513098e-02   9.2067244e-03   8.8114158e-02   8.5173407e-02   3.1187145e-02   3.8830482e-02   4.2311276e-02   8.8536166e-02   9.3682907e-04   2.3326411e-02   1.1744114e-01   4.7796767e-02
   1.5466131e-02   1.2927449e-01   1.2212991e-02   1.4173604e-01   2.1405541e-02   2.2269177e-02   1.9765021e-03   1.3193617e-01   1.1650059e-01   7.3437611e-02   2.5064923e-02   1.0582670e-02   3.9140171e-02   5.0768168e-03   1.9481431e-02   2.1534163e-02   2.5722024e-02   1.1056531e-01   3.4895689e-02   4.1721556e-02
   1.5821852e-02   5.0297859e-02   1.3842469e-01   1.9977794e-02   1.6134171e-03   5.8440318e-02   1.5303413e-02   1.2887895e-01   1.3988282e-01   6.4693887e-02   7.7757862e-02   4.4539709e-03   3.0464141e-02   1.2065374e-02   1.6748978e-02   1.0300591e-03   5.1396250e-02   8.1018929e-04   1.3983766e-01   3.2100512e-02
   1.5976603e-02   1.2934064e-01   4.4786870e-02   3.2629810e-02   4.7798852e-03   4.4088439e-03   7.7482157e-02   4.5921819e-02   9.9548203e-02   7.1807408e-03   8.9486435e-03   1.2835847e-01   1.0729642e-01   8.9268176e-03   4.8366327e-02   1.5103564e-02   6.0457909e-03   7.7896851e-02   9.7038217e-02   3.9963332e-02
   1.6257118e-02   5.5627812e-03   1.0361560e-01   1.5966422e-01   3.4523371e-03   5.9337929e-02   3.8831682e-02   1.2235251e-03   3.6097932e-03   1.5832754e-01   1.6506384e-01   7.9948168e-03   7.5825757e-03   3.9904976e-02   3.0460493e-02   1.0878108e-02   8.5832606e-02   7.0177732e-02   2.3105196e-02   9.1171331e-03
   1.6437580e-02   9.3708197e-02   5.7618966e-03   1.1490008e-01   5.9581805e-02   1.1499820e-01   6.9478294e-03   4.1771582e-03   3.5032363e-02   2.0164364e-02   7.8021305e-02   1.1458950e-01   3.3729788e-02   5.1138270e-02   3.5893116e-02   2.2662094e-03   1.0317646e-01   8.2126486e-02   9.1953890e-03   1.8154007e-02
   1.6455965e-02   1.3581556e-01   4.5927045e-02   1.7263339e-02   2.7099558e-02   8.9684950e-03   1.2617708e-01   6.9618893e-02   9.5338838e-02   1.1537044e-01   4.0834895e-02   9.0601025e-02   1.0863551e-02   6.9654176e-02   8.0864957e-03   1.6226870e-02   3.1856678e-02   3.8433252e-03   4.7805600e-02   2.2192165e-02
   1.6586879e-02   5.9138652e-02   2.8587440e-02   8.0999647e-02   1.0635998e-01   1.0650952e-01   2.2583351e-02   9.0918091e-03   8.6811566e-02   6.6371283e-03   9.8028382e-02   1.0845985e-02   2.1924079e-03   1.4039376e-02   2.1285502e-02   1.0651842e-01   7.3188736e-02   3.1660428e-02   4.1683209e-02   7.7251578e-02
   1.7308245e-02   3.3552516e-03   2.9081311e-02   1.0411002e-01   1.1237548e-01   1.1051143e-01   2.7576262e-03   1.1643877e-01   8.5957399e-02   1.3510496e-02   6.3532711e-02   7.2985582e-02   7.7168795e-02   6.9843845e-02   2.7000993e-02   7.9358956e-03   1.8127191e-02   5.2605237e-02   1.3648577e-02   1.7451489e-03
   1.7694303e-02   6.9572249e-02   1.1718232e-01   3.9741410e-02   2.0404827e-02   9.6807813e-03   2.7766281e-02   6.3347213e-02   3.5326062e-02   1.1845388e-01   3.9356862e-02   6.9219591e-02   7.9927899e-03   2.7999521e-02   7.1808927e-02   1.7343804e-02   4.7461780e-02   2.3308026e-02   1.0962450e-01   6.6714871e-02
   1.7715139e-02   4.2169199e-02   1.2392347e-01   5.1527692e-03   1.9120297e-02   1.0017346e-01   1.3394871e-02   8.4163961e-02   2.7297083e-03   7.0283206e-03   1.0773166e-03   9.8770427e-02   7.6751120e-02   1.1652402e-01   2.1987804e-02   2.5910192e-02   1.2235985e-01   6.7753828e-02   1.7593530e-02   3.5700719e-02
   1.7953280e-02   5.7921193e-02   1.0950890e-01   1.8897412e-02   1.4854485e-02   7.3504215e-02   1.4250767e-02   2.8833032e-03   1.2038764e-01   1.0032088e-02   4.2703153e-03   1.2121060e-01   3.9777123e-02   6.1381092e-02   9.4535556e-02   2.7529525e-02   4.4747073e-02   7.5898176e-03   1.2282955e-01   3.5936063e-02
   1.8043110e-02   6.4647703e-02   1.8658816e-03   5.1754234e-02   3.0970812e-02   2.2921277e-02   2.9203761e-02   2.5041810e-02   1.1969063e-02   1.1336257e-01   8.9992645e-03   6.0069799e-02   3.2587053e-02   1.5776032e-01   1.4591265e-01   3.2638601e-02   8.9870128e-04   1.2869720e-02   1.5609896e-01   2.2384706e-02
   1.8135820e-02   1.2308182e-01   1.3410642e-01   5.2804467e-02   8.9111925e-03   6.6210735e-02   3.9301488e-02   7.1283235e-02   6.6975212e-02   3.2938323e-03   1.1923723e-01   5.5381396e-03   1.0123367e-03   1.4321937e-01   6.9343595e-02   4.1871700e-03   6.6140953e-03   2.6075890e-02   3.2964256e-02   7.7036962e-03
   1.8166994e-02   1.4954074e-03   9.9781409e-03   1.0036034e-02   7.9741518e-03   1.0527565e-01   9.3703424e-03   8.2581151e-02   7.2020518e-03   4.5997462e-02   9.1368796e-02   1.1123921e-01   4.1031204e-02   9.4013531e-02   7.1661821e-02   1.3123836e-02   5.1329388e-03   6.7862042e-02   9.1450075e-02   1.1503915e-01
   1.8223217e-02   1.1289799e-01   1.7871692e-03   5.9509235e-03   1.2850198e-02   1.0095231e-01   1.9229182e-02   4.0628085e-02   1.2188395e-02   5.1159442e-02   2.1160601e-02   1.1240857e-01   2.3019576e-02   2.2365227e-03   1.1872384e-01   8.5764144e-02   9.4796467e-02   8.4800888e-02   6.3592909e-03   7.4863191e-02
   1.8369748e-02   6.2577455e-02   1.8868715e-04   1.3643871e-02   1.5302112e-02   1.1088468e-01   1.8111959e-02   3.3592408e-02   8.4053779e-03   2.5974411e-02   7.1445007e-02   2.5153519e-02   1.3397958e-01   2.3774775e-02   2.1876860e-02   4.3166701e-02   1.6487607e-02   1.3587738e-01   1.1520458e-01   1.0598328e-01
   1.8453809e-02   2.4646776e-03   6.1210229e-02   5.6068301e-02   4.3720611e-02   2.9743472e-02   6.0915242e-02   1.2536432e-01   1.2802634e-01   2.0928314e-02   7.8298428e-02   2.5053920e-03   2.6815453e-03   9.1030489e-02   4.4330182e-02   7.6101336e-02   5.5406076e-02   1.6119636e-03   1.0839756e-02   9.0299512e-02
   1.8626158e-02   2.9553031e-02   1.8583132e-02   9.0215619e-02   6.2706206e-02   1.3445681e-02   8.9544096e-02   1.6967099e-03   9.7000352e-02   5.8356623e-02   1.0263358e-01   5.4691604e-03   1.6503722e-03   8.2247623e-02   2.9952538e-02   9.0559855e-03   4.0413103e-02   8.5602988e-02   3.6965113e-02   1.2628193e-01
   1.9538197e-02   1.3353489e-03   8.0116483e-03   4.4968377e-02   1.3288570e-01   2.5103970e-02   1.1350672e-01   6.3847518e-02   1.2372733e-01   1.9697807e-02   8.6240242e-03   9.7634829e-03   1.2804695e-01   1.4288423e-01   3.1720900e-02   2.0422495e-02   3.7482048e-03   8.4812683e-02   8.2841731e-03   9.0702518e-03
   1.9590621e-02   1.3014440e-01   6.5853139e-02   5.1544602e-02   1.0568449e-01   9.9246702e-03   1.0394601e-01   6.1434645e-03   3.6379370e-02   1.6242869e-02   1.1028753e-01   7.3572629e-03   9.5042787e-03   2.3264911e-02   6.2233482e-02   8.2727579e-02   2.1118816e-02   1.5545279e-02   1.0788395e-01   1.4623281e-02
   1.9672564e-02   6.5619224e-02   4.7178946e-02   3.7034592e-02   2.7484376e-02   1.1904762e-01   7.3717102e-03   1.3046827e-01   6.6015316e-03   9.9595106e-02   1.0782502e-03   9.3213626e-02   1.0254379e-02   1.2430684e-01   1.6569844e-02   4.4846404e-02   1.4743420e-03   1.2983012e-03   1.3196462e-01   1.4919461e-02
   2.0413519e-02   3.7752878e-02   8.0683600e-02   6.7394487e-02   9.5609013e-02   5.5567786e-02   2.5497439e-03   1.3611853e-02   1.5551582e-02   1.5924079e-02   8.0923894e-02   1.8711737e-02   1.6245386e-02   1.9523472e-02   1.2701571e-01   1.8704532e-02   1.2301851e-01   1.6212800e-02   1.3609711e-01   3.8488310e-02
   2.0414522e-02   1.0608869e-01   9.2384374e-02   6.8127362e-03   8.7670190e-02   3.4437462e-02   2.4125475e-02   1.0983653e-01   3.7225624e-02   1.1575049e-02   5.2668989e-02   8.7196239e-02   9.0480581e-02   7.7671730e-02   4.8328407e-03   1.1583641e-02   6.5920010e-03   8.2115023e-03   2.2648366e-02   1.0754346e-01
   2.1668121e-02   1.6864506e-02   2.8009150e-02   1.8388690e-02   5.2748502e-02   4.4024852e-02   5.8349964e-02   7.9030809e-02   1.0466181e-02   2.3726712e-02   1.2734079e-04   1.7809994e-02   1.0506594e-01   5.3087987e-02   1.0838146e-01   8.4711180e-02   1.5592250e-01   6.1376823e-02   2.1053939e-02   3.9185356e-02
   2.2052211e-02   1.7924106e-02   1.5068984e-02   1.5021635e-03   6.4815456e-02   3.1597346e-02   1.0125779e-01   2.1752053e-02   1.1399915e-01   1.1986082e-01   4.4591681e-02   4.0215125e-02   5.2630259e-02   1.0307197e-01   3.8230962e-02   1.0858725e-01   3.1326187e-02   6.2823949e-02   6.3585534e-03   2.3339862e-03
   2.2624639e-02   8.7585802e-02   1.1727782e-01   3.6578757e-03   7.6092847e-03   1.9869942e-03   1.2633219e-01   4.1546243e-03   1.0589776e-02   2.1315029e-02   1.3163837e-02   4.5813764e-02   1.1721008e-01   4.0665643e-02   4.2923591e-02   2.5108382e-02   4.6829841e-02   2.2602059e-02   1.1163295e-01   1.3091582e-01
   2.3806007e-02   3.1519100e-02   4.6948210e-02   1.9509157e-02   1.4559480e-01   1.3243494e-01   2.7021466e-02   1.1135989e-03   2.9765964e-02   2.1746031e-02   4.7012550e-02   3.9168984e-02   8.6946779e-02   6.2994177e-02   4.0045441e-02   7.2225147e-03   1.1489471e-01   6.1630121e-03   9.7445334e-04   1.1511810e-01
   2.4548144e-02   1.2127603e-01   2.6950230e-03   4.5229516e-02   2.2556171e-02   3.6382810e-02   1.6404488e-03   4.6049741e-02   1.7283300e-03   4.3852711e-02   8.7851891e-02   5.0297331e-02   7.7979905e-02   1.9773267e-02   2.3522864e-02   1.5162434e-01   1.6055892e-01   3.1578639e-02   3.5533292e-02   1.5320620e-02
   2.5343781e-02   7.6136692e-02   7.2475466e-03   3.2088340e-02   3.2253845e-02   7.7968574e-04   7.1566324e-03   5.6161486e-03   1.0661747e-01   6.7172023e-02   3.2129209e-02   2.1512579e-02   1.1849379e-01   9.9643793e-02   8.9717327e-02   2.2251239e-04   3.7924210e-02   1.2129762e-01   4.3572927e-02   7.5073868e-02
   2.5434556e-02   6.0572156e-02   8.2627648e-02   8.5046334e-03   1.2113448e-01   1.6083840e-02   5.4725017e-02   6.5061177e-02   8.8626852e-02   8.6014510e-02   4.8428224e-02   1.9392581e-02   4.8194991e-02   3.4423725e-03   1.3557285e-01   1.2954409e-02   1.4342498e-02   7.9605229e-02   2.3626867e-02   5.6551163e-03
   2.5833695e-02   1.4250732e-01   1.1091033e-02   1.0230761e-02   3.0975034e-02   3.5266498e-02   8.2981733e-02   1.0965616e-01   1.4134753e-02   5.6021257e-03   1.3108439e-02   2.2214080e-02   1.0523184e-01   3.2010426e-02   1.1900000e-01   6.9231372e-02   1.4756783e-03   1.1100527e-01   5.6304533e-02   2.1392379e-03
   2.6139041e-02   4.2720927e-03   3.5013543e-03   7.7139900e-02   2.1140252e-03   1.0812358e-02   8.3063575e-02   9.9403228e-02   1.0418181e-01   1.3155403e-01   2.5015965e-02   9.6694633e-02   8.8767039e-02   4.1399661e-03   2.8781573e-02   1.2307591e-01   6.8926031e-03   4.2390610e-02   2.2241307e-03   3.9836163e-02
   2.6284780e-02   7.0257889e-02   1.0519356e-01   1.0823306e-01   6.4500787e-02   2.2941908e-02   1.3901654e-01   4.0157118e-02   1.1928101e-01   4.9022505e-02   7.4687620e-03   2.5203834e-02   4.9927887e-02   5.7248984e-03   1.8856677e-03   2.2931327e-02   1.6963112e-02   1.1106260e-01   3.2824597e-03   1.0660306e-02
   2.6721178e-02   8.6377923e-02   1.9687658e-02   1.4310462e-02   1.2390870e-01   5.0110096e-03   2.9011218e-02   1.2567710e-01   3.3409117e-03   5.0061573e-02   4.3380783e-03   2.8466876e-02   3.9428002e-04   5.5919251e-02   1.2309577e-01   1.1059331e-01   2.3256739e-02   9.6385121e-02   3.6259670e-02   3.7183177e-02
   2.7238330e-02   2.2536806e-02   1.1478859e-01   5.8041782e-02   5.4280661e-02   3.1998067e-02   9.6814839e-03   1.1058458e-02   1.1621407e-01   7.5903962e-02   6.5571475e-03   1.8612354e-03   2.6185084e-02   6.5014554e-02   6.4339256e-02   2.4608908e-03   3.3077238e-02   1.2576622e-01   8.3833677e-02   6.9162492e-02
   2.7463995e-02   1.5563547e-02   4.6803358e-02   1.4254256e-01   5.5976200e-02   7.0508713e-02   5.8926024e-02   1.3338241e-02   4.6073002e-02   4.2220355e-02   1.0758711e-01   1.0808170e-03   1.3994802e-01   6.4646403e-02   1.9330048e-02   1.7961224e-02   7.7285002e-03   1.1024127e-01   2.3862195e-03   9.6743941e-03
   2.7606073e-02   1.2487025e-01   3.2268223e-02   6.1849670e-04   1.4172319e-01   3.1016485e-02   8.1626547e-02   1.5318165e-02   1.3069567e-02   1.6983279e-03   8.0049518e-03   3.3685243e-02   3.5831120e-03   1.3043860e-01   7.7147123e-02   2.9082330e-02   1.3274551e-01   6.2645442e-02   2.0316504e-02   3.2535871e-02
   2.7682650e-02   8.3341540e-03   8.3110460e-02   2.1123257e-03   4.3396695e-02   1.8857400e-02   9.9218226e-02   7.4656219e-02   3.6134671e-02   7.2774978e-04   1.3249942e-01   6.8993968e-02   1.2713534e-01   9.9252783e-02   8.4965722e-03   3.9050365e-02   9.2292500e-03   4.1236866e-02   6.7799944e-03   7.3094896e-02
   2.7735078e-02   1.9041970e-02   7.1206624e-02   4.1392699e-02   7.6127199e-02   5.3731895e-02   1.0556889e-01   1.0033158e-01   5.6138725e-03   1.2690125e-02   1.8100920e-02   3.1286757e-02   4.3846913e-02   1.0403717e-01   1.3335637e-02   1.0372977e-02   1.4298086e-01   5.1679558e-03   1.1491477e-01   2.5161136e-03
   2.8870448e-02   7.3754188e-02   6.4311096e-02   1.3723172e-01   3.8100715e-02   4.1179709e-02   1.3725944e-01   2.4040014e-03   4.6148337e-03   4.5531427e-05   4.9745318e-03   5.6013205e-02   1.1763538e-01   2.0914791e-02   3.0624349e-02   2.3203287e-02   2.9071224e-02   5.5173038e-02   2.7972833e-02   1.0664568e-01
   2.8986594e-02   1.4245550e-01   6.6731721e-03   5.4255831e-02   1.0264103e-01   1.1917286e-01   8.4495104e-02   1.2913178e-01   3.9939174e-02   1.8564667e-02   2.3290200e-02   4.7248448e-02   1.2687646e-02   7.9693106e-03   1.0399191e-02   1.8427756e-03   1.2018661e-01   1.5743605e-02   1.5070016e-02   1.9246477e-02
   2.9570656e-02   9.9990857e-02   8.7806500e-02   4.2863384e-02   3.1650986e-02   1.8059945e-02   7.8884541e-03   1.7289136e-01   1.6853686e-01   4.7101929e-03   5.3379509e-02   2.3566308e-02   1.2924705e-01   4.1312467e-02   9.5673010e-03   2.3508971e-02   3.5783422e-03   3.4562084e-02   3.1409603e-03   1.4167810e-02
   2.9699739e-02   1.2837250e-02   3.7369452e-02   2.4477807e-04   2.9917319e-03   1.5135444e-01   8.3224543e-02   3.0325283e-02   2.4940165e-02   5.4476719e-02   2.0316580e-02   3.3453003e-03   1.8711923e-02   1.4023064e-01   1.1450174e-01   2.9563751e-02   1.1357702e-01   5.0016319e-02   2.4695387e-02   5.7577241e-02
   2.9737157e-02   1.1298241e-01   3.5562446e-02   2.1515984e-02   1.0570080e-02   3.6736899e-02   1.2162638e-01   8.0097715e-03   1.9613370e-02   6.6403589e-02   6.1071571e-03   5.3202734e-02   8.0097715e-03   2.0905269e-03   9.6305170e-04   5.6373758e-02   1.4079346e-01   3.4928241e-02   1.0483170e-01   1.2994151e-01
   2.9888859e-02   2.2374085e-03   5.4719230e-02   1.3983803e-02   4.1221820e-02   8.0741263e-03   3.0837326e-02   4.2680999e-02   1.3183686e-01   1.0661738e-01   1.4056762e-01   4.1051582e-02   2.2544323e-02   5.3892361e-02   4.6888300e-02   1.7193998e-02   1.9212529e-03   5.7905105e-02   1.4513972e-01   1.0797928e-02
   2.9980177e-02   2.2918385e-02   1.5091534e-01   9.6157825e-03   1.3915791e-02   3.8841508e-02   6.4573815e-02   4.4863925e-02   2.9384374e-02   1.0918276e-02   6.4405932e-02   1.1675237e-02   1.4488598e-02   4.1465685e-02   9.4887421e-02   8.0992184e-02   6.3755787e-03   3.0994020e-03   1.1556412e-01   1.5111847e-01
   3.0326335e-02   1.1327819e-01   5.0066312e-02   9.9867303e-02   5.7696716e-04   1.6740703e-02   2.9745391e-02   1.3366580e-02   3.9611821e-03   9.9674687e-03   9.2197063e-02   8.7936676e-02   7.6462256e-02   3.4175843e-02   2.9030844e-02   3.5869554e-02   9.6314499e-02   3.9918751e-02   2.3408494e-02   1.1678959e-01
   3.0963268e-02   1.1179305e-01   1.4269494e-02   2.2739129e-02   8.6936508e-02   2.9183417e-02   2.9122043e-02   3.6088011e-02   1.4729800e-03   1.3134072e-02   1.3723264e-01   1.3216927e-01   6.6959217e-02   4.6981925e-02   1.5343542e-04   1.6282567e-01   3.2988615e-02   4.8178722e-03   1.8105379e-02   2.2064013e-02
   3.1281184e-02   1.2062367e-03   1.7411241e-02   2.6699381e-02   9.8845983e-02   4.9219430e-02   1.0253964e-01   3.1022489e-04   2.7851209e-02   9.6507662e-02   1.3108172e-01   4.8654875e-03   1.9098465e-02   4.5104757e-02   1.3550179e-01   5.5980445e-02   8.6313566e-02   3.9950469e-02   1.4432370e-02   1.5798737e-02
   3.1905235e-02   3.8954490e-02   1.0706396e-01   7.6132034e-02   8.6259144e-03   2.3130345e-02   8.1162840e-02   1.0865557e-01   2.9544259e-02   1.1084754e-01   1.6319450e-03   2.3940247e-02   1.1687054e-01   5.2960505e-02   2.9876708e-02   8.9270194e-02   4.1120372e-02   8.8739565e-03   7.1554950e-03   1.2277846e-02
   3.2524844e-02   4.6019430e-03   1.2378560e-01   1.6940486e-02   4.3218248e-02   1.2894333e-02   1.0053134e-01   5.8246815e-03   1.6318001e-02   3.3925435e-02   2.9568040e-03   1.2594206e-01   3.1168716e-02   1.9474889e-02   1.2091772e-01   4.2684689e-03   9.9819924e-03   3.5437185e-02   1.2847647e-01   1.3081079e-01
   3.2728756e-02   2.3848375e-03   7.3741684e-03   1.1271495e-01   4.5970880e-02   1.6521275e-01   8.2841722e-03   2.8931844e-02   1.4509853e-01   5.7047822e-02   1.3778712e-01   2.7896322e-02   6.1064391e-02   5.5321953e-02   9.5079704e-03   3.5427388e-02   3.5458767e-03   1.0951425e-02   7.1231329e-03   4.5625706e-02
   3.2776288e-02   5.8072882e-02   1.2742641e-01   8.3022295e-02   1.2927486e-01   3.3168664e-03   8.9697892e-04   8.3969917e-02   2.1571114e-03   8.1031087e-03   1.2607647e-01   3.7358271e-02   4.7351903e-02   1.8522183e-02   1.2936826e-01   6.4380323e-03   3.0413724e-02   4.0370077e-02   2.4955864e-02   1.0128493e-02
   3.3064272e-02   7.4892844e-02   2.6614762e-02   9.6932452e-02   8.6068715e-03   3.1523847e-03   7.0566328e-03   6.3608239e-02   1.0345227e-01   5.7423138e-02   4.3755763e-02   8.3618433e-02   8.6076993e-02   3.9937791e-02   1.0337594e-01   5.9931717e-02   9.0905340e-02   1.0509599e-02   6.2221140e-03   8.6244165e-04
   3.3083690e-02   2.5212810e-02   2.5158128e-02   1.1382838e-01   1.0600417e-02   2.7371132e-02   1.3670354e-01   7.9112445e-02   1.4725081e-01   4.4297055e-03   1.4529905e-03   1.6236439e-02   4.4074709e-02   9.4914398e-04   1.7439056e-02   1.6087371e-02   4.4545223e-02   5.4752196e-02   6.6163459e-02   1.3554835e-01
   3.3138066e-02   5.0482426e-02   3.9915001e-03   4.8070296e-02   1.4915001e-01   2.3432116e-02   1.4530209e-02   9.4187916e-03   2.1594303e-02   1.3068573e-01   7.5809786e-03   1.9124742e-02   1.1618424e-01   1.3036986e-02   8.3390765e-02   3.6698828e-02   5.9355617e-02   4.5887893e-02   1.2416724e-01   1.0079256e-02
   3.3200865e-02   1.1160018e-01   1.7606519e-04   1.4771870e-01   1.5468585e-02   1.2073042e-03   1.4890085e-02   7.4198903e-02   5.9283666e-02   6.6653252e-03   7.9682077e-02   2.0599628e-02   1.2576085e-02   1.1569998e-03   1.4663715e-01   1.3871422e-01   8.8988380e-02   4.0243473e-04   3.2873887e-02   1.3959455e-02
   3.4085839e-02   3.6874275e-02   3.8368877e-03   2.7170518e-02   2.8241278e-02   1.0306059e-01   1.3058803e-01   1.2034889e-01   2.7884358e-03   1.1354511e-02   1.1800660e-02   2.7215133e-03   8.6820737e-02   2.2642099e-02   7.5845454e-03   7.1116267e-02   9.2888373e-02   3.1052021e-02   4.2272687e-02   1.3275185e-01
   3.4182997e-02   7.8119997e-02   6.6571439e-02   1.2239360e-02   7.5192248e-03   3.6055713e-02   9.9217797e-03   3.8760532e-02   3.7258097e-02   4.3353288e-02   6.2997172e-02   6.5115789e-04   3.2798437e-02   1.1139890e-01   9.6363547e-02   2.7829240e-02   1.4150782e-01   8.6397989e-03   2.5714160e-02   1.2811733e-01
   3.4313819e-02   1.3024089e-01   1.0353096e-01   1.1951959e-03   2.7254411e-02   9.6347890e-02   7.9286002e-03   1.7772195e-02   9.4021224e-02   6.1722706e-02   6.7011976e-03   8.6549761e-03   7.2885947e-02   4.9605804e-02   1.5002272e-03   2.5995907e-02   7.6316084e-02   5.3207132e-02   1.4982533e-03   1.2930658e-01
   3.4533637e-02   6.5159706e-02   2.9740620e-02   9.9766385e-02   1.4643531e-02   6.4550493e-03   1.6975323e-02   2.2690960e-02   1.3751600e-01   1.3855286e-01   4.7555948e-02   7.5932483e-03   5.7021219e-02   9.7975193e-05   4.9865247e-03   8.3351253e-02   6.6885848e-02   1.6378600e-02   2.4983102e-02   1.2511221e-01
   3.5726471e-02   9.3665549e-02   2.3790172e-03   2.3953435e-02   1.4147338e-02   8.9163533e-02   3.5793567e-03   2.2064869e-02   1.8565918e-02   1.2530144e-01   4.0787472e-02   6.9059716e-02   3.2849585e-02   4.1987249e-02   1.2453793e-01   4.1775847e-03   1.1581190e-01   3.8694359e-02   1.0287129e-01   6.7598828e-04
   3.6446226e-02   3.1349299e-03   1.1661086e-01   3.1989081e-04   1.0535071e-02   1.2006568e-02   2.2840204e-02   1.2561046e-01   1.7487364e-03   1.5994541e-02   1.2622891e-01   5.9414387e-02   1.7615321e-02   1.2189972e-01   3.2181016e-02   1.2733787e-01   3.3268644e-03   2.9067412e-02   1.1797573e-01   1.9705274e-02
   3.6642382e-02   3.5040532e-04   2.8106810e-02   1.1226335e-02   6.7706446e-03   2.2264558e-02   7.2775370e-02   6.2921736e-02   1.1433425e-01   2.0173595e-02   2.1563368e-02   9.2904927e-02   9.6741290e-02   5.4639531e-02   7.1899321e-03   1.0938335e-01   3.7755941e-02   9.9249135e-02   5.0401544e-04   1.0450242e-01
   3.6869403e-02   3.2975159e-02   2.3338208e-02   2.3056003e-03   5.5577429e-02   2.8494057e-02   1.1851014e-01   1.8540546e-02   2.8403786e-03   1.2953056e-03   3.8485629e-03   1.1884195e-01   1.1864194e-01   1.1766049e-01   4.2627203e-02   4.7616139e-02   1.0011809e-01   6.2825205e-03   3.5592760e-02   8.8024119e-02
   3.8014706e-02   7.0753048e-02   3.7798098e-02   4.4917850e-02   1.2620673e-02   1.2971828e-01   7.1488610e-02   1.7542435e-02   4.8662626e-02   1.8794741e-04   1.3646231e-01   5.4094958e-03   6.5055015e-02   1.0143607e-01   6.1844941e-02   9.6637348e-02   3.3484222e-03   2.4333682e-02   2.4802412e-02   8.9660279e-03
   3.9196660e-02   1.1392939e-01   1.1545397e-02   3.2867567e-02   1.3254662e-01   3.6016993e-02   5.2355803e-02   6.9543007e-02   2.7143347e-03   3.0161181e-02   1.4634575e-01   2.3264150e-02   8.3676784e-02   4.9131104e-03   1.9930287e-03   2.0603503e-02   1.2173123e-01   1.2346396e-02   1.0759562e-02   5.3489525e-02
   3.9444233e-02   1.6977068e-02   6.9829807e-02   1.2570210e-01   4.8186157e-02   1.0010980e-01   4.9579796e-02   3.4735420e-02   7.0315469e-03   6.0707800e-02   8.2351451e-03   1.6470290e-03   5.2789391e-04   1.1446852e-01   2.3121753e-02   5.4478652e-03   1.5625660e-02   1.2413953e-01   1.2574433e-01   2.8738545e-02
   3.9994384e-02   1.1795736e-01   7.3008805e-03   7.3610526e-03   1.1350462e-01   3.2492930e-03   1.1185992e-01   8.2776741e-02   2.6616122e-02   5.4475801e-02   2.9283752e-03   7.6418557e-03   1.2024390e-01   1.1432698e-03   5.0103295e-02   2.2243617e-02   1.3979983e-02   4.2521612e-03   1.1789719e-01   9.4470185e-02
   4.1165142e-02   5.1429072e-03   6.4384821e-02   1.0298945e-01   4.1580952e-04   2.7859238e-02   8.4081061e-02   1.0741016e-01   4.4272771e-02   9.3250755e-02   4.3769423e-04   3.9392480e-04   7.4626866e-03   1.1769598e-01   1.9477393e-03   1.2496170e-02   4.1077603e-02   1.1029895e-01   2.2869523e-02   1.1434762e-01
   4.1367160e-02   1.7712004e-02   9.0180879e-02   1.2628612e-01   1.5691802e-02   2.6074700e-03   9.9835565e-03   2.8423773e-02   2.8188865e-04   3.0350012e-02   1.3833686e-01   1.0852713e-02   7.5405215e-03   7.3056143e-03   1.1536293e-01   5.4028659e-02   1.1980268e-03   1.2797745e-01   4.5994832e-02   1.2851774e-01
   4.1489956e-02   7.3790392e-02   6.2781132e-02   6.0674630e-03   1.7043716e-02   1.3529829e-01   9.3073326e-02   1.3056401e-01   2.2148437e-02   5.2440853e-04   1.1049012e-01   6.7592011e-03   1.7033574e-02   1.5557625e-02   2.3331066e-02   7.8908818e-02   8.5780428e-02   8.2659395e-03   3.8342775e-02   3.2749329e-02
   4.2435673e-02   2.9297388e-03   8.6718603e-02   3.3703591e-03   9.8374686e-02   1.5206610e-02   7.8971284e-05   7.8996758e-04   4.1068153e-02   7.2973757e-02   9.8160596e-02   1.2691129e-01   9.7819008e-02   3.5372441e-02   4.9077770e-02   9.1544281e-02   6.6669787e-02   4.2263697e-02   5.6536319e-03   2.2580974e-02
   4.2757914e-02   2.4499928e-02   2.5549592e-02   3.9816284e-03   1.1487950e-01   4.4214978e-02   8.1318893e-02   7.6594158e-02   1.0325182e-02   1.2238823e-01   1.1309734e-01   7.5389961e-02   9.6064368e-02   2.6344943e-02   3.1582780e-02   1.1220403e-02   1.2822173e-02   1.4505335e-02   2.3729234e-02   4.8733458e-02
   4.3489648e-02   5.7067397e-03   1.2150064e-02   7.6994272e-03   1.2046833e-01   1.5540680e-02   1.3099807e-01   1.1991252e-01   9.2745780e-03   6.8154516e-02   4.6170634e-02   9.9176447e-02   1.3444823e-02   1.5992944e-02   2.1584767e-02   4.0804419e-03   1.8382133e-02   1.1867157e-01   4.8631667e-03   1.2423850e-01
   4.3667502e-02   1.0337323e-02   1.7220987e-02   6.2804561e-02   2.3418650e-03   1.4074845e-02   2.7913138e-03   6.4626011e-02   1.1650187e-01   3.3992525e-02   1.0436675e-01   4.0734257e-02   1.2137484e-01   1.3209065e-01   1.7717746e-02   2.3655202e-03   1.2757250e-01   2.5405687e-02   3.5553768e-02   2.4459479e-02
   4.4354733e-02   7.9141217e-02   2.1128791e-02   1.1586756e-02   2.0001573e-02   1.5676200e-01   1.9319999e-02   8.5458883e-03   8.9522112e-02   1.1927543e-02   6.5535953e-02   5.5364773e-02   9.2536766e-03   7.7175138e-02   3.2243689e-02   3.1640758e-02   1.1979972e-02   5.6256062e-02   4.7343172e-02   1.5091619e-01
   4.5919010e-02   2.6932595e-03   4.1990628e-03   9.2108493e-02   2.5924934e-02   1.6973390e-02   1.1630934e-02   1.3370623e-02   1.1762894e-01   5.5457541e-02   1.4823842e-02   7.9255545e-02   9.0234814e-02   9.4718707e-02   7.9088784e-02   3.6410842e-03   3.0639366e-02   2.4857544e-02   1.1504728e-01   8.1786847e-02
   4.6334561e-02   7.1871350e-04   1.1724014e-01   2.4571018e-02   7.8249933e-02   1.0259635e-01   2.1067290e-02   2.2010601e-03   9.7206001e-02   4.1078969e-02   7.9777199e-02   5.3768754e-02   6.5358009e-03   5.2555925e-03   1.5048064e-03   6.3112029e-03   1.1546582e-01   5.6059653e-02   4.5278951e-02   9.8778187e-02
   4.7277237e-02   1.2318403e-03   7.4049629e-02   2.8423792e-03   9.8285926e-02   6.7939900e-02   2.3274812e-03   8.1346336e-02   9.4868294e-02   6.6602482e-02   1.8091792e-02   1.0281246e-01   4.1832518e-02   7.6542986e-04   3.7198088e-02   9.7339256e-02   2.1503214e-02   3.8987751e-02   8.1420638e-02   2.3277345e-02
   4.8505908e-02   6.9393244e-02   8.0890743e-02   9.1600808e-03   1.1966285e-02   1.2041646e-01   8.0526808e-02   1.9063174e-03   4.1325719e-02   1.1032342e-01   8.2735538e-03   2.2139927e-02   3.1753801e-02   2.0116725e-02   2.7904077e-03   9.5322100e-02   1.0007819e-01   8.9327008e-02   3.5123264e-02   2.0660039e-02
   4.8937844e-02   1.2856019e-01   8.1195909e-03   9.8190401e-03   9.0007868e-03   4.7899292e-02   5.3501180e-04   3.7765539e-04   5.0983478e-02   5.9040126e-02   6.2942565e-05   9.3878836e-02   6.1054288e-02   1.6144768e-02   7.0495673e-02   1.7362707e-01   1.2777341e-02   3.8394965e-02   7.2698662e-02   9.7592447e-02
   4.9628075e-02   1.1350579e-01   4.3307891e-03   1.3728170e-02   8.7803030e-05   5.5864791e-02   1.6771945e-02   3.8718998e-03   2.8494466e-02   1.2541086e-01   6.7930151e-02   2.9372225e-02   9.2016475e-02   1.6810453e-02   5.8942960e-03   1.3484346e-01   3.2210790e-02   1.0653445e-01   8.9510479e-02   1.3182632e-02
   5.0042802e-02   1.1184451e-01   1.1650229e-02   3.2499163e-03   8.9614955e-02   1.4095693e-01   5.5040279e-02   2.8145713e-02   7.1374862e-02   9.8675583e-02   7.4174416e-03   3.5714103e-02   6.8322257e-02   5.8620412e-02   4.3231883e-02   9.3321014e-02   1.0864735e-02   6.8149757e-03   9.8562039e-03   5.2411943e-03
   5.1338757e-02   9.5740841e-02   1.0365633e-01   9.6219277e-02   6.6647009e-03   8.1795583e-02   8.2557963e-02   6.5203526e-02   9.6213808e-03   3.6412854e-02   7.6609221e-03   1.5171031e-01   2.4319308e-02   7.6585651e-03   3.3660005e-02   7.8929606e-03   5.2495869e-03   6.2103091e-04   5.3405853e-02   7.8610245e-02
   5.2121728e-02   1.0327474e-01   7.0763633e-02   1.0920518e-01   8.7846139e-02   7.8678764e-03   2.2800302e-02   8.1395898e-02   5.2925054e-03   4.7939703e-02   2.5989982e-03   7.0621869e-02   1.4048767e-01   1.3450997e-01   4.1820244e-03   3.2133069e-03   1.6917116e-02   1.0490502e-02   2.3201966e-02   5.2688782e-03
   5.2937995e-02   1.1608958e-01   2.3647294e-02   1.0305570e-01   6.6617830e-02   4.1492804e-02   2.3131488e-02   3.2012480e-03   4.3948499e-02   1.1972009e-01   1.0462441e-01   8.2206538e-03   5.8139004e-02   5.2686650e-02   1.5694032e-03   3.9740427e-02   6.6696464e-03   1.8209180e-02   1.0335380e-01   1.2944298e-02
   5.3738592e-02   3.0923251e-02   1.3903351e-02   1.8642428e-03   1.1706184e-01   2.7010832e-02   1.4068073e-02   2.2582081e-02   7.6319224e-02   5.8822605e-02   3.9679427e-02   9.8891061e-04   1.0844882e-01   5.4770272e-02   2.5300583e-02   1.8940527e-03   1.2828432e-01   1.1919982e-01   5.9968091e-02   4.5171608e-02
   5.5325738e-02   2.8194403e-02   3.1452936e-02   1.3769037e-01   1.2987913e-02   1.3265235e-02   2.4681657e-02   1.0501260e-01   1.5044718e-02   2.2093319e-02   1.3697395e-01   1.2994846e-01   1.1682189e-01   4.0789443e-02   3.7415359e-02   2.1954658e-02   1.0630676e-02   1.2363939e-02   1.3380786e-02   3.3971944e-02
   5.6131485e-02   1.2247851e-01   3.1208155e-02   4.7017407e-02   6.3971319e-02   1.2550214e-01   1.5118137e-04   2.9156408e-02   7.1271219e-04   1.1142067e-01   5.0343398e-02   2.4491383e-02   7.8182368e-03   1.2630124e-01   1.4146257e-02   2.6694311e-02   7.9694182e-03   1.2459505e-01   7.7750421e-04   2.9113213e-02
   5.6437341e-02   1.1990004e-03   2.0315828e-03   7.5960834e-02   1.1780190e-02   1.2301014e-01   5.3992466e-02   8.5065738e-02   1.0731068e-03   1.0586481e-01   1.2326513e-02   9.9455025e-02   2.8145846e-02   1.2366336e-01   2.8313156e-02   5.4316521e-02   7.2363079e-02   5.5900536e-02   2.9103151e-03   6.1904365e-03
   5.9755459e-02   5.2443649e-02   4.3720438e-04   9.8824232e-02   1.4944024e-02   1.3554591e-01   6.3320583e-02   1.2774781e-01   1.1855467e-01   1.9824749e-02   2.2352643e-02   3.6333808e-02   5.8911492e-03   5.7022468e-02   7.2821339e-02   4.0275793e-03   5.9510620e-02   2.5371507e-02   1.0350533e-02   1.4920076e-02
   6.1032443e-02   5.6007320e-02   7.5240500e-02   1.3666960e-02   1.3990098e-01   1.3782150e-01   4.7475854e-03   1.0708415e-01   4.0955837e-02   1.1982841e-01   2.0678520e-02   1.9645578e-02   2.7807792e-02   1.6454097e-02   1.1020797e-02   2.1049246e-03   4.2514150e-02   1.3704542e-03   1.8736740e-02   8.3381264e-02
   6.1457936e-02   9.2038906e-02   1.5511921e-02   1.0671806e-01   1.3526256e-02   2.6113662e-02   3.6778445e-02   1.0951286e-02   1.7203949e-02   1.1012840e-01   1.6541765e-02   9.9122626e-03   1.0633990e-01   2.1339975e-02   1.0514728e-01   8.8949610e-03   1.6766044e-02   1.1107356e-01   8.7342224e-03   1.0482121e-01
   6.1699229e-02   2.5278440e-02   4.9746048e-02   1.3881439e-01   1.4362814e-02   3.2008520e-02   7.4666341e-02   8.4124818e-04   1.4540021e-01   1.3972902e-01   3.8111890e-02   2.5548386e-02   5.4055727e-03   4.2186621e-02   7.3167028e-02   3.9116452e-02   3.0346624e-02   1.7157323e-02   4.0297275e-02   6.1165657e-03
   6.1763648e-02   3.4683554e-02   4.5594823e-04   2.4226991e-02   1.3474706e-02   5.7869996e-02   6.5450622e-02   8.2968898e-03   1.3399149e-01   6.5939689e-02   7.6132776e-02   1.0078696e-03   2.3927833e-02   2.9781823e-02   1.4707922e-01   3.5361088e-02   1.3079306e-02   4.0248892e-03   1.2569811e-01   7.7753556e-02
   6.1980884e-02   2.5957689e-02   6.6722876e-03   4.9155557e-02   6.0203620e-02   6.7565053e-02   2.5934260e-03   8.5556835e-03   5.8726233e-02   2.2482598e-02   2.8347598e-02   9.3174607e-02   9.5106185e-02   7.5701196e-02   1.0047881e-01   6.4132695e-02   5.7644145e-02   1.0111541e-01   1.9355226e-02   1.0511027e-03
   6.2316494e-02   1.5649096e-01   8.0948330e-03   4.2367533e-02   1.1771808e-01   2.9360920e-03   9.3021980e-03   9.8290481e-02   1.4927421e-02   3.2104931e-02   1.4625580e-02   1.6573828e-02   1.0987021e-01   2.9635321e-02   1.3006613e-02   6.1136569e-02   9.0003567e-02   5.3782619e-03   1.0572675e-01   9.4942787e-03
   6.2371509e-02   4.8599614e-03   3.2328227e-02   1.7228407e-02   5.7992193e-03   1.3102764e-01   1.1227936e-04   1.0561568e-01   1.4614704e-01   1.1966108e-01   1.5733452e-02   2.6435863e-02   1.4487110e-02   2.2662077e-02   2.0876053e-02   1.0069748e-01   4.9633621e-02   1.2918399e-03   5.3761264e-02   6.9270197e-02
   6.2717699e-02   5.7249899e-02   6.6808424e-02   5.6703119e-04   4.4005670e-02   4.1717294e-03   1.1482382e-02   6.8874038e-02   3.6452005e-03   1.2798704e-02   1.1848927e-01   1.7415958e-03   3.8963143e-02   9.5686513e-02   1.1328473e-01   1.0854597e-01   6.5208586e-03   1.1893479e-01   3.4102876e-02   3.1409478e-02
   6.3418228e-02   5.4302779e-02   1.9714619e-02   1.2201720e-01   3.1270739e-02   2.5571893e-02   1.4030195e-02   1.0319016e-01   1.4402399e-02   1.1542315e-01   3.2813029e-02   1.6312027e-02   5.1521497e-02   3.2207190e-02   1.0510536e-03   1.1420629e-01   1.8495660e-02   2.1862727e-03   1.0557793e-01   6.2287685e-02
   6.3874110e-02   1.5153015e-02   1.0822507e-01   7.7336735e-02   1.0694216e-01   9.0490950e-03   1.0976847e-02   7.4387427e-02   9.1662924e-03   1.0342711e-01   1.0230884e-01   1.0085237e-02   1.3727968e-03   9.8123150e-02   8.2006333e-02   1.3344650e-02   1.2488505e-02   1.7230398e-02   3.8296902e-03   8.0672548e-02
   6.4722284e-02   6.8349495e-03   9.5491894e-03   1.9049029e-02   1.1878501e-01   9.3172453e-02   3.6765613e-03   1.2226417e-01   3.5112394e-02   3.0843635e-03   8.0218126e-02   1.4755595e-01   1.4200410e-01   1.3003677e-02   6.6622252e-04   5.3791300e-03   8.0440200e-03   3.5729267e-02   8.8558245e-02   2.5908653e-03
   6.5262252e-02   1.9229052e-02   9.0926842e-02   1.2559918e-03   2.5885079e-02   2.1596019e-02   2.6280893e-03   4.6869420e-03   1.8423431e-03   1.2503395e-01   1.0801788e-02   1.5344793e-02   1.1272928e-01   2.0288951e-02   1.0719869e-01   1.5683223e-01   5.8446019e-02   3.8870213e-02   5.2283574e-02   6.8857899e-02
   6.5467998e-02   3.8599017e-04   3.0476411e-03   6.5835767e-02   2.3154054e-02   1.6164656e-02   9.5553104e-02   5.3494408e-02   4.3759888e-02   7.6155812e-02   5.3332426e-02   2.6260683e-02   9.9155949e-02   3.1509155e-02   6.6398959e-02   9.0511223e-02   9.3378023e-02   6.3248638e-03   8.6748244e-02   3.3611549e-03
   6.6116170e-02   1.3690043e-02   1.3455465e-01   2.1047914e-02   2.9207526e-02   5.1907530e-02   1.1963958e-02   2.7943438e-02   1.6469240e-02   2.1203806e-02   1.6110256e-01   6.2560806e-02   4.7559650e-02   1.1686081e-02   4.0620063e-02   7.6636162e-02   5.8801075e-02   3.7598266e-02   4.8575229e-02   6.0755828e-02
   6.7339207e-02   2.5042052e-03   1.6808759e-02   8.6467286e-03   1.1525880e-01   2.9966125e-04   6.2207073e-02   8.6307932e-02   1.2062491e-01   1.2767569e-01   6.0220966e-02   5.9902054e-03   8.8083017e-03   7.5533568e-03   5.5793733e-03   9.3392040e-03   1.0733552e-01   6.5293230e-02   7.9029785e-02   4.3177078e-02
   6.8111091e-02   3.9040843e-02   1.2476805e-03   2.1333455e-03   1.0827732e-01   1.4274821e-02   1.1361862e-01   4.1201865e-03   1.9187834e-02   1.2429210e-01   2.6272727e-02   1.0536533e-01   8.0190905e-02   9.6408628e-02   9.4148097e-03   6.1705894e-02   1.6658422e-02   4.8927248e-03   1.0326638e-01   1.5203236e-03
   6.9094161e-02   1.3645075e-02   1.3006260e-02   7.9468506e-03   7.2569311e-03   9.9655040e-03   1.0279801e-01   5.1105149e-03   5.0849623e-03   1.2750735e-01   1.4805162e-01   5.5627955e-02   7.5584515e-02   5.6777820e-02   2.3048422e-02   4.3720455e-02   1.4357992e-01   7.3898045e-02   9.9399515e-03   8.3556918e-03
   7.0219679e-02   3.0213651e-02   2.1280364e-02   1.2557560e-01   9.0698828e-04   4.1745957e-02   9.9961281e-02   9.2762345e-02   9.7632442e-03   2.5897093e-02   4.1637519e-03   6.8634343e-03   4.3761405e-02   5.6099967e-03   4.5457744e-02   9.2231238e-04   1.2549854e-01   1.2824534e-01   5.2956344e-02   6.8194925e-02
   7.0638961e-02   6.9677566e-03   4.8552665e-02   1.1728100e-01   1.6455421e-01   6.9318252e-02   2.4182542e-02   2.1989770e-02   3.6046598e-02   4.6849163e-02   2.3474167e-02   1.2426559e-01   2.9665961e-03   5.5688390e-02   6.5833241e-02   1.3084756e-02   8.6621451e-03   6.8436872e-04   9.0352267e-03   8.9924597e-02
   7.1852624e-02   1.1480191e-01   1.0489017e-01   3.4800510e-02   6.9979267e-03   9.5511033e-02   3.6996291e-03   2.9395012e-02   7.0220580e-03   1.1776971e-01   2.3129687e-03   7.0665182e-03   3.4453243e-03   8.0868369e-02   8.9631033e-02   4.2685361e-02   4.3309866e-03   2.2613222e-03   6.3114562e-02   1.1754298e-01
   7.2235809e-02   6.0020465e-02   1.6759069e-02   8.0001009e-03   1.4270066e-02   1.3610875e-01   6.0381191e-03   1.1906100e-01   1.1217557e-03   3.0322796e-02   1.0361931e-02   4.5172443e-02   7.0954652e-02   5.6972313e-02   1.3783969e-01   3.3742764e-02   1.7990295e-02   1.1646150e-01   9.1282073e-03   3.7438269e-02
   7.2522454e-02   5.6046678e-03   4.1445200e-02   1.0785927e-01   1.8422931e-02   2.4929650e-02   9.9287839e-02   8.0837402e-03   4.1857136e-02   5.5299109e-02   1.3528985e-02   1.0680552e-01   5.2671364e-02   6.4296071e-02   3.5698755e-02   1.2465727e-01   1.7281976e-02   5.4527552e-02   1.0499143e-02   4.4721364e-02
   7.2525300e-02   1.2014484e-01   2.0344694e-02   9.7254016e-02   9.2047248e-02   6.5344384e-03   3.8751339e-03   1.8192480e-02   7.9704336e-02   7.9815821e-06   2.8284722e-02   1.4177769e-01   5.8034809e-02   2.8662034e-02   1.6783551e-02   6.4642590e-02   1.8934171e-03   2.4093767e-02   1.0612308e-01   1.9073870e-02
   7.2639793e-02   3.3128910e-02   1.8867754e-02   9.2765867e-02   1.0582077e-02   4.4293341e-02   7.4101309e-02   1.3624707e-02   1.0210532e-01   1.9546701e-02   9.1951013e-02   1.3309247e-02   4.7499195e-03   6.8781790e-03   2.1214913e-02   8.5821127e-05   1.4350200e-01   4.3090821e-02   1.2416145e-01   6.9400864e-02
   7.4086991e-02   7.2535298e-02   2.5329346e-03   1.7729053e-02   3.3596815e-04   4.8820025e-02   9.2198271e-03   1.2593868e-01   7.4934033e-03   4.2783345e-02   6.0512116e-02   7.2949428e-02   2.7394975e-02   1.9053928e-03   1.3612727e-01   2.4134182e-02   1.8739487e-02   4.5730042e-03   1.3688531e-01   1.1530332e-01
   7.4094646e-02   3.6313877e-03   1.4555919e-03   2.9689457e-02   7.8941115e-02   5.7151373e-03   4.1314955e-02   3.8619656e-04   9.9562165e-02   1.2830207e-02   1.5991957e-02   1.0377740e-01   6.3566134e-03   3.6804095e-02   1.8777191e-02   1.4413084e-01   1.1493435e-01   8.6026003e-02   4.1481507e-02   8.4099188e-02
   7.4318060e-02   1.3114234e-01   6.1484409e-03   1.3858391e-02   1.9372469e-02   4.2233934e-02   5.8556580e-04   5.3188894e-03   2.0982775e-03   1.2694579e-01   1.4382960e-01   7.8075440e-04   9.5666813e-02   2.8058361e-03   2.0616796e-02   3.5182745e-02   5.8044210e-02   1.6786220e-02   6.8974772e-02   1.3529010e-01
   7.5008158e-02   1.6441232e-02   1.0070430e-02   4.3555588e-02   6.7767455e-02   6.9632112e-02   1.2291423e-01   9.1079770e-03   1.2841720e-02   8.2666669e-02   2.7157114e-02   1.6665811e-02   6.6338991e-03   4.7005076e-02   5.0470766e-03   8.3181024e-02   1.2447545e-01   5.6673061e-02   6.4151213e-03   1.1674080e-01
   7.6313003e-02   1.5610534e-01   9.7624378e-03   5.9513696e-03   7.4568863e-03   2.9779690e-02   8.7181705e-03   6.1469438e-02   1.0882369e-02   1.2140513e-01   1.6660637e-02   6.1137897e-02   1.4638775e-02   4.3551079e-02   6.2978044e-02   7.4951122e-02   8.2622559e-03   3.0516335e-02   1.4581587e-01   5.3644153e-02
   7.7057097e-02   1.5924930e-02   3.2491747e-02   6.2660472e-03   6.5594816e-02   2.8395892e-02   1.7908669e-01   1.4427192e-02   3.7351754e-02   1.1492848e-02   1.1413376e-01   2.7784570e-02   4.9089131e-02   4.4229123e-02   3.8574398e-02   1.4726739e-01   2.7998533e-02   2.2924563e-03   3.8910625e-02   4.1631006e-02
   7.7595163e-02   3.4718058e-02   1.4922329e-02   4.8844083e-03   1.2738491e-01   1.2096826e-01   1.5495400e-02   9.7341275e-03   5.5533835e-03   1.1911028e-01   1.6879923e-02   5.1554003e-02   1.3060795e-02   1.0682391e-01   3.9600245e-03   9.7008055e-02   9.1141451e-02   1.8414461e-02   4.2969114e-02   2.7821939e-02
   7.9003081e-02   5.7800189e-02   1.3072238e-02   2.2953706e-02   8.2108218e-02   1.7092342e-02   1.0496611e-01   2.7605488e-02   9.9812306e-02   6.5877462e-02   3.8527744e-02   1.6313489e-02   1.0443513e-01   1.5823976e-03   5.7466547e-03   4.5423857e-02   2.7231789e-02   8.1827644e-02   1.6267699e-03   1.0699338e-01
   8.0290890e-02   1.8701502e-02   1.6989243e-02   1.9233582e-03   1.7137293e-05   4.7910524e-02   2.0146889e-03   1.1090553e-02   1.3063994e-01   4.2434345e-02   1.6405019e-02   9.2277746e-02   3.6577123e-02   1.7424961e-02   2.5294539e-02   1.0579187e-01   2.0385490e-02   9.4259198e-02   1.2862747e-01   1.1094440e-01
   8.1178215e-02   3.5462184e-02   6.7639281e-03   9.9065406e-03   6.1023828e-03   6.0535443e-03   8.2727884e-02   1.2430701e-01   1.9932265e-03   3.1633698e-02   4.5463964e-02   9.3028406e-02   1.3097579e-01   9.4870097e-02   7.1537508e-03   5.3188493e-02   2.6297202e-02   1.5972966e-02   9.8040845e-02   4.8879874e-02
   8.3107079e-02   2.2861197e-02   1.0255664e-01   2.6432740e-02   3.3355626e-03   8.8636907e-02   1.0670734e-01   5.6564743e-03   3.9450775e-02   1.2735061e-01   1.0781917e-01   9.2145419e-02   1.8094076e-02   2.6054570e-02   4.7455186e-02   6.4112241e-02   1.5635705e-02   1.0471404e-02   9.5383497e-03   2.5785523e-03
   8.3255100e-02   2.6752110e-02   1.1340259e-01   6.5728971e-02   1.8867521e-02   1.0494722e-01   1.1399291e-02   9.7623562e-04   1.0423750e-01   7.0605080e-03   2.5822796e-02   7.8702864e-02   1.0244959e-01   5.2699032e-02   1.3521968e-02   9.7405981e-02   1.1441103e-02   6.4108492e-02   2.4393443e-03   1.4781783e-02
   8.3412484e-02   5.3335282e-03   2.2162149e-02   2.8494192e-03   4.5152334e-02   6.9067972e-02   1.2323129e-02   6.0860671e-02   1.2177005e-02   4.2132437e-03   1.1762987e-02   1.1324615e-02   1.3655293e-01   2.5863959e-02   8.5726115e-03   1.1385500e-01   1.4208129e-01   1.2790726e-01   9.6271401e-02   8.2560094e-03
   8.4235186e-02   1.3401726e-01   4.9351924e-02   4.6659006e-02   4.6399030e-02   1.9195192e-03   1.9323033e-02   2.6226928e-02   3.1361090e-02   5.5067245e-03   1.2729135e-01   9.1444851e-03   1.3604847e-02   2.0193888e-02   1.5247766e-02   4.0817526e-02   1.4415289e-02   6.6441632e-02   1.3440646e-01   1.1343706e-01
   8.4278709e-02   9.6460201e-02   7.0911586e-02   2.5201572e-03   1.1401478e-01   1.0626934e-01   1.3163338e-01   3.7155381e-03   3.2174946e-02   1.7117932e-02   1.4559116e-03   2.1897751e-03   2.1500022e-02   1.1739268e-01   1.9830624e-02   9.7227125e-03   1.6070130e-02   4.9788255e-02   3.3239012e-02   6.9714313e-02
   8.8247523e-02   8.0904483e-03   2.3233778e-02   1.3151016e-01   1.8924689e-02   1.1721728e-01   6.3390693e-02   2.3959625e-02   3.1818836e-04   7.3268243e-02   1.8319625e-02   3.3560547e-02   1.0448814e-01   1.8247413e-02   2.1403853e-02   8.7500094e-03   7.4628054e-02   4.8223034e-02   3.4128433e-02   9.0090274e-02
   8.9630164e-02   1.7896960e-02   1.6173887e-02   1.0404745e-02   1.0768467e-01   1.0743866e-01   1.3884742e-02   9.7846168e-02   6.0950317e-03   1.1521640e-02   9.7166535e-02   2.6427662e-02   7.6573371e-03   1.1069797e-01   1.2992098e-03   8.6964181e-02   2.1373793e-02   9.1232793e-02   5.5305165e-02   2.3298680e-02
   9.0168110e-02   7.6413653e-05   2.8120224e-02   1.3779929e-02   1.8466633e-02   1.1087621e-01   1.5226694e-01   9.2205807e-03   4.3810494e-03   1.5537443e-03   7.1497708e-02   7.2134488e-02   7.4885380e-03   1.8110036e-02   1.3499745e-03   1.0303107e-01   1.4663780e-01   1.1431482e-01   3.0310749e-02   6.2149771e-03
   9.0567975e-02   4.8155792e-02   1.5305193e-01   1.1064873e-01   1.3435285e-01   4.1385183e-02   7.6212081e-03   9.0698925e-02   2.6958889e-02   7.2536012e-03   2.8966402e-02   3.6901945e-02   1.2092390e-02   1.8629034e-02   1.9819308e-02   4.2410612e-03   1.6202340e-02   7.2016338e-03   5.3244553e-03   1.3992635e-01
   9.1497914e-02   8.3503275e-03   1.0052396e-01   3.7786750e-02   1.1673968e-03   4.2399526e-03   9.5719363e-02   9.6207254e-02   9.3617219e-02   7.2875387e-02   8.6395142e-02   2.0308239e-02   3.9102434e-02   1.7190929e-02   9.5903113e-02   1.0052892e-01   3.8273859e-03   5.3694160e-04   1.9039205e-02   1.5182169e-02
   9.1986727e-02   9.3271370e-02   7.3280195e-03   3.9780766e-02   8.6571014e-03   1.0856835e-01   5.1696923e-02   6.1963492e-02   1.3110728e-02   3.2719451e-02   4.2209971e-02   7.9535455e-03   1.0855825e-01   5.7082862e-03   7.3244689e-02   1.2378694e-01   4.4264656e-02   9.2750148e-03   4.7796270e-02   2.8119441e-02
   9.2573879e-02   7.3250684e-02   4.1505435e-02   4.2121608e-02   1.6193035e-02   1.4132551e-01   2.3710349e-02   7.2338747e-02   1.2619230e-01   4.0963202e-02   3.2386070e-02   6.1617332e-04   4.5103887e-03   1.9471077e-03   1.9471077e-03   1.8682375e-02   1.3846647e-01   3.0808666e-03   9.1933059e-03   1.1899539e-01
   9.2758414e-02   2.4486840e-02   2.8911670e-02   7.9928197e-02   1.1374813e-01   6.2243958e-03   1.1112140e-01   1.0066695e-01   1.7059541e-02   8.5639360e-03   7.0619358e-03   3.5217075e-02   2.3204092e-02   9.8145377e-02   3.6510365e-02   3.3859786e-02   5.2651692e-02   9.1273637e-03   2.3211674e-02   9.7541166e-02
   9.3076056e-02   3.6082853e-03   1.2680003e-01   1.8961255e-02   3.1213908e-02   1.0123436e-01   1.2012681e-01   1.1047551e-01   4.1781071e-02   4.5793226e-03   1.4234827e-02   5.4272358e-03   4.3765557e-02   3.3611413e-02   3.0383384e-03   6.1050637e-03   2.9759899e-02   1.1464003e-01   1.8332027e-02   7.9229003e-02
   9.4209212e-02   1.0194063e-02   5.3821810e-03   8.3207272e-04   5.5962732e-02   1.0443078e-01   1.0685918e-01   2.3013973e-02   8.9070751e-02   8.9119455e-05   8.5771516e-03   1.0812374e-01   2.2002277e-02   9.6488501e-02   4.6413878e-02   1.8929202e-03   6.7968620e-02   4.0296984e-02   1.0334253e-01   1.4849334e-02
   9.5199067e-02   1.1197975e-01   2.0626933e-04   1.9685746e-02   1.4337231e-02   5.0170619e-02   2.6344290e-02   1.3717317e-02   2.9868296e-02   1.0756430e-01   8.1734121e-03   1.8599793e-02   1.8050913e-01   9.4170732e-02   2.3440802e-02   1.0335412e-01   3.4936186e-02   6.1125126e-03   3.1419972e-02   3.0210456e-02
   9.5875562e-02   7.4225553e-02   2.2182721e-02   1.1459271e-01   1.4260176e-02   1.0548352e-01   7.2029456e-03   4.8248358e-02   6.6829387e-02   1.1700671e-01   1.2571283e-01   1.5855107e-02   8.1792878e-03   1.2575880e-02   9.2658588e-03   4.2978097e-02   2.2018454e-02   3.8048849e-03   3.7861742e-03   8.9915775e-02
   9.7205768e-02   1.2997725e-01   1.1302979e-01   3.5458240e-02   3.4167304e-02   3.8884916e-02   1.0169972e-01   1.3009712e-01   2.8140019e-02   4.0766989e-02   6.0656328e-02   7.4969700e-03   1.1202787e-02   6.2322522e-03   3.6271023e-03   5.1700147e-02   2.7429507e-02   2.4456079e-02   5.5850453e-02   1.9212640e-03
   9.8655790e-02   7.2770848e-03   4.4672763e-02   1.1104042e-02   2.0618867e-02   6.7473174e-02   6.5924468e-02   6.7992435e-02   5.0760185e-02   1.6557724e-02   3.9386650e-02   6.9210080e-02   1.0386476e-01   1.4258835e-01   1.3267312e-01   2.6096577e-03   1.4261154e-02   1.4896051e-02   2.1885000e-02   7.5886467e-03
   9.8832568e-02   4.9406870e-02   6.9001799e-03   6.5827830e-02   1.5685612e-01   1.4377434e-01   7.2483853e-02   1.7968658e-02   4.0865701e-02   7.3755330e-02   3.4002597e-02   5.2297126e-03   3.6086251e-02   4.9698591e-04   2.1905906e-02   1.3956034e-02   6.3393727e-02   6.0578546e-02   2.8609996e-02   9.0688000e-03
   9.9104341e-02   2.0764753e-03   8.6276380e-02   5.0496457e-02   3.0646041e-02   6.8694673e-02   1.0714063e-02   1.0736757e-02   1.6387321e-04   8.2721530e-02   1.5416903e-02   1.5762090e-02   1.1924922e-02   2.8791164e-03   9.3149025e-02   8.9387454e-02   3.2684796e-02   9.4715986e-02   9.9410765e-02   1.0303835e-01
   9.9995096e-02   1.8194301e-02   7.5523515e-02   1.0585552e-01   3.4598597e-02   8.1653671e-03   1.3525575e-01   8.9745476e-03   8.3124908e-03   6.4881565e-02   1.0916581e-01   1.5913884e-02   1.7752930e-02   8.6803001e-03   6.0026482e-02   1.2235790e-02   1.3812466e-01   6.3753617e-03   4.3891913e-03   6.7578834e-02
   1.0045578e-01   6.9707202e-02   1.2197843e-02   3.6613173e-02   5.4013494e-02   9.7644844e-02   1.0443430e-01   1.1450408e-02   8.4454264e-03   2.3405453e-02   6.1343255e-03   2.6427828e-02   1.4426526e-02   6.8130311e-02   6.1296679e-02   1.0793559e-01   1.9856483e-02   1.1263036e-01   1.1887856e-02   5.2906120e-02
   1.0107164e-01   1.2052884e-01   7.6959306e-03   2.6469109e-02   1.4116845e-02   6.4007738e-02   1.7555257e-02   4.4178786e-02   1.1996002e-01   4.7885079e-03   1.3248313e-02   4.6230702e-02   1.1303300e-02   6.4585057e-02   9.2024834e-05   2.7446621e-02   7.5708166e-02   1.2338395e-01   8.8812286e-02   2.8816913e-02
   1.0109167e-01   1.8842530e-02   4.4235083e-02   1.2687304e-01   2.4226110e-02   4.4384627e-02   1.0258711e-02   1.4583520e-01   1.8244355e-03   2.2341857e-02   1.9350980e-02   1.5193659e-01   1.3010319e-02   3.2151937e-02   2.1743682e-02   1.1912666e-01   4.3726634e-02   1.1455062e-02   2.9998505e-02   1.7586362e-02
   1.0123465e-01   4.7736995e-02   3.0019125e-02   5.0479335e-02   1.1681799e-02   5.3904551e-03   1.2728516e-01   7.6432749e-02   1.2344974e-02   5.3186173e-02   7.1132501e-02   9.4595732e-02   7.7685365e-02   9.2414306e-03   6.0685572e-02   4.9599310e-03   1.5069815e-02   5.0618832e-04   1.9450980e-02   1.3088106e-01
   1.0238326e-01   4.8504234e-03   4.4938518e-02   2.6454472e-02   8.2588291e-03   1.4131774e-02   1.7042028e-02   8.7281403e-02   1.6412784e-02   1.1798327e-03   3.4608427e-03   9.7270654e-02   3.4320023e-02   1.0332713e-01   7.3411814e-03   3.0832962e-02   1.4420178e-02   1.3374059e-01   1.4821321e-01   1.0413990e-01
   1.0324079e-01   1.7976091e-02   3.9649266e-02   4.4356975e-03   5.7636637e-02   1.1320103e-01   7.5596221e-02   3.4597059e-03   1.2488663e-02   5.4051390e-02   8.3645543e-02   5.1110089e-02   2.2564763e-02   3.5121555e-03   5.4289866e-02   1.2259326e-01   1.5148901e-02   5.0080341e-02   9.9208764e-02   1.6110830e-02
   1.0354957e-01   6.7058695e-02   3.0801154e-02   9.3972996e-02   7.1313219e-03   1.0003538e-01   1.3730777e-04   3.3205811e-02   7.9324328e-02   2.7709713e-02   8.4630653e-02   1.1917595e-02   1.1737810e-01   5.6207751e-04   6.4349344e-02   1.5666824e-02   2.2497306e-03   8.7188330e-03   5.9848482e-02   9.1752084e-02
   1.0492250e-01   9.4378786e-02   1.3822659e-02   5.8117600e-05   7.4120875e-02   9.4315534e-02   1.9463127e-02   1.0579828e-02   1.1752767e-01   3.0823033e-02   1.0664194e-01   1.1179474e-01   1.2575478e-01   6.1504304e-03   5.1428713e-04   7.9755872e-03   1.1986502e-03   3.7255354e-03   5.8895137e-02   1.7336784e-02
   1.0519100e-01   1.3015321e-02   2.8410662e-02   4.3071950e-02   4.4911325e-02   5.4440352e-02   5.7618599e-03   1.0655758e-01   3.5713655e-02   3.8619102e-03   1.7098507e-02   2.0940543e-02   7.7819331e-02   5.8545571e-02   1.0879377e-01   2.2011303e-02   7.1391662e-02   1.6609071e-02   7.9696308e-02   8.6158321e-02
   1.0607156e-01   9.9046422e-02   1.2580099e-01   2.0649063e-02   3.7216541e-02   2.0275584e-02   3.4585418e-03   1.0400291e-01   4.2644054e-02   2.4012764e-02   1.2349934e-03   1.3590727e-01   8.7042151e-02   3.0563293e-02   3.5581653e-02   4.0876703e-04   1.0303081e-02   3.7215047e-02   6.8947826e-02   9.6174842e-03
   1.0630565e-01   7.3066850e-02   7.8015757e-02   6.4128094e-03   9.3124461e-02   5.4088809e-02   2.6138636e-02   2.3251223e-02   7.4276228e-04   1.1485187e-01   1.0398147e-02   7.7523324e-02   6.6145351e-02   1.0218526e-02   3.1493915e-03   5.5747522e-02   2.1594112e-02   9.5588092e-02   6.5179836e-02   1.8456871e-02
   1.0650574e-01   1.7485759e-02   4.6458268e-02   7.3391337e-04   7.7137858e-02   3.3999331e-02   7.0513188e-03   8.3038304e-02   3.8819716e-02   9.2412156e-02   8.3950817e-02   5.5660040e-02   7.1983406e-02   2.5604859e-03   5.6565630e-03   4.6674361e-02   1.1812573e-01   2.0635136e-02   8.2848965e-03   8.2826198e-02
   1.0699818e-01   1.0362350e-01   5.8747120e-02   1.0000387e-01   1.4403145e-02   1.0592163e-01   8.1125524e-02   2.8807602e-02   1.0702507e-03   6.3385946e-02   8.2881640e-02   5.0501306e-02   4.4584423e-02   4.0083599e-02   1.2422341e-02   3.9967579e-03   1.2546681e-02   8.0253409e-02   6.8607256e-03   1.7823387e-03
   1.0702882e-01   3.1229147e-02   2.8764059e-02   1.0722735e-03   4.4154895e-03   1.0929386e-01   1.1946106e-01   9.5281329e-02   1.4962364e-03   2.7275389e-02   8.2209571e-02   1.3245725e-01   4.7898455e-02   1.6051180e-02   4.0673316e-04   8.8471552e-03   8.0742003e-04   1.1906710e-01   3.1757274e-02   3.5180199e-02
   1.0712376e-01   8.6132207e-02   2.9040539e-02   5.9204193e-02   1.8718580e-03   3.8720719e-02   1.3977431e-01   1.2720612e-01   1.7381538e-03   3.5110707e-02   4.1983100e-03   3.4174778e-02   5.6690555e-03   2.7462830e-02   6.1450423e-02   2.9307947e-02   1.3260777e-01   2.1392662e-04   3.3773666e-02   4.5218740e-02
   1.0812576e-01   1.3303455e-01   9.8418990e-03   1.5089410e-03   6.9659024e-02   3.5358768e-03   3.8016306e-02   3.2611144e-02   2.0269357e-02   5.4772308e-02   4.3128688e-02   3.2205756e-03   5.8330706e-03   6.1055808e-02   4.8736543e-02   1.1526508e-01   8.7833881e-04   1.2967884e-01   1.0970227e-01   1.1125625e-02
   1.0883918e-01   1.7948395e-02   1.7762251e-02   1.7008219e-02   5.4630997e-02   1.0562169e-02   7.1235163e-02   3.3747790e-03   1.4874917e-02   2.6498114e-02   9.9070165e-02   9.0186313e-03   1.3414008e-02   1.0919106e-01   1.0664417e-01   3.6100525e-02   9.2142371e-02   1.1647174e-03   1.0743370e-01   8.3086455e-02
   1.0889708e-01   3.7848688e-03   4.2214394e-02   8.7840663e-03   1.1048260e-02   1.0832204e-01   3.2858450e-02   1.1487218e-01   2.2962570e-02   1.0195774e-01   1.9024321e-02   1.0851687e-01   9.6197015e-02   1.0471369e-02   8.4126961e-02   1.9021891e-03   1.0261471e-02   3.5387418e-02   3.7229168e-02   4.1181572e-02
   1.0923344e-01   3.6720939e-03   1.0175305e-01   1.2507826e-03   9.7414452e-04   9.0292788e-02   9.7495120e-02   8.3480262e-02   1.0317577e-03   1.0267867e-01   3.9533932e-02   3.8840426e-02   2.3616709e-02   1.0698962e-01   1.0150868e-03   5.0888779e-03   7.1553736e-02   5.5737971e-02   3.9473346e-02   2.6288184e-02
   1.0924789e-01   1.0047544e-01   1.2664443e-02   6.7466915e-02   8.8318695e-02   1.6531444e-02   1.5699167e-02   7.5563273e-02   1.0255500e-02   9.0925235e-03   8.4694583e-02   4.5831005e-02   2.6363694e-03   6.3101764e-03   1.0665310e-01   3.6285849e-02   7.9112532e-02   1.0054276e-01   2.7450219e-02   5.1681087e-03
   1.1079188e-01   1.8419614e-03   2.5923851e-03   1.0697734e-01   9.8387647e-03   1.3938382e-02   3.8619013e-04   7.2556891e-02   6.5988149e-02   1.0795193e-02   1.0971403e-01   1.9068599e-02   7.7398681e-02   1.8899727e-03   8.8051647e-02   5.3705501e-02   5.5708727e-02   5.4440740e-02   1.1636257e-01   2.7952401e-02
   1.1091967e-01   5.5893196e-02   9.9634848e-02   1.0640091e-01   6.0990852e-02   1.4405975e-02   3.0459360e-02   8.9109842e-03   1.7265382e-02   1.8094846e-02   7.0749567e-02   5.7717914e-04   1.8057824e-02   1.1227626e-01   7.3027533e-02   2.2036962e-02   1.1955058e-01   9.4428243e-03   4.3245540e-02   8.0597032e-03
   1.1113136e-01   4.7457452e-02   1.7449266e-02   2.7444776e-02   1.4505798e-01   2.2634909e-02   4.5272992e-02   3.9435251e-02   3.6655738e-03   1.1700143e-01   1.3126293e-01   1.7026765e-03   1.2294790e-02   3.2793004e-03   8.1466698e-03   5.4812985e-02   2.5083336e-02   2.2133443e-02   9.4823192e-02   6.9909692e-02
   1.1260975e-01   7.5589232e-02   2.1776282e-02   2.1832978e-02   1.1323106e-02   2.8268283e-03   1.0286793e-01   1.8648528e-02   5.9761451e-02   1.2453996e-01   8.9543500e-02   1.3405224e-03   4.1468257e-03   5.7292121e-02   5.6440680e-02   2.0297293e-02   2.8250975e-02   1.8094113e-02   6.0162982e-02   1.1265495e-01
   1.1323605e-01   7.2848392e-02   5.5294375e-02   3.2826198e-02   9.5854091e-02   1.4443839e-02   3.2638721e-02   5.9641461e-02   9.8282633e-02   4.7588894e-02   3.8157082e-03   4.4282687e-03   3.6557887e-02   1.3124882e-01   1.8403795e-02   2.6104023e-03   9.5770763e-02   4.0261814e-03   7.4488693e-02   5.9948249e-03
   1.1331727e-01   3.6292212e-02   4.5711671e-02   7.3374693e-02   1.2947945e-01   6.2168364e-02   5.7746871e-03   7.2589035e-03   1.1912921e-01   5.2868622e-03   7.3349632e-02   1.1477183e-01   3.3855482e-04   5.1542993e-02   8.5979204e-03   3.7583400e-03   2.4539085e-02   8.7832476e-02   1.1314441e-02   2.6161403e-02
   1.1352780e-01   7.0198741e-03   6.4555434e-04   3.2672249e-03   1.7893991e-02   4.3360823e-02   1.0920955e-01   4.7513449e-02   8.1222583e-02   3.7568932e-02   1.6790269e-02   4.8377678e-02   8.1717925e-02   3.2895028e-02   1.0805234e-01   3.0684904e-02   1.1255240e-01   3.4410760e-03   7.1753500e-03   9.7083256e-02
   1.1435970e-01   2.1793822e-02   1.0555133e-01   3.5568799e-02   1.2991082e-01   1.4172236e-02   1.3588214e-01   2.9753299e-02   2.7210863e-02   7.3875820e-02   1.2993638e-03   2.1132542e-02   5.4931525e-03   7.6799446e-02   4.9198162e-03   4.1099622e-03   1.2032792e-02   2.1090342e-02   1.0226988e-01   6.2773871e-02
   1.1459331e-01   5.0997459e-02   8.9334055e-03   8.9375703e-02   1.0724251e-01   1.9928366e-02   1.1224022e-02   1.5409604e-03   2.1656741e-02   2.1136146e-02   2.7549873e-02   7.4882346e-02   4.9040023e-02   1.2179834e-01   3.3276415e-02   4.2480530e-03   1.3389696e-02   1.2036150e-02   9.6893091e-02   1.2025738e-01
   1.1473001e-01   8.7970812e-02   1.0677953e-01   2.1354280e-02   3.3876274e-02   8.6581974e-02   1.4331170e-02   1.0529787e-02   1.6874970e-02   1.7413110e-02   8.7125040e-02   1.5354752e-03   5.0331062e-03   1.1784904e-02   5.4310257e-03   1.0834922e-01   1.1548633e-01   1.0589252e-01   1.9484039e-02   2.9436426e-02
   1.1511706e-01   6.7827552e-04   2.0160333e-02   1.2118816e-01   1.2857615e-02   1.9008633e-02   4.7001033e-02   1.0558110e-02   4.7724612e-03   5.5833040e-02   2.1872729e-02   1.1902944e-01   1.9055598e-02   2.1654684e-02   1.4589140e-02   6.7719236e-02   1.2077736e-01   1.2306692e-01   7.0750818e-02   1.4309358e-02
   1.1523718e-01   1.0548152e-01   6.0840767e-02   1.9994314e-02   7.7902404e-02   1.6196552e-02   1.3270724e-02   1.4876137e-02   1.2968286e-02   5.3870123e-02   3.0202868e-03   1.2081394e-01   4.7138718e-04   5.0333648e-02   1.0240097e-01   2.4716402e-02   4.5214870e-02   3.6243783e-03   7.7161806e-02   8.1604313e-02
   1.1546853e-01   4.3171157e-02   1.7890259e-02   2.8417148e-02   1.1759572e-01   2.2853714e-02   1.5899422e-02   1.5572161e-02   5.7870623e-02   1.5187630e-01   2.8580779e-02   5.8279699e-02   3.8207702e-02   1.4846733e-01   9.0814879e-03   2.6453584e-02   1.4344933e-02   4.9089124e-04   1.8981128e-02   7.0497436e-02
   1.1643638e-01   9.7415407e-02   3.4657932e-02   7.3919083e-02   2.0777334e-02   1.3985707e-02   9.0270079e-02   1.8682721e-02   9.5690648e-02   2.4203072e-02   1.2569974e-02   8.9251249e-02   1.5207111e-02   3.5975749e-02   1.1339706e-01   1.1924287e-03   5.0807736e-02   4.8934258e-02   2.2484141e-03   4.4377655e-02
   1.1802333e-01   3.6284282e-02   7.9086114e-02   1.8187969e-02   9.6825023e-02   1.0899542e-01   3.1511867e-02   1.0090452e-01   4.9784692e-02   7.5517182e-03   1.0076316e-01   1.7545679e-03   8.0973496e-02   1.4325010e-02   6.6215341e-02   1.4782217e-03   1.1933529e-02   1.7773184e-02   6.5919697e-03   5.1036582e-02
   1.1838996e-01   8.5409678e-02   1.1028303e-03   2.0051026e-02   4.8169430e-02   8.3836163e-02   9.7439499e-02   5.3234440e-02   1.4728338e-02   6.9485797e-03   1.0837665e-01   1.9584573e-03   1.2967669e-02   1.1355455e-02   1.1703385e-03   3.0805763e-02   8.3176405e-02   6.5000466e-02   1.1665352e-01   3.9225332e-02
   1.1918562e-01   1.6325091e-02   2.2357857e-02   3.9589952e-03   2.6427493e-02   3.9717078e-02   2.2182678e-02   1.1403949e-02   9.8515880e-02   1.1050016e-03   6.0862564e-02   1.1243875e-01   6.5050838e-02   7.6914483e-02   1.4053958e-01   4.1262277e-03   1.3016146e-01   2.5478820e-02   2.3192752e-02   5.4881343e-05
   1.2026792e-01   1.1600921e-01   6.1961167e-02   3.9073907e-02   9.8295524e-02   4.1655906e-02   8.8693438e-03   7.3217635e-02   6.2713944e-02   4.2131212e-02   1.4189605e-02   8.5471504e-03   1.2516675e-01   6.9964742e-03   1.4755760e-02   1.1732741e-01   2.0755000e-03   7.5181474e-04   1.4472038e-03   4.4546552e-02
   1.2133063e-01   4.4197303e-02   1.3504303e-01   1.8801415e-02   1.4037226e-02   7.2446735e-03   7.2867378e-02   1.2671156e-02   6.8776859e-02   3.4817144e-02   1.1309459e-02   3.6693388e-02   1.1844513e-01   8.4018234e-02   4.2679100e-02   1.1547300e-02   2.9070054e-03   1.7527195e-02   3.6942505e-02   1.0814386e-01
   1.2153508e-01   1.1190613e-03   1.2494482e-01   3.3148908e-02   8.5654312e-02   1.1748315e-02   5.9755675e-03   1.7754056e-03   1.0989909e-01   7.8372622e-02   1.1052976e-02   7.4148994e-02   1.2010518e-03   2.3413940e-02   1.4444273e-01   7.1615397e-03   1.8096646e-02   1.2528952e-03   4.6208322e-02   9.8847735e-02
   1.2230076e-01   3.1504226e-02   7.3527904e-02   7.5495490e-03   8.1549015e-02   6.1846262e-03   9.2613589e-02   1.9418667e-02   7.8398931e-02   1.2546281e-02   1.1326355e-01   2.4714705e-02   4.2479152e-03   3.2901220e-02   1.2358949e-01   3.5896081e-03   3.0137468e-02   8.3481441e-02   1.9010388e-02   3.9470662e-02
   1.2313872e-01   4.8655658e-02   2.1982757e-02   5.6518191e-02   1.4325108e-02   2.8990825e-03   4.3981561e-02   1.1884178e-01   8.1185279e-02   1.1339363e-01   2.1081244e-02   1.0522330e-01   1.4882247e-02   5.4162794e-02   1.3890560e-02   1.7658550e-03   8.9251749e-03   4.8336259e-02   8.0225408e-02   2.6585389e-02
   1.2692881e-01   8.5481326e-04   8.9733474e-02   3.6318604e-02   1.1355865e-01   5.6330002e-02   1.2037524e-01   2.7397861e-03   1.0520779e-03   3.3798001e-02   3.7480274e-03   4.3135192e-02   3.4280203e-02   3.4630896e-03   1.0564615e-01   3.3534982e-03   1.1007365e-01   6.4198667e-02   4.9294231e-02   1.1178327e-03
   1.2788879e-01   3.9542444e-02   7.7139891e-02   1.0053024e-01   3.5405399e-02   2.1589655e-02   2.1066445e-02   4.6386632e-04   9.3063195e-03   4.9603278e-02   1.1768985e-01   1.0666928e-01   3.0463304e-02   4.5028095e-02   4.4777149e-02   6.9418889e-03   2.5802506e-02   2.9918011e-03   9.5976019e-02   4.1123782e-02
   1.2886861e-01   1.0971049e-03   4.4575989e-02   1.2114521e-01   2.2276972e-02   7.9203960e-04   1.0589237e-02   5.1217208e-02   1.8951296e-02   1.1157685e-03   1.1701343e-01   9.1815426e-03   2.6586225e-02   5.4004066e-02   1.6810504e-02   4.6745876e-02   9.9641632e-02   1.1665189e-01   1.5361138e-02   9.7374265e-02
   1.2945721e-01   1.1052314e-01   4.8362248e-02   1.0717396e-03   1.6477996e-02   1.3753991e-02   4.7134213e-02   6.3857816e-03   4.8027329e-02   8.7971956e-03   1.2217831e-01   4.0770759e-02   1.2764865e-01   2.6994440e-02   1.1766807e-02   1.9536919e-02   1.2405385e-01   3.1705629e-02   1.6745931e-03   6.3679193e-02
   1.3198278e-01   3.8637204e-02   2.3352864e-02   1.8050005e-02   1.2098712e-02   1.0393123e-03   5.9111341e-02   1.0335860e-01   3.8532232e-02   2.3127086e-02   2.4542290e-02   1.2937301e-02   1.0353372e-02   6.9861829e-03   1.1515040e-01   7.9792388e-02   5.2487447e-02   1.4001195e-01   1.8717003e-02   8.9731534e-02
   1.3328969e-01   1.8032027e-02   3.7127970e-02   1.5110347e-01   6.2743814e-04   1.4840276e-02   1.6640751e-02   7.3655782e-03   3.3936220e-02   8.0475762e-03   2.2178574e-02   1.1757645e-02   1.5994217e-01   1.5298579e-01   5.3304962e-02   3.9283084e-03   3.4918297e-02   7.0273072e-02   6.2034536e-02   7.6656573e-03
   1.3361288e-01   4.2719443e-03   8.6512269e-03   8.4648908e-02   9.6693516e-02   2.9197387e-02   6.6924057e-02   4.2707997e-03   9.5784585e-03   4.2719317e-02   1.3282311e-01   1.3304537e-02   5.6162844e-02   2.3107256e-02   2.4339619e-02   1.1391245e-01   4.8178938e-02   2.3186174e-02   4.1248572e-03   8.0291717e-02
   1.3487958e-01   6.7352798e-02   5.4338141e-02   3.5926414e-02   2.7618401e-02   3.4862343e-02   7.1485295e-02   1.4875819e-01   7.1199942e-02   1.2042841e-02   1.6399030e-02   2.0008449e-02   9.9132150e-03   2.6310155e-02   2.2416412e-02   7.8359256e-02   1.3259869e-02   5.7419376e-03   1.3969598e-02   1.3515814e-01
   1.3613713e-01   1.8480081e-02   9.6930273e-03   1.1038869e-01   2.6757772e-02   5.1262930e-03   2.9785755e-02   1.6503205e-02   6.6849158e-02   1.0116293e-01   3.2758344e-02   1.4853368e-02   1.5912622e-03   1.3551945e-01   3.6365157e-02   7.0335915e-02   2.8369101e-02   1.2042641e-01   2.8140147e-02   1.0756799e-02
   1.3950078e-01   8.0283617e-02   4.9564399e-02   1.5432172e-02   1.4636136e-01   1.0199545e-01   1.2969127e-01   4.8902317e-02   1.6968524e-02   1.7041594e-02   9.5624476e-03   2.9497114e-02   1.8674515e-02   2.0534190e-04   9.4575136e-02   3.7531129e-02   6.6511536e-04   1.9064392e-02   4.3558582e-02   9.2475116e-04
   1.4259598e-01   2.0712078e-02   7.2609459e-03   1.8419237e-02   1.7622322e-02   1.1082537e-01   1.0880994e-02   6.0623912e-02   1.0024009e-02   3.9088599e-02   1.0917739e-02   1.0300707e-01   1.1711718e-01   9.0914134e-02   7.7005146e-03   1.1787106e-03   1.8887376e-02   1.7614488e-02   1.6008994e-01   3.4519398e-02
   1.5346699e-01   1.8110323e-02   1.7307266e-02   1.3845813e-04   1.2569229e-01   1.4371954e-02   3.3174568e-02   1.6468210e-01   4.7961896e-02   5.0066460e-02   2.4784005e-02   6.0367745e-03   4.7740363e-02   9.8388347e-02   8.6757864e-02   2.8660833e-02   6.0921577e-03   1.4953478e-02   1.4676562e-02   4.6937306e-02
   1.0000000e+00   0.0000000e+00   0.0000000e+00   0.0000000e+00   0.0000000e+00   0.0000000e+00   0.0000000e+00   0.0000000e+00   0.0000000e+00   0.0000000e+00   0.0000000e+00   0.0000000e+00   0.0000000e+00   0.0000000e+00   0.0000000e+00   0.0000000e+00   0.0000000e+00   0.0000000e+00   0.0000000e+00   0.0000000e+00
